0.652389 3.43514
0.121217 3.76852
0.785915 2.50535
0.159119 3.68216
0.0422371 3.94139
0.789651 2.48668
0.0154447 3.98232
0.758156 2.66616
0.745014 2.75351
0.131918 3.74318
0.655765 3.41149
0.195536 3.61612
0.18894 3.62627
0.74175 2.77608
0.0225331 3.97272
0.672587 3.28991
0.662532 3.36328
0.731946 2.84561
0.829367 2.34185
0.00798521 3.99141
0.0544371 3.91884
0.728679 2.86928
0.202459 3.60649
0.0832043 3.85803
0.182605 3.63685
0.771653 2.58345
0.801416 2.43315
0.115883 3.78126
0.0887719 3.84532
0.0358788 3.95222
0.835124 2.32987
0.0603564 3.90713
0.73849 2.79892
0.237047 3.57617
0.782245 2.52445
0.63863 3.52816
0.708989 3.01565
0.142666 3.7183
0.712275 2.9909
0.217786 3.58922
0.70568 3.04065
0.645539 3.48216
0.635139 3.55082
0.809916 2.39981
0.682543 3.21571
0.679233 3.24051
0.805589 2.41621
0.648975 3.45874
0.718852 2.94167
0.84154 2.31944
0.137284 3.73066
0.764838 2.62424
0.797404 2.45048
0.0942783 3.83255
0.778652 2.54383
0.702367 3.06574
0.0775801 3.87062
0.659152 3.3875
0.75485 2.68756
0.793466 2.46842
0.715552 2.96631
0.685844 3.19087
0.0718993 3.88302
0.110533 3.79405
0.775118 2.56354
0.0484172 3.93025
0.725429 2.89304
0.665892 3.33897
0.768232 2.60366
0.751555 2.70928
0.0661575 3.89521
0.675913 3.26526
0.689151 3.1659
0.699052 3.09088
0.164759 3.67051
0.849079 2.31117
0.735219 2.82213
0.105146 3.80689
0.170544 3.65903
0 4
0.251145 3.5732
0.0997339 3.81973
0.642098 3.50526
0.722149 2.91721
0.824074 2.35499
0.226664 3.58195
0.153553 3.69406
0.669246 3.31449
0.176494 3.64777
0.695746 3.11595
0.148083 3.7061
0.126561 3.75581
0.814409 2.3841
0.209832 3.59746
0.748285 2.73122
0.819111 2.36913
0.692447 3.14096
0.761487 2.64503
0.859348 2.307
0.0293617 3.96262
