0.54807 0.836432 4.51278e-17
0.596773 0.675508 0.433072
0.505556 0.713223 0.485517
0.701463 0.667081 0.250903
0.676022 0.629626 0.382837
0.930934 0.256308 0.260132
0.296984 0.432834 0.851149
0.800248 0.50343 0.325825
0.722373 0 0.691504
1.83505e-17 0.299687 0.954038
3.44907e-17 0.563276 0.826269
0.672883 0 0.739749
0.88366 0.468129 0
0.846222 0.53283 0
1.22601e-17 0.200223 0.97975
4.61101e-17 0.753036 0.65798
0.945817 7.22576e-17 0.324701
0.768384 5.87023e-17 0.639989
0.339841 0 0.940483
3.11829e-17 0.509255 0.860616
0.752151 0.590081 0.293383
0.596462 0.538041 0.595604
0.795573 0.304038 0.524047
0.31604 0.948746 0
0.293436 0.807937 0.511012
0.466918 0.441873 0.765987
0.609597 0.792711 0
0.556897 0 0.830582
0.279906 0.881904 0.379338
0.515948 0.295099 0.804185
0.917951 0.396695 0
0.403891 0.914807 0
0.277665 0.585478 0.761655
4.3602e-17 0.712075 0.702103
5.76731e-17 0.941874 0.335967
0.664888 0.746943 0
0.21147 0.977384 0
0.424983 0.848978 0.314047
0.914693 6.98798e-17 0.40415
5.34411e-17 0.87276 0.48815
0.480843 0.876807 4.51278e-17
4.09223e-17 0.668312 0.743881
0.807336 0 0.590092
0.426067 0.358596 0.830588
0.516002 0.813852 0.267185
0.548748 0.631603 0.54768
5.56095e-17 0.908172 0.418596
0.97784 0.209354 0
4.87461e-17 0.796085 0.605185
3.78015e-17 0.617345 0.786692
0.810466 0.585785 0
0.843803 0 0.536652
0.767955 0.640504 0
0.856351 0.264788 0.443339
2.33102e-17 0.380685 0.924705
0.827336 0.390895 0.40338
0.617204 0 0.786803
0.53744 0.497552 0.680882
0.880874 6.72961e-17 0.473351
0.261744 0.766416 0.586597
0.949657 0.313292 0
0.55943 0.754267 0.343686
0.484965 0.591005 0.644611
0.495218 0 0.868769
0.73477 0.34555 0.583702
0.345369 0.831785 0.434574
1 0 0
5.94872e-17 0.971499 0.237043
0.71832 0.695713 0
0.634322 0.717257 0.288406
0.632449 0.331227 0.700212
0.560223 0.397004 0.727006
0.421217 0.543193 0.726304
0.238512 1.82216e-17 0.97114
0.252267 0.352673 0.901101
0.690098 0.482063 0.539796
0.641965 0.584302 0.496459
6.12323e-17 1 0
0.459372 0.784031 0.417459
0.34372 0.63333 0.693361
0.59283 0.25539 0.76376
0.649712 0.428109 0.62817
0.366009 0.897937 0.244431
5.12284e-17 0.836624 0.547778
0.764685 0.437411 0.47321
0.889625 0.318311 0.327484
0.396155 0.742387 0.540299
0.383179 0.28049 0.880057
0.439386 0.670569 0.597727
0.973093 6.88309e-17 0.230413
2.76634e-17 0.451777 0.892131
0.699069 0.274111 0.660428
0.725478 0.540008 0.426701
0.4246 0 0.905381
0.28558 0.237526 0.928453
0.245157 0.928545 0.278752
0.860601 0.433564 0.267185
5.03752e-17 3.48101e-17 1
0.336679 0.497653 0.799367
0.306068 0.700424 0.644771
