1.16169 0.156206
7.65404e-17 1.25
0.332265 1.04012
0.12867 1.17856
1.25 0
0.989796 0.396525
0.584562 0.825626
0.188898 1.14092
0.909321 0.492094
0.610294 0.801419
1.18191 0.123086
0.749311 0.664418
0.247431 1.10169
1.11009 0.235224
1.05648 0.310456
0.558718 0.84955
1.07819 0.280735
0.203663 1.13128
0.400351 0.986701
1.14126 0.188378
1.04554 0.325103
0.597447 0.813552
0.978491 0.410437
0.113255 1.18776
0.232939 1.11165
1.15152 0.172386
0.967108 0.42427
0.861334 0.545827
1.19189 0.106217
0.824459 0.585811
0.440497 0.953579
0.571676 0.837604
0.519633 0.884959
0.0334222 1.23259
0.0497505 1.22379
0.0976501 1.19688
0.386868 0.997558
0.83686 0.572479
1.02338 0.354097
0.673818 0.740101
0.413765 0.975765
0.897484 0.505545
1.03448 0.339668
0.359717 1.01901
0.635833 0.777029
0.493463 0.908122
0.774471 0.63849
0.623083 0.789251
0.545678 0.861469
0.873471 0.53243
0.921049 0.478628
0.812059 0.599033
0.304453 1.06092
0.9557 0.437968
1.17183 0.139763
0.7242 0.689935
0.346028 1.02961
1.09955 0.250524
1.13094 0.204171
1.06737 0.295657
0.849149 0.559154
0.159024 1.15994
1.22132 0.0542802
0.0819191 1.20591
0.885537 0.518986
0.699042 0.715154
1.08891 0.265692
0.787027 0.62541
0.290378 1.07122
0.143921 1.16929
1.21156 0.0718926
0.26186 1.09161
0.686428 0.727671
1.24054 0.0183371
0.373315 1.00833
0.761903 0.651488
0.932689 0.46512
0.453779 0.942363
0.318408 1.05056
1.23099 0.0364204
1.20175 0.0892021
0.661195 0.752458
0.016845 1.24132
0.467082 0.931006
0.648537 0.764765
0.944232 0.451577
1.00105 0.382499
0.174043 1.15046
0.480296 0.919603
0.532679 0.873247
0.736772 0.677203
1.12055 0.219786
1.01224 0.368362
0.427167 0.964707
0.799567 0.612247
0.276187 1.08145
0.506551 0.896595
0.065973 1.21487
0.711616 0.702592
0.218349 1.12151
