0.618156 0.69381 0.548691
0.64918 0.72863 0.460667
0.685335 0.76921 0.321219
0.707323 0.793889 0.184351
0.739186 0.658584 0.429444
0.217443 0.193733 1.0391
0.0695935 0.0781107 1.07406
0.270526 0.303634 0.999586
0.805733 0.717875 2.83348e-17
0.287498 0.322684 0.988823
0.634482 0.565297 0.665148
0.502292 0.447522 0.843787
0.60712 0.681423 0.575863
0.559996 0.628531 0.675206
0.176707 0.198333 1.04594
0.296763 0.264404 1.00328
0.595735 0.668644 0.602134
0.673106 0.59971 0.593149
0.775248 0.750694 3.10891e-17
0.647654 0.577034 0.641971
0.258494 0.230308 1.0221
0.748589 0.666962 0.399158
0.486497 0.433449 0.860228
0.789155 0.703105 0.217779
0.437889 0.390141 0.905867
0.315686 0.281263 0.992867
0.578198 0.515151 0.75157
0.563438 0.502001 0.771416
0.320007 0.359171 0.965993
0.713182 0.800465 0.123199
0.534881 0.600342 0.719751
0.333935 0.297522 0.982099
0.766165 0.682622 0.334019
0.468383 0.525706 0.817803
0.757586 0.674978 0.367448
0.606901 0.540724 0.709817
0.708081 0.630871 0.51495
0.782117 0.696834 0.259356
0.366825 0.411719 0.927619
0.572135 0.642156 0.651803
0.729268 0.649748 0.458853
0.639243 0.717477 0.491065
0.470459 0.41916 0.876084
0.386905 0.344716 0.946586
0.517931 0.461455 0.826654
0.548522 0.488711 0.790466
0.440329 0.494219 0.852296
0.119681 0.106631 1.06717
0.508714 0.570974 0.761413
0.421235 0.375303 0.919923
0.148445 0.132259 1.06067
0.521924 0.585799 0.740935
0.58405 0.655529 0.62747
0.397029 0.44562 0.899078
0.495458 0.556095 0.780916
0.795586 0.708835 0.170726
0.100021 0.0891143 1.0708
0.65881 0.739439 0.428661
4.81529e-17 4.52511e-17 1.07914
0.738147 0.738508 0.272571
0.717875 0.805733 3.10891e-17
0.277793 0.247502 1.01298
0.592673 0.528048 0.731064
0.685134 0.610427 0.567909
0.351618 0.313277 0.970965
0.426237 0.478403 0.868334
0.696808 0.620828 0.541832
0.216344 0.242822 1.02897
0.173741 0.154796 1.05376
0.303911 0.341105 0.977668
0.69324 0.778083 0.280278
0.381854 0.428588 0.913811
0.128239 0.143933 1.06179
0.547566 0.61458 0.697864
0.454535 0.510164 0.835273
0.481889 0.540865 0.799874
0.750341 0.775589 3.10891e-17
0.23498 0.263738 1.01969
0.668106 0.749872 0.394813
0.238186 0.212214 1.03091
0.252919 0.283873 1.00995
0.196774 0.220856 1.03781
0.628849 0.705811 0.520509
0.533321 0.475167 0.80891
0.404226 0.360149 0.933512
0.620863 0.553164 0.687815
0.718907 0.640517 0.487299
0.774401 0.68996 0.298007
0.0462487 0.0519088 1.0769
0.454262 0.404729 0.891286
0.700627 0.786373 0.235138
0.660549 0.588522 0.617954
0.411753 0.462146 0.883986
0.676929 0.759776 0.359246
0.369526 0.329233 0.958961
0.195946 0.17458 1.04675
0.801214 0.713849 0.114127
0.335783 0.376878 0.953815
0.351577 0.394605 0.940867
0.15359 0.172388 1.05416
