0.815793 0.303122 0.492544
5.04229e-17 0.823468 0.567363
0.567501 0 0.823373
1.22906e-17 0.200721 0.979648
3.07613e-17 0.502369 0.864653
0.787302 0.432362 0.439566
0.621664 0.783284 0
0.451031 0.685452 0.5716
0.481778 0.876293 0
0.36333 0.64981 0.667636
0.766131 0.271457 0.582542
0.324166 0.423968 0.845675
0.950411 2.96439e-323 0.310995
0.289415 0.524517 0.8007
0.231824 0 0.972758
4.30131e-17 0.702457 0.711726
0.29963 0.954056 0
0.516078 0 0.856542
0.4257 0.477852 0.768399
0.407613 0.760382 0.505639
5.68491e-17 0.928417 0.37154
0.457185 0.541797 0.705293
1.83467e-17 0.299625 0.954057
4.79641e-17 0.783313 0.621627
0.842669 0.538433 0
5.85077e-17 0.955503 0.294981
0.613954 0.549945 0.566234
0.429331 0.903147 0
0.664515 0 0.747275
6.12323e-17 1 0
0.461666 0.35723 0.811943
0.663779 0.747929 0
0.873049 0.487632 0
0.501899 0.601108 0.621906
0.893588 0 0.448888
4.0376e-17 0.65939 0.751801
0.292385 0.913918 0.281539
0.45873 0.80395 0.37846
0.672344 0.586926 0.451078
1 0 0
0.923449 0 0.383722
0.54411 0.318941 0.776029
0.583376 0.408061 0.702253
0.904623 0.426213 0
0.810246 0.586089 0
0.576861 0.816842 0
0.74116 0.671328 0
0.61684 0.662901 0.424348
0.51725 0.722838 0.458211
0.31927 0.596936 0.736026
5.27045e-17 0.86073 0.509062
0.605643 0.738541 0.296232
2.71725e-17 0.44376 0.896146
0.727674 0.614772 0.304214
0.290952 0.288547 0.912188
0.749481 1.34264e-122 0.662026
0.710144 0 0.704056
0.690087 0.324866 0.646716
0.563968 0.637217 0.525258
0.912455 0.278607 0.299672
0.40701 0.85888 0.310916
3.75534e-17 0.613294 0.789855
0.631488 0.280329 0.722937
0.368123 0.929777 0
0.391109 0.302881 0.869078
0.708097 0.499432 0.499166
0.761772 0.538812 0.3597
2.30276e-17 0.37607 0.926591
0.981488 0.191522 0
0.824486 0.474404 0.308486
0.312537 0.723754 0.615224
4.55688e-17 0.744195 0.667962
5.48753e-17 0.896182 0.443687
3.4289e-17 0.559981 0.828505
0.457283 0 0.889321
0.328609 0.829256 0.452053
0.790649 2.40774e-204 0.61227
0.653034 0.449057 0.609832
0.219919 0.975518 0
0.776661 0.629919 0
6.00301e-17 0.980366 0.197188
0.530609 0.847617 0
0.277557 0.791605 0.544357
0.879513 0.393065 0.268249
0.665208 0.676801 0.31534
1.33822e-17 5.97521e-17 1
0.862471 8.2073e-22 0.506107
0.703642 0.710555 1.47629e-232
0.829031 0 0.559203
0.737703 0.394655 0.54776
0.958139 0.286303 0
0.974202 7.50555e-226 0.225677
0.55316 0.503526 0.663684
0.318229 0 0.948014
0.85706 0.329118 0.396396
0.615541 0 0.788105
0.54142 0.777038 0.321054
0.267344 0.879425 0.393877
0.933493 0.358596 0
0.392129 0 0.91991
