0.934903 0.354903
0.800272 0.599637
0.558987 0.829176
6.12323e-17 1
0.707435 0.706778
0.732431 0.680842
0.536211 0.844084
0.778772 0.627307
0.612953 0.79012
1 0
0.228142 0.973628
0.944489 0.328542
0.841332 0.540519
0.209571 0.977793
0.16927 0.98557
0.924824 0.380395
0.0644266 0.997922
0.488796 0.872398
0.0965129 0.995332
0.643137 0.765751
0.756234 0.654302
0.512836 0.858487
0.977582 0.210553
0.425728 0.904851
0.296725 0.954963
0.834661 0.550763
0.919573 0.39292
0.412548 0.910936
0.973925 0.226871
0.854421 0.519582
0.602504 0.798116
0.547676 0.83669
0.860844 0.508868
0.970137 0.242558
0.9142 0.405263
0.385507 0.922705
0.748422 0.663223
0.807304 0.590136
0.953546 0.301249
0.263658 0.964616
0.763848 0.645396
0.885659 0.464337
0.827902 0.560873
0.327831 0.944737
0.814225 0.580549
0.891612 0.452801
0.724264 0.689523
0.246246 0.969207
0.984414 0.175869
0.771304 0.636467
0.189984 0.981787
0.63325 0.773948
0.438679 0.898644
0.357346 0.933972
0.93978 0.341779
0.464076 0.885795
0.591911 0.806003
0.966211 0.257754
0.821083 0.570809
0.689901 0.723904
0.95788 0.287169
0.581082 0.813845
0.715944 0.698157
0.793204 0.608956
0.903159 0.429305
0.908732 0.417381
0.680933 0.732346
0.652872 0.757468
0.8796 0.475714
0.786045 0.61817
0.476554 0.879145
0.897446 0.441124
0.66235 0.749194
0.371594 0.928395
0.993406 0.114647
0.280452 0.959868
0.451465 0.892289
0.995961 0.0897907
0.123263 0.992374
0.500909 0.8655
0.847918 0.530128
0.990601 0.136786
0.399174 0.916875
0.34279 0.939412
0.623165 0.78209
0.929922 0.367757
0.570127 0.821557
0.671715 0.740809
0.873444 0.486925
0.949075 0.31505
0.981077 0.193617
0.998207 0.0598589
0.740532 0.672021
0.312479 0.949925
0.698704 0.715411
0.987601 0.156985
0.867179 0.497997
0.147255 0.989099
0.96214 0.272556
0.524637 0.851326
