0.465489 0.795453 0.388038
0.776233 0.567962 0.273647
5.56939e-17 0.909551 0.415593
0.575856 0 0.817551
0.946046 0.324032 2.58774e-17
0.597125 0.68781 0.412746
0.677681 0.671288 0.300201
0.704442 0.274026 0.65473
0.614936 0.536427 0.578014
0.810443 0.278398 0.515439
0.628407 0.732367 0.262189
0.746196 0.335395 0.575067
0.504025 0.42384 0.752541
4.17632e-17 0.682045 0.73131
5.95045e-17 0.971783 0.235877
0.98027 4.22532e-17 0.197664
5.14072e-17 0.839544 0.543292
0.542838 0.839838 4.38778e-17
0.458074 0.533802 0.710791
0.404618 0.6274 0.665322
0.457668 0.338733 0.82207
5.35837e-17 0.875088 0.483965
0.973231 0.22983 2.58774e-17
0.599234 0.800574 4.38778e-17
0.656292 0.754507 4.38778e-17
0.285608 0.338658 0.896515
0.315381 0.948965 2.58774e-17
0.454541 0 0.890726
0.654945 0.588109 0.474526
0.286175 0.881489 0.375607
0.676476 2.91586e-17 0.736464
0.203214 8.75925e-18 0.979134
0.645565 0.305485 0.699946
0.811279 0.477681 0.337115
1.97493e-17 0.32253 0.946559
0.372654 0.759165 0.533663
0.269901 0.506819 0.818711
0.56176 0.638323 0.526279
0.479304 0.877649 4.38778e-17
0.553316 0.771472 0.31412
0.800864 0.598846 0
0.453457 0.679832 0.576373
1.39389e-17 0.227639 0.973745
0.702379 0.476349 0.528919
0.35341 0.831943 0.427754
0.756031 0.654536 2.58774e-17
0.587347 0.355582 0.727039
0.314933 0.718156 0.62054
4.90843e-17 0.801607 0.597851
0.722374 3.11369e-17 0.691503
0.870747 3.75323e-17 0.491732
0.51693 0.586238 0.623785
0.836473 3.6055e-17 0.548008
0.246221 0.928749 0.277128
0.88913 0.299545 0.346008
0.545166 0.275249 0.791854
3.6003e-17 0.587974 0.80888
0.880298 0.474421 4.38778e-17
6.12323e-17 1 3.12762e-18
0.841008 0.342752 0.4186
0.765272 3.2986e-17 0.643707
0.927926 3.9997e-17 0.372763
0.900481 0 0.434896
0.863015 0.425539 0.272253
6.14915e-18 6.09228e-17 1
0.400579 0.471021 0.785923
0.324181 0.57508 0.751126
5.77254e-17 0.942727 0.333565
0.518047 2.23297e-17 0.855352
0.842385 0.538876 0
3.2553e-17 0.531632 0.846976
2.87819e-17 0.470044 0.882643
4.44904e-17 0.726583 0.687078
2.46392e-17 0.402389 0.915469
1 0 0
3.88561e-17 0.634568 0.772867
0.662636 0.420207 0.619952
0.384491 0 0.923129
0.407957 0.268328 0.872681
0.799691 3.44696e-17 0.600412
0.28307 0.813085 0.508688
0.366685 0.898114 0.242761
0.328177 0.412931 0.849581
0.21108 0.977469 4.38778e-17
0.955314 4.11775e-17 0.295592
0.929794 0.269668 0.250524
0.402854 0.915264 2.58774e-17
0.278159 0.657566 0.700168
0.709312 0.704895 2.58774e-17
0.247514 0.256729 0.934252
0.740269 0.525269 0.419636
0.629394 2.71292e-17 0.777086
0.501886 0.72682 0.468874
0.303686 0 0.952772
0.438137 0.849483 0.293965
0.777344 0.41764 0.470439
0.70903 0.61206 0.350227
0.915015 0.403419 4.38778e-17
4.68412e-17 0.764975 0.64406
0.566425 0.480371 0.669632
