0.095322 0.404678
0.317492 0.182508
0.105295 0.394705
0.125014 0.374986
0.0753687 0.424631
0.423657 0.0763426
0.0803431 0.419657
0.115201 0.384799
0.197745 0.302255
0.0555098 0.44449
0.0255038 0.474496
0.474361 0.0256393
0.227776 0.272224
0.413716 0.0862841
0.154033 0.345967
0.394035 0.105965
0.0505361 0.449464
0.398931 0.101069
0.192802 0.307198
0.438702 0.061298
0.374263 0.125737
0.369256 0.130744
0.28534 0.21466
0.163609 0.336391
0.212633 0.287367
0.187879 0.312121
0.0153591 0.484641
0.37921 0.12079
0.202707 0.297293
0.32815 0.17185
0.0204333 0.479567
0.408753 0.0912471
0.0654497 0.43455
0.0903197 0.40968
0.0704 0.4296
0.248335 0.251665
0.312162 0.187838
0.479488 0.0205123
0.359175 0.140825
0.458991 0.0410089
0 0.5
0.433708 0.0662924
0.301453 0.198547
0.158828 0.341172
0.364257 0.135743
0.173262 0.326738
0.207651 0.292349
0.384151 0.115849
0.258796 0.241204
0.129869 0.370131
0.269366 0.230634
0.274676 0.225324
0.306782 0.193218
0.403831 0.0961694
0.217659 0.282341
0.484626 0.0153741
0.144417 0.355583
0.238019 0.261981
0.100304 0.399696
0.322843 0.177157
0.134727 0.365273
0.418667 0.0813331
0.0853374 0.414663
0.448796 0.0512038
0.443733 0.0562675
0.33863 0.16137
0.0102525 0.489747
0.389096 0.110904
0.296068 0.203932
0.453867 0.0461326
0.464117 0.0358829
0.168435 0.331565
0.0604886 0.439511
0.232881 0.267119
0.290703 0.209297
0.149237 0.350763
0.489757 0.0102428
0.469241 0.0307594
0.139581 0.360419
0.0405859 0.459414
0.120111 0.379889
0.33344 0.16656
0.22269 0.27731
0.17813 0.32187
0.243199 0.256801
0.494888 0.00511191
0.00515073 0.494849
0.110239 0.389761
0.0305284 0.469472
0.182987 0.317013
0.428684 0.0713157
0.343807 0.156193
0.264051 0.235949
0.045562 0.454438
0.5 0
0.280013 0.219987
0.0355927 0.464407
0.35411 0.14589
0.253543 0.246457
0.34902 0.15098
