0.132987 0.635326
0.0485338 0.779696
0.1919 0.561936
0.159498 0.600628
0.0756779 0.724904
0.181078 0.574467
0.0822866 0.713144
0.0983426 0.686404
0.115277 0.660475
0.175675 0.580863
0.0607686 0.753487
1.04734 0.00276929
0.0246999 0.842838
0.00702952 0.916158
0.143461 0.621237
0.0263785 0.837585
0.0298135 0.827334
0.0545821 0.766372
0.0280827 0.832421
0.0407493 0.798135
0.120256 0.65322
0.0628568 0.749288
0.107919 0.67149
0.135583 0.631784
0.170278 0.587352
0.00361345 0.939888
0.189172 0.565061
0.0230484 0.848183
0.172968 0.584106
0.156818 0.603998
0.18378 0.571304
0.110356 0.667801
0.112809 0.66413
1.30372e-08 0.999886
0.0845244 0.709269
1.05093 8.34815e-10
0.154134 0.607401
0.0315735 0.822311
0.0152236 0.876616
0.0214254 0.853626
0.0123283 0.888967
0.0959938 0.690171
0.1055 0.675192
0.0426623 0.793451
0.033361 0.81735
0.15145 0.610834
0.146115 0.61775
0.14082 0.624741
0.178371 0.57766
0.0182608 0.864867
0.0692066 0.736929
0.0913481 0.697762
0.093663 0.693956
0.00171799 0.958551
0.681987 0.201787
0.127842 0.64245
0.167558 0.590662
0.0167244 0.870677
0.0566294 0.762031
0.19729 0.555827
0.103098 0.678911
0.148776 0.614285
0.0800658 0.717041
0.0505318 0.775207
0.0525468 0.770769
0.100712 0.682648
0.0670774 0.741007
0.03517 0.812463
0.130406 0.638882
1.04455 0.00656765
0.125295 0.64603
0.0649645 0.745119
0.0465559 0.784232
0.00468472 0.931555
0.0713546 0.732877
0.0370055 0.807632
0.0198283 0.859187
0.0388659 0.802856
0.186475 0.568172
0.0778641 0.720959
0.164875 0.593952
0.000932883 0.969457
0.000312411 0.982325
0.117758 0.656841
0.122769 0.649616
0.044597 0.78882
0.0890515 0.701585
0.162178 0.597287
0.199999 0.552788
0.00828304 0.908989
0.0137588 0.882702
0.0735081 0.728876
0.0058271 0.923665
0.00261934 0.948821
0.0109398 0.895407
0.00958859 0.902079
0.0586941 0.757731
0.0867844 0.705408
0.194596 0.55887
0.138192 0.628259
