6.9928e-09 0.304088 0.695915
1.18683e-18 7.20763e-18 1
1.49694e-08 0.656153 0.343852
1.64619e-08 0.690791 0.309212
1.44999e-08 0.570442 0.429563
1.69373e-08 0.70215 0.297853
0.642618 0.377996 0.0108026
1.4665e-08 0.582568 0.417436
1.74213e-08 0.95767 0.0423332
1.01647 1.05687e-05 7.072e-05
8.43859e-10 0.0825707 0.917433
7.57819e-10 0.846432 0.153569
2.98139e-10 0.0121556 0.987849
0.910145 0.138664 2.75966e-14
9.02876e-10 0.770197 0.229805
6.29196e-10 0.326903 0.673099
0.882954 1.31406e-07 0.277424
7.52296e-10 0.558401 0.4416
1.38331e-08 0.203693 0.796314
1.73373e-08 0.137807 0.862196
7.29181e-09 0.160121 0.839884
1.72355e-08 0.929381 0.0706224
6.39763e-09 0.282251 0.717758
0.664157 1.14291e-14 0.404502
0.407463 0.184588 0.468964
7.49498e-10 0.620062 0.379938
6.629e-10 0.94351 0.056492
7.08485e-10 0.350376 0.649626
1.70105e-08 0.148972 0.851033
7.51424e-10 0.496855 0.503146
6.18346e-09 0.271038 0.728968
1.64253e-08 0.735765 0.264237
7.44347e-10 0.509487 0.490514
5.98997e-09 0.225846 0.77416
1.62503e-08 0.886789 0.113215
7.46675e-10 0.833154 0.166847
0.417026 0.25118 0.406968
6.66537e-10 0.459609 0.540393
0.51343 0.635055 1.27508e-16
5.47987e-10 0.411759 0.588245
3.72986e-09 0.248309 0.751696
7.07759e-10 0.471681 0.528321
7.44254e-10 0.546406 0.453595
1.74583e-08 0.873071 0.126932
7.51893e-10 0.758445 0.241556
7.27864e-10 0.534267 0.465735
5.67884e-10 0.0241479 0.975855
1.45868e-08 0.115458 0.884546
6.49679e-10 0.447684 0.552318
6.92622e-10 0.985939 0.0140631
1.64344e-08 0.781943 0.218059
1.59377e-08 0.607573 0.392432
1.57325e-08 0.595048 0.404956
8.64671e-10 0.104607 0.895396
6.04746e-10 0.374454 0.625548
6.03057e-09 0.214695 0.785309
1.69677e-08 0.91494 0.0850625
0.63602 0.383655 0.000851795
0.647296 0.309225 0.0828284
0.701898 0.238083 0.184131
1.74717e-08 0.859732 0.140271
7.44082e-10 0.0360839 0.963918
1.74163e-08 0.806862 0.193141
9.21711e-10 0.0936759 0.906327
7.57869e-10 0.0712408 0.928761
1.44024e-08 0.713288 0.286717
6.45084e-10 0.423973 0.576029
0.643132 0.260488 0.128834
1.64156e-08 0.667474 0.332528
6.45393e-10 0.435911 0.564091
0.416169 0.501204 0.173126
6.47434e-10 0.338643 0.661359
0.301222 0.804238 1.66643e-07
1.47468e-08 0.644579 0.355424
1.46034e-08 0.679174 0.320829
6.76963e-09 0.293289 0.706717
7.20781e-09 0.171191 0.828812
1.62236e-08 0.724437 0.275566
7.29551e-10 0.362252 0.637751
1.75138e-08 0.819873 0.180131
7.51395e-10 0.632549 0.367452
9.11316e-10 0.0599464 0.940056
1.69572e-08 0.793953 0.206052
1.6509e-08 0.900903 0.0991036
1.4124e-08 0.193019 0.806989
7.60605e-10 0.0481412 0.95186
7.40644e-10 0.747098 0.252903
3.88215e-09 0.259605 0.7404
5.97064e-10 0.386727 0.613276
3.56367e-09 0.237084 0.762923
0.419128 9.83199e-07 0.670542
7.652e-10 0.521992 0.47801
7.168e-09 0.182144 0.81786
0.639108 0.288913 0.0977608
7.5287e-10 0.484129 0.515872
7.14902e-09 0.315418 0.684587
6.82068e-10 0.971826 0.0281765
1.34633e-09 1.00001 1.91276e-11
6.2508e-10 0.39937 0.600632
9.0108e-10 0.126649 0.873353
