0.490971 0.509029
0.520224 0.479776
0.448589 0.551411
0.427421 0.572579
1.00046 1.77028e-12
0.469608 0.530392
2.52861e-10 1.0692
0.574261 0.425739
0.509865 0.490135
0.400001 0.599999
0.50778 0.49222
0.418901 0.581099
0.452764 0.547236
0.591345 0.408655
0.565757 0.434243
0.454849 0.545151
0.43595 0.56405
0.530381 0.469619
0.557249 0.442751
0.524304 0.475696
0.567882 0.432118
0.00994123 1.0501
0.538444 0.461556
0.540468 0.459532
0.46748 0.53252
0.440191 0.559809
0.511951 0.488049
0.548766 0.451234
0.414665 0.585335
0.589185 0.410815
0.576388 0.423612
0.580638 0.419362
0.473862 0.526138
0.599999 0.400001
0.532391 0.467609
0.514036 0.485964
0.570012 0.429988
0.597837 0.402163
0.463253 0.536747
0.484567 0.515433
0.542525 0.457475
0.488846 0.511154
0.503605 0.496395
0.486713 0.513287
0.423154 0.576846
0.505692 0.494308
0.416784 0.583216
0.461142 0.538858
0.408359 0.591641
0.433819 0.566181
0.444386 0.555614
0.544587 0.455413
0.534392 0.465608
0.497322 0.502678
0.555126 0.444874
0.561508 0.438492
0.431689 0.568311
0.582766 0.417234
0.450678 0.549322
0.010393 1.02531
0.595667 0.404333
0.493098 0.506902
0.559379 0.440621
0.429558 0.570442
0.526334 0.473666
0.480284 0.519716
0.410451 0.589549
0.578513 0.421487
0.482426 0.517574
0.553003 0.446997
0.442286 0.557714
0.459041 0.540959
0.528368 0.471632
0.546672 0.453328
0.425285 0.574715
0.501514 0.498486
0.438068 0.561932
0.421026 0.578974
0.404179 0.595821
0.593508 0.406492
0.518166 0.481834
0.476004 0.523996
0.495217 0.504783
0.587038 0.412962
0.456943 0.543057
0.499418 0.500582
0.55088 0.44912
0.412556 0.587444
0.40627 0.59373
0.572135 0.427865
0.53641 0.46359
0.584896 0.415104
0.402088 0.597912
0.56363 0.43637
0.465365 0.534635
0.471732 0.528268
0.478142 0.521858
0.516105 0.483895
0.522263 0.477737
0.446486 0.553514
