0.145641 0.989337
0.284951 0.958542
0.222715 0.974884
0.154596 0.987978
0.177573 0.984108
0.0689868 0.997618
0.246763 0.969076
0.0732736 0.997312
0.244439 0.969665
0.110626 0.993862
0.217674 0.976022
0.0892227 0.996012
0.0645283 0.997916
0.0170068 0.999855
0.0929811 0.995668
0.0550715 0.998482
0.306865 0.951753
0.117312 0.993095
0.123842 0.992302
0.232554 0.972583
6.12323e-17 1
0.278316 0.960489
0.239734 0.970839
0.0499976 0.998749
0.242092 0.970253
0.0254895 0.999675
0.215126 0.976586
0.174757 0.984612
0.282747 0.959195
0.289383 0.957213
0.166236 0.986086
0.202092 0.979366
0.293781 0.955873
0.139566 0.990213
0.0388241 0.999246
0.28052 0.959848
0.0854012 0.996347
0.255931 0.966695
0.160458 0.987043
0.191354 0.981521
0.196756 0.980452
0.148647 0.98889
0.300351 0.953829
0.127065 0.991894
0.291583 0.956546
0.260442 0.96549
0.27163 0.962402
0.100225 0.994965
0.113989 0.993482
0.0814795 0.996675
0.0966428 0.995319
0.199433 0.979912
0.230126 0.973161
0.234959 0.972005
0.212557 0.977149
0.287173 0.957879
0.298163 0.954515
0.130235 0.991483
0.276083 0.961134
0.163361 0.986566
1.00078 2.43437e-09
0.194064 0.980989
0.204732 0.978818
0.18863 0.982048
0.251374 0.96789
0.103741 0.994604
0.136491 0.990641
0.225206 0.974311
0.304702 0.952448
0.157531 0.987514
0.237361 0.971421
0.107212 0.994236
0.269407 0.963027
0.267178 0.963647
0.273864 0.961768
0.227681 0.973736
0.220205 0.975454
0.185897 0.982569
0.20736 0.978265
0.0445995 0.999005
0.183137 0.983087
0.253656 0.967295
0.120598 0.992701
0.142615 0.989778
0.302531 0.95314
0.295972 0.955197
0.309017 0.951057
0.151632 0.988437
0.171924 0.98511
0.180366 0.983599
0.209967 0.977708
0.059885 0.998205
0.0325452 0.99947
0.264941 0.964265
0.249075 0.968484
0.133381 0.991065
0.0774353 0.996997
0.262695 0.964879
0.258191 0.966094
0.169091 0.9856
