0.812718 0 0.582657
0.818972 0.573834 0
0.982097 0.188377 5.02933e-18
0.403077 0.730384 0.551424
4.32978e-17 0.707107 0.707107
0.707107 3.08094e-17 0.707107
0.743767 0 0.668439
1 0 5.02933e-18
0.5603 0.51416 0.649387
0.835445 0.343324 0.42914
0.844326 3.67883e-17 0.535829
0.873693 3.80678e-17 0.486479
0.21618 0.976353 0
0.457969 0.762056 0.45775
0.588246 0.392387 0.707107
0.77921 0 0.626762
0.656765 0.551813 0.513967
0.519204 0.690701 0.503349
5.13201e-17 0.838122 0.545483
0.902725 3.93327e-17 0.430219
0.756438 0.398181 0.518896
0.230208 0.668584 0.707107
0.396379 0.585563 0.707107
0.49839 0.866953 0
0.654123 0.381541 0.653108
0.268141 0.887507 0.374744
0.316266 0.701376 0.638786
5.77992e-17 0.943933 0.330138
0.645334 0.289039 0.707107
0.407935 0.818572 0.404388
0.696186 0.442225 0.565475
0.375036 0.92701 0
4.96331e-17 0.810569 0.585643
5.47369e-17 0.893922 0.448222
0.795638 0.453364 0.401773
0.300699 0.953719 0
0.851591 0.524207 0
0.977302 0 0.211849
0.284364 0.845177 0.452563
0.577501 0.770697 0.269292
0.507045 0.796161 0.3302
5.30703e-17 0.866704 0.498823
0.633408 0.715627 0.294403
0.520396 0.478736 0.707107
0.731559 0.503955 0.459185
4.75757e-17 0.776971 0.629537
0.695678 0.591285 0.407939
0.441059 0.552691 0.707107
0.690557 0.152088 0.707107
0.909235 0.416283 0
0.959462 0.281838 0
0.82657 0.495153 0.267591
0.597951 0.801533 0
0.51152 0.586981 0.627535
0.729924 0.627115 0.271917
0.753949 0.656933 0
0.669595 0.227249 0.707107
0.572756 0.605505 0.552552
0.717324 0.305124 0.626374
0.858432 0.408031 0.310813
0.154146 0.690101 0.707107
0.482293 0.517101 0.707107
0.882127 0.471012 0
6.08688e-17 6.66204e-18 1
0.618103 0.343437 0.707107
0.340911 0.909424 0.238177
0.954938 0 0.296804
0.461845 0.663882 0.588184
0.612667 0.645167 0.456507
0.939159 0.239113 0.246588
0.237694 0.930743 0.277884
0.405626 0.633597 0.658804
0.789238 0.614087 0
4.53992e-17 0.741425 0.671036
0.680068 0.733149 0
0.347177 0.61601 0.707107
0.902113 0.330526 0.277389
0.665207 0.665173 0.339181
0.716484 0.697604 5.02933e-18
5.91633e-17 0.96621 0.257757
0.380832 0.868523 0.31723
6.03166e-17 0.985045 0.172299
0.641781 0.766888 0
0.322298 0.794681 0.514399
0.292601 0.643727 0.707107
0.551326 0.83429 0
0.929528 0 0.368751
0.882694 0.265552 0.387729
6.12323e-17 1 0
0.441209 0.897404 0
0.555735 0.437217 0.707107
0.268503 0.75765 0.594872
0.771767 0.274806 0.573461
0.934372 0.356298 0
0.815008 0.290091 0.501607
0.555151 0.728532 0.401309
0.627172 0.489955 0.605474
0.769006 0.551819 0.322685
5.6283e-17 0.919172 0.393857
0.466403 0.845775 0.259102
