0.287497 0.463812
0.0367779 0.808224
0.891067 0.0560366
0.083973 0.710219
0.114097 0.662217
0.850751 0.0776381
0.145554 0.618484
0.204262 0.548046
0.178024 0.578071
0.139154 0.626967
0.901102 0.0507361
0.409576 0.360019
0.317374 0.43664
0.0236477 0.846222
0.0122097 0.889502
0.00315546 0.943827
0.911137 0.0454648
0.217553 0.533574
0.347926 0.410147
0.340253 0.416688
0.0782067 0.720345
0.171516 0.585855
0.251621 0.498381
0.970527 0.0148469
0.940977 0.0299604
0.417458 0.35389
0.184508 0.570456
0.0196369 0.859868
0.491418 0.298988
0.120277 0.65319
0.0158007 0.874299
0.126511 0.644317
0.272935 0.477568
0.191131 0.562815
0.386329 0.378446
0.332626 0.423263
0.425405 0.347769
0.00886045 0.90587
0.810165 0.0999082
0.830413 0.08873
0.46605 0.317322
0.931086 0.0350721
0.0725744 0.730604
0.881019 0.0613737
0.457765 0.323417
0.0670521 0.741056
0.990184 0.0049203
0.960753 0.0198197
0.107954 0.671437
0.870888 0.0667863
0.00580814 0.923789
0.0322356 0.820457
0.921114 0.0402534
0.0512599 0.773594
0.433436 0.341641
0.00105534 0.967514
0.449587 0.329487
0.309829 0.443377
0.165027 0.593765
0.294907 0.456946
0.0958108 0.690467
0.10184 0.680876
0.258678 0.491396
0.0898517 0.700247
0.0278617 0.833082
0.19769 0.555377
0.132774 0.635619
0.820288 0.0943024
0.363275 0.397277
0.302372 0.450117
0.152005 0.610121
0.84055 0.0831849
0.378664 0.384643
0.280161 0.470697
0.324965 0.429943
0 1
0.394036 0.372277
0.355572 0.403701
0.244663 0.505365
0.86092 0.0721425
0.061659 0.751688
0.800007 0.105569
0.474479 0.311176
0.482936 0.305064
0.265747 0.484493
0.401805 0.366119
0.980355 0.00987126
0.0462719 0.784891
0.950869 0.0248749
0.499995 0.292896
0.0563837 0.762548
0.22427 0.526428
0.237807 0.512346
0.210892 0.540771
1 0
0.441457 0.335578
0.0414518 0.796403
0.158537 0.601833
0.231016 0.519359
0.370996 0.390906
