0.846356 0.532618
0.878608 0.477543
0.978518 0.20616
0.988052 0.154118
0.851088 0.525023
0.748532 0.663099
0.788359 0.615216
0.728061 0.685513
0.895625 0.44481
0.949561 0.313581
0.0990071 0.995087
0.836891 0.547369
0.798166 0.602437
0.926122 0.377223
0.997476 0.0710079
0.887293 0.461206
0.768593 0.639738
0.985803 0.167904
0.981026 0.193874
0.140815 0.990036
0.753597 0.657337
0.973254 0.229734
0.943121 0.332449
0.717652 0.696402
0.733218 0.679994
0.0828878 0.996559
0.952724 0.303838
0.722864 0.690991
0.778537 0.627598
0.738347 0.674421
0.280807 0.959764
0.958897 0.283754
0.153385 0.988166
0.874148 0.485659
0.26146 0.965214
0.855771 0.517356
0.707108 0.707106
0.922539 0.385904
0.891495 0.453031
0.113809 0.993503
6.12323e-17 1
0.271201 0.962523
0.188437 0.982085
0.929644 0.368459
0.970515 0.241042
0.783428 0.621482
0.903737 0.428089
0.939821 0.341667
0.994118 0.108301
0.822477 0.568799
0.995882 0.0906628
0.231198 0.972907
0.793264 0.608877
0.807944 0.589259
0.983456 0.181146
0.81278 0.582571
0.936477 0.35073
0.899725 0.436457
0.90759 0.419857
0.998882 0.0472664
0.165454 0.986218
0.251496 0.967858
0.743443 0.668799
1 0
0.80306 0.595898
0.883006 0.469362
0.712401 0.701773
0.915203 0.402994
0.817629 0.575745
0.841649 0.540026
0.865091 0.501616
0.7736 0.633674
0.127682 0.991815
0.0432426 0.999065
0.832128 0.554584
0.955839 0.293891
0.299774 0.95401
0.911429 0.411457
0.964836 0.262854
0.309012 0.951058
0.992222 0.124481
0.93309 0.359643
0.0649194 0.997891
0.990194 0.139697
0.220834 0.975311
0.177124 0.984189
0.758636 0.651514
0.19952 0.979894
0.946368 0.323091
0.967709 0.252068
0.827315 0.561738
0.241394 0.970427
0.918892 0.394508
0.869654 0.493662
0.961896 0.273416
0.763621 0.645664
0.210213 0.977656
0.860446 0.509542
0.290365 0.956916
0.975924 0.218109
