0.870204 0 0.492691
0.942976 0 0.332861
0.815841 0 0.578276
0.158902 9.41954e-18 0.987294
0.80081 4.74713e-17 0.598919
0.808411 0 0.588619
0.469461 0 0.882953
0.995547 5.90151e-17 0.0942681
0.49276 0 0.870165
0.178343 0 0.983968
0.710642 0 0.703554
0.905685 5.36882e-17 0.423951
0.569652 0 0.821886
0.793107 0 0.609083
0.888461 0 0.458952
0.998022 0 0.0628631
0.675622 0 0.737248
0.248269 1.02023e-17 0.968691
0.264562 1.5683e-17 0.964369
0.684544 4.05791e-17 0.728972
0.937922 0 0.346845
0.876346 0 0.481682
0.927509 0 0.373802
0.69332 0 0.72063
0.863875 0 0.503706
0.620066 3.67569e-17 0.78455
0.457543 2.71227e-17 0.889187
0.777232 0 0.629215
0.339723 0 0.940525
0.394463 1.621e-17 0.918912
0.35372 0 0.935352
0.702022 0 0.712155
0.666673 0 0.74535
0.1154 0 0.993319
0.989603 5.86628e-17 0.143825
0.481193 1.52408e-17 0.876615
0.600385 0 0.799711
0.381049 1.56588e-17 0.924555
0.43305 0 0.90137
0.445411 0 0.895326
0.761024 0 0.648723
0.727663 0 0.685935
0.0602383 0 0.998184
0.894284 0 0.447499
0.752779 0 0.658274
0.932731 0 0.360573
0.978899 5.80282e-17 0.204346
0.137879 0 0.990449
0.325295 0 0.945612
0.962105 5.70327e-17 0.272681
0.837349 0 0.546669
0.537527 0 0.843247
0.830311 4.92201e-17 0.5573
0.785237 2.48708e-17 0.619196
0.19682 1.16673e-17 0.98044
0.420447 0 0.907317
0.844189 5.00428e-17 0.536045
0.992719 5.88475e-17 0.12045
0.50422 2.98897e-17 0.863575
0.85085 0 0.525408
0.214653 8.82096e-18 0.97669
0.719159 0 0.694846
0.916742 0 0.39948
6.12323e-17 0 1
0.922171 0 0.386782
0.857422 5.08272e-17 0.514614
0.559065 0 0.829124
0.407592 2.41617e-17 0.913164
0.657614 0 0.753355
0.648448 2.66473e-17 0.761259
0.982671 5.82519e-17 0.185358
0.970841 5.75506e-17 0.239723
0.610302 1.93301e-17 0.792169
0.823123 0 0.567864
0.526555 1.66776e-17 0.850141
0.911254 0 0.411845
0.900018 5.33522e-17 0.435853
0.744488 0 0.667636
0.367551 0 0.930003
0.548393 0 0.836221
0.0903251 3.71182e-18 0.995912
0.58004 3.43843e-17 0.814588
0.295577 0 0.955319
0.63912 0 0.769107
0.986248 3.12374e-17 0.16527
0.974955 0 0.222403
0.952799 5.64811e-17 0.303601
0.280221 0 0.959936
0.94794 5.6193e-17 0.31845
0.966544 5.72958e-17 0.256502
0.736087 3.02487e-17 0.676886
0.515487 1.6327e-17 0.856897
0.957528 0 0.288342
1 0 0
0.231706 9.52172e-18 0.972786
0.310557 0 0.950555
0.590324 3.49939e-17 0.807167
0.629702 0 0.776837
0.769156 4.55948e-17 0.639062
0.882383 5.23069e-17 0.470532
