0.476327 0.323447
0.697519 0.165308
0.477534 0.322342
0.203847 0.549018
0.194951 0.558611
0.190603 0.563723
0.19003 0.564406
0.19615 0.5572
0.207851 0.547811
0.49848 0.321364
0.478579 0.321621
0.190309 0.56408
0.693126 0.167547
0.697026 0.165414
0.199712 0.554059
0.691551 0.168737
0.202569 0.55008
0.479677 0.321415
0.189261 0.566128
0.199809 0.55352
0.191997 0.561899
0.188925 0.571487
0.205617 0.54806
0.189009 0.567048
0.198084 0.556024
0.2028 0.549924
0.691323 0.16919
0.195931 0.557435
0.201848 0.550812
0.197071 0.556299
0.477957 0.321969
0.202215 0.550438
0.201352 0.551326
0.206367 0.547964
0.194805 0.558978
0.691267 0.169446
0.204222 0.548754
0.207464 0.547894
0.204631 0.548549
0.193424 0.560284
0.208364 0.547785
0.47572 0.324543
0.69357 0.167355
0.478255 0.321769
0.201552 0.551117
0.189089 0.56662
0.19079 0.563388
0.200762 0.552033
0.475862 0.324229
0.192512 0.561333
0.189654 0.565243
0.188936 0.56789
0.693896 0.167213
0.189811 0.564852
0.692793 0.167744
0.696661 0.165515
0.195642 0.557738
0.205042 0.548341
0.694704 0.166705
0.189484 0.565562
0.475532 0.326191
0.196692 0.556606
0.476935 0.322761
0.201124 0.55158
0.191423 0.56263
0.475445 0.330282
0.694517 0.166945
0.192295 0.561574
0.476085 0.32381
0.695337 0.16617
0.475566 0.325266
0.19172 0.56225
0.200589 0.552286
0.694844 0.166548
0.197311 0.556166
0.195126 0.558331
0.194004 0.55966
0.695124 0.166332
0.20037 0.552633
0.691913 0.168316
0.696101 0.16579
0.195286 0.558122
0.477251 0.32256
0.476527 0.323161
0.69563 0.166009
0.194299 0.559468
0.196469 0.556825
0.200046 0.553161
0.47907 0.321492
0.696351 0.165639
0.704582 0.165306
0.192828 0.560971
0.197786 0.556041
0.692234 0.168089
0.203461 0.549337
0.191145 0.562949
0.193717 0.559943
0.203092 0.549608
0.691707 0.168484
0.193217 0.560517
