0.632748 0.613403
5.49475e-05 1.00001
0.999994 2.12636e-05
0.631236 0.613403
0.818614 0.362876
0.466264 0.804647
0.52308 0.735593
0.594679 0.651158
0.333118 0.889091
0.46556 0.804647
0.594679 0.651159
0.928323 0.143545
0.928068 0.143548
0.999993 2.24768e-05
0.518885 0.735848
0.261453 0.936493
0.261383 0.936493
0.185603 0.970376
1 2.11992e-05
1.00157 2.11572e-05
0.852008 0.279025
0.518886 0.735593
0.92807 0.143548
0.46556 0.804647
0.261353 0.936494
0.26204 0.936493
0.631238 0.613403
0.261383 0.936493
0.999994 2.14455e-05
0.520738 0.735593
0.964408 0.0817238
0.631236 0.613403
0.594679 0.651159
0.261353 0.936494
0.928514 0.143545
0.185602 0.970377
0.999994 2.12512e-05
0.520738 0.735593
0.668056 0.561427
0.66673 0.555484
0.92807 0.143546
0.999999 2.1244e-05
0.964409 0.0817163
0.999993 2.25582e-05
0.631235 0.613405
0.333693 0.890577
0.631235 0.613404
0.928071 0.143545
0.261353 0.936494
0.999993 2.16713e-05
0.185602 0.970768
0.192586 0.970376
1.00035 2.11663e-05
0.262239 0.936493
0.46556 0.804647
0.261353 0.936494
0.999994 2.12964e-05
0.185602 0.970424
0.928071 0.143546
0.185602 0.97162
0.185602 0.970384
0.185602 0.970378
0.261353 0.936494
0.631236 0.613403
0.519761 0.735754
0.999993 2.16624e-05
0.261353 0.936494
0.518888 0.735593
1.00004 2.11877e-05
0.261353 0.936494
0.928071 0.143545
0.185603 0.970376
0.798772 0.386838
0.518885 0.735593
0.704344 0.506676
1.00133 2.11663e-05
0.964412 0.0817113
0.261353 0.936494
0.799125 0.387768
0.518886 0.735593
0.000315419 1.00019
0.999993 2.24784e-05
0.518885 0.739017
0.185602 0.971283
0.928071 0.143545
0.185602 0.970727
0.85429 0.283951
0.928071 0.143546
0.964407 0.0817238
0.594679 0.651201
0.92807 0.143546
0.261359 0.936493
0.46556 0.804647
0.187574 0.970376
0.594679 0.651159
0.818642 0.361025
1.00006 2.11762e-05
0.465569 0.804647
0.999993 0.000167186
0.46556 0.804647
