0.9 0.1
0.9 0.1
0.9 0.1
0.9 0.1
0.9 0.1
0.9 0.1
0.9 0.1
0.9 0.1
0.9 0.1
0.9 0.1
0.9 0.1
0.9 0.1
0.9 0.1
0.9 0.1
0.9 0.1
0.9 0.1
0.9 0.1
0.9 0.1
0.9 0.1
0.9 0.1
0.0733756 0.978734
0.9 0.1
0.9 0.1
0.9 0.1
0.9 0.1
0.79519 0.375826
0.795095 0.375975
0.79519 0.375826
0.79507 0.376894
0.9 0.1
0.9 0.1
0.795064 0.382432
0.795078 0.376658
0.0733906 0.978698
0.9 0.1
0.795059 0.38245
0.9 0.1
0.9 0.1
0.9 0.1
0.9 0.1
0.9 0.1
0.9 0.1
0.9 0.1
0.9 0.1
0.9 0.1
0.9 0.1
0.9 0.1
0.9 0.1
0.9 0.1
0.9 0.1
0.9 0.1
0.9 0.1
0.9 0.1
0.9 0.1
0.9 0.1
0.9 0.1
0.9 0.1
0.9 0.1
0.9 0.1
0.9 0.1
0.9 0.1
0.9 0.1
0.9 0.1
0.9 0.1
0.9 0.1
0.9 0.1
0.9 0.1
0.9 0.1
0.9 0.1
0.9 0.1
0.9 0.1
0.9 0.1
0.9 0.1
0.9 0.1
0.9 0.1
0.9 0.1
0.9 0.1
0.9 0.1
0.9 0.1
0.9 0.1
0.9 0.1
0.9 0.1
0.79519 0.375826
0.9 0.1
0.9 0.1
0.9 0.1
0.9 0.1
0.9 0.1
0.9 0.1
0.9 0.1
0.9 0.1
0.9 0.1
0.9 0.1
0.9 0.1
0.9 0.1
0.9 0.1
0.9 0.1
0.9 0.1
0.9 0.1
0.9 0.1
