0.347525 0.666678
0.0142023 1
1.01419 7.93053e-06
0.347499 0.666704
1.01417 3.66711e-05
0.0142023 1.00007
0.347545 0.666658
1.01415 6.91998e-05
0.347484 0.666765
0.347512 0.666691
0.347518 0.666685
1.0142 4.56186e-06
1.01418 1.76188e-05
1.01415 9.50027e-05
1.01418 2.13858e-05
0.347496 0.666707
0.347539 0.666663
0.347485 0.666728
0.347557 0.666649
0.347509 0.666694
0.347526 0.666677
0.347545 0.666658
0.347548 0.666655
1.0142 1.61214e-06
1.01419 9.08357e-06
1.01417 2.82103e-05
1.01428 1.84003e-10
0.347522 0.666681
0.34749 0.666714
0.347555 0.66665
1.01418 1.86236e-05
0.347494 0.666709
0.347541 0.666662
1.01417 3.29404e-05
1.01416 4.63706e-05
1.01415 5.67021e-05
0.34752 0.666683
0.347504 0.666699
0.347543 0.666659
1.01417 3.13578e-05
1.01415 0.00039529
0.347486 0.666722
0.347505 0.666697
0.347514 0.666689
1.01419 1.28935e-05
0.347532 0.666671
1.01418 2.25892e-05
0.347531 0.666672
1.01419 1.16623e-05
1.01416 4.2633e-05
0.347546 0.666657
1.01416 4.48861e-05
0.347488 0.666717
0.347486 0.666722
0.347559 0.666648
1.01415 8.86721e-05
0.347504 0.666699
0.347491 0.666713
0.347502 0.6667
1.0142 5.74205e-06
0.347529 0.666673
1.01418 2.53209e-05
1.01416 4.80354e-05
0.347507 0.666696
0.347538 0.666664
0.347487 0.666719
0.347549 0.666654
0.347493 0.666711
1.01416 3.83472e-05
1.01418 2.64514e-05
1.01419 1.56593e-05
0.347484 0.666732
0.347533 0.666669
0.347564 0.666647
0.347527 0.666675
1.01416 4.02987e-05
1.01418 2.4105e-05
0.347489 0.666716
0.347534 0.666668
1.01419 1.0394e-05
0.347515 0.666687
1.0142 1.95203e-09
1.01415 0.00186749
1.01419 1.39426e-05
0.34751 0.666692
1.01415 5.30448e-05
0.347536 0.666666
1.01415 5.52086e-05
1.0142 3.15914e-06
0.0237977 1
1.01417 2.94859e-05
0.347501 0.666702
1.01418 2.02856e-05
0.347523 0.666679
1.01415 6.18816e-05
0.0142145 1
0.347497 0.666706
1.01417 3.47454e-05
0.347552 0.666653
1.01415 5.07411e-05
