0.069464 1.53662 2.5145
0.607953 1.16095 0.16412
0.069464 2.27697 1.81932
0.182629 2.17286 0.801274
0.189014 1.21149 2.00562
0.368082 1.64471 0.361231
2.02716 0.0694692 0.0713524
0.754282 0.205634 2.0131
0.421594 1.39633 0.623248
0.794134 0.849235 0.139211
0.720167 1.04158 0.0792098
0.215666 1.33293 1.44236
0.115261 1.7231 1.63963
0.069464 3.71596 0.220262
0.175362 1.59742 1.31668
0.33833 1.5372 0.881532
0.544664 0.153993 2.54112
1.32618 0.0699305 1.30625
0.247942 0.599096 2.49373
1.05856 0.525537 0.110696
0.069464 2.60112 1.32492
0.402812 1.78346 0.074343
0.135853 2.46665 0.758918
0.464571 0.117884 3.22105
0.738041 0.369273 1.32442
0.627634 0.0823565 2.75383
0.592029 0.440458 1.63749
0.573248 1.40796 0.0694702
0.172733 0.182623 3.90407
0.317451 1.89497 0.197579
0.476156 1.17962 0.871557
0.656007 0.321135 1.8499
1.54594 0.0962793 0.662783
1.29068 0.189355 0.759359
0.569451 1.03412 0.70939
0.533648 0.631628 1.33932
0.140617 2.63868 0.326503
1.10482 0.105965 1.35286
0.196381 2.35575 0.255569
0.0883147 0.407911 3.90407
0.80449 0.0694788 2.50791
0.328344 0.380358 2.58638
0.069464 3.28902 0.95465
0.12344 0.689485 3.27696
0.656744 0.964536 0.401289
1.77018 0.0752374 0.271411
1.20805 0.282169 0.480774
1.54745 0.202597 0.0695171
1.35904 0.242422 0.168692
0.985366 0.445187 0.656883
0.072411 0.157366 4.92698
0.964852 0.198492 1.28967
0.146589 2.85428 0.0788401
0.407655 0.90963 1.29644
0.398422 0.645603 2.03759
0.0983713 0.931678 2.90081
0.069464 3.50697 0.548359
0.387868 0.217356 2.94435
0.27821 1.79242 0.735819
0.319555 0.999999 1.47014
0.23991 2.03212 0.505945
0.338316 0.830235 1.82894
0.228453 0.103147 4.02564
0.763006 0.745332 0.558263
0.121402 1.94484 1.28831
0.953681 0.72467 0.0700905
0.272658 2.16288 0.0979584
0.441018 0.725045 1.48454
0.069464 1.23452 3.08709
0.104657 1.11915 2.4923
0.49692 0.520813 1.86795
0.25558 1.05424 1.80715
0.28738 1.22826 1.28965
0.876124 0.672792 0.262788
0.181602 0.565622 3.01408
0.441795 0.278316 2.48927
0.908355 0.146162 1.70628
0.330956 0.0696196 3.90407
1.66084 0.117796 0.106458
0.159183 0.79514 2.56261
0.069464 0.605362 3.90407
1.12432 0.401121 0.246866
1.07497 0.330387 0.818397
0.516614 1.27293 0.329104
0.117455 0.261997 4.0889
1.26959 0.361442 0.076885
1.45114 0.152989 0.390278
0.281134 0.293414 3.30522
0.121379 0.0721277 4.91707
0.23731 0.457396 2.90536
0.676931 0.822232 0.773552
0.813621 0.254906 1.44067
0.217366 2.53275 0.0696164
0.145942 1.46745 1.82485
0.069464 3.98653 0.0717144
0.820815 0.596217 0.83454
0.644825 0.517827 1.28461
0.936018 0.551086 0.423164
0.461192 1.50751 0.146763
1.04255 0.0829157 1.86004
