0.0685425 3.49417
0.783195 1.81666
0.0822255 3.31723
0.778863 1.85595
0.34263 2.65816
0.320393 2.93065
0.0900876 3.24543
1.33382 1.06303
1.9769 0.0821577
0.770722 1.93733
1.9211 0.676792
0.313329 3.02917
1.36083 0.867507
1.35097 0.92518
0.822479 1.60342
1.95525 0.251107
1.93725 0.453434
1.30412 1.40159
0.100004 3.19226
0.745188 2.24756
0.755725 2.11049
2.15452e-06 3.99628
1.29378 1.54428
1.31844 1.22381
1.94153 0.400607
0.346609 2.61751
0.107279 3.18052
0.763061 2.02227
0.375161 2.42015
0.748653 2.20126
0.334976 2.74399
0.30983 3.07928
2 4.90173e-07
0.75216 2.15559
0.00407098 3.89516
1.35574 0.895245
0.327585 2.83527
1.94594 0.349192
0.808411 1.64867
1.96023 0.204802
0.0487594 3.79804
0.391119 2.38997
1.37963 0.80361
0.0620216 3.5938
1.32217 1.18184
1.33789 1.02619
0.0860122 3.27953
0.00116178 3.9229
0.814865 1.62345
0.323963 2.8826
1.97097 0.119911
1.32985 1.10133
1.30064 1.44835
0.316846 2.97963
0.832844 1.59328
1.92901 0.56287
0.802653 1.67745
0.359476 2.50696
1.32598 1.14082
1.98342 0.0484145
0.792367 1.7432
0.364241 2.47477
0.0786496 3.35779
0.0451712 3.8477
1.34207 0.990913
0.0555142 3.69604
0.741754 2.29453
1.2972 1.49596
0.0652827 3.54325
0.77472 1.89617
1.31119 1.31071
0.354973 2.54183
1.36633 0.84245
0.0946685 3.21554
1.37244 0.82077
0.350706 2.57873
0.338753 2.70043
0.331258 2.78897
0.36942 2.44549
0.0751853 3.40126
0.0522001 3.7471
0.759373 2.06582
1.38942 0.794948
1.34642 0.957227
0.738353 2.34203
1.95051 0.299284
1.96544 0.160961
1.92502 0.619291
1.91724 0.73545
1.31477 1.26697
0.381916 2.40011
0.787653 1.77926
0.0587769 3.64482
0.797345 1.70913
1.30765 1.35551
0.76683 1.97951
0.306343 3.12981
0.0718261 3.44685
1.93308 0.507508
1.99083 0.0200472
