0.823673 6.87385e-05 2.39034
0.683162 0.95795 0.178375
0.56762 0.530746 1.2002
8.82478e-07 0.777537 3.58545
0.912485 0.617956 0.165467
0.0731601 0.923496 2.58866
0.601167 0.450315 1.43353
0.195827 2.23607 0.134851
0.0281987 1.20665 2.42976
1.65047 0.0559443 0.0803975
0.0364772 3.20949 0.0728516
0.429056 0.720602 1.44733
0.331635 0.975513 1.19266
0.412464 0.193949 2.6158
0.32281 0.306698 2.63208
1.05525e-05 2.75386 1.19934
0.356684 1.68293 0.160093
0.489859 1.34067 0.183812
1.97855 0.000230139 1.03932e-07
0.0606458 0.350687 3.60047
0.104958 8.56785e-07 4.77229
0.106819 1.64689 1.40075
0.698564 0.0176833 2.41865
0.858659 0.711088 0.0113017
0.547806 0.098299 2.39209
1.35481 0.212616 0.00487611
0.163153 1.41035 1.41839
0.0287155 0.438106 3.75552
0.0945279 2.77014 0.0278609
0.0446291 0.0237564 4.87997
0.580563 1.14795 0.180453
0.139224 1.54587 1.21642
0.0421237 2.08289 1.20504
0.169371 0.120082 3.64958
0.0148376 3.50863 0.00620418
5.15185e-05 0.203726 4.77241
0.799801 0.232669 1.4238
0.0150842 0.093308 4.79216
1.24123 0.0132703 1.21595
0.000170978 1.62796 2.39055
0.133554 0.191262 3.58582
0.985271 0.553074 8.45664e-08
0.379848 0.26644 2.39035
0.287174 0.0240316 3.59905
0.0524254 1.07442 2.3949
0.355468 0.870057 1.43357
0.129263 0.716964 2.61692
0.216501 0.0587102 3.77013
0.0649824 2.98865 1.1775e-07
0.260501 1.13879 1.22215
0.0877519 0.245033 3.78954
1.38631 2.85158e-06 1.19263
0.447018 1.46071 0.0594541
0.000664654 0.00124561 5.85749
0.405749 1.58369 0.00162159
1.26173 0.266725 0.13839
0.163397 2.41647 9.56467e-08
0.00823565 2.47294 1.19301
1.06708 0.0750705 1.19288
0.870078 0.19877 1.19475
0.17004 0.639327 2.4153
0.478703 0.141584 2.46369
0.288174 1.02734 1.4411
0.378055 0.000322853 3.58564
0.479398 0.662032 1.22533
0.637838 1.06572 0.0127112
1.43709 0.150618 0.116846
0.791436 0.784641 0.17144
0.691597 0.339929 1.43577
0.00893804 1.36979 2.50151
1.11305 0.394463 0.160378
0.220716 1.21614 1.43072
0.000817342 3.88566 8.98368e-08
0.238198 2.10241 0.00687938
0.755117 0.29525 1.22075
0.273365 1.94372 0.148123
0.0211415 2.23846 1.32431
0.108089 0.842765 2.39031
0.0608454 1.90296 1.37183
0.661637 0.410589 1.19267
0.0108781 0.588931 3.59095
1.19416 0.339064 1.00453e-07
0.320358 1.82855 1.05668e-07
1.54617 0.104341 1.17414e-07
0.280811 0.390626 2.48049
0.983439 0.101463 1.39705
1.04664 0.473152 0.0504051
1.13044 0.0378587 1.33845
0.542185 1.26155 1.15659e-07
0.126019 2.56536 0.119934
1.79295 0.0209369 0.00661518
0.920826 0.148809 1.26947
0.404034 0.814192 1.19553
0.247326 0.476467 2.39227
0.0888069 1.79896 1.19273
0.199593 0.532093 2.62406
0.199711 1.33893 1.19381
0.745248 0.885135 9.95304e-08
0.513519 0.576128 1.44607
0.602047 0.0490941 2.5526
