1.63612 0.727766
0.457795 3.08441
0.51803 2.96394
0.069323 3.86136
1.86708 0.265852
0.635204 2.7296
0.712119 2.57576
0.115097 3.76981
1.80225 0.395512
0.673743 2.65252
0.76914 2.46172
1.24167 1.51666
0.35513 3.28974
0.182373 3.63526
0.417136 3.16573
1.6972 0.605593
0.788068 2.42387
0.806984 2.38604
1.97742 0.045156
1.53629 0.927416
0.312732 3.37454
1.07041 1.85919
1.0516 1.8968
0.920154 2.1597
1.3982 1.20361
1.31962 1.36076
0.0922535 3.8155
0.557468 2.88507
1.78108 0.43785
0.938921 2.12216
0.16002 3.67996
0.396456 3.20709
1.18417 1.63166
1.95502 0.0899702
0.957727 2.08455
0.692987 2.61403
1.16508 1.66985
0.901319 2.19737
0.498052 3.0039
1.12706 1.74587
1.22238 1.55524
1.8889 0.222204
1.12538e-05 3.99998
0.204429 3.59115
1.28052 1.43897
1.93282 0.134368
1.82368 0.35264
0.882526 2.23495
0.478048 3.04391
0.995253 2.0095
0.226328 3.54735
1.61598 0.768045
0.8259 2.3482
1.14607 1.70786
1.03279 1.93443
0.844782 2.31044
1.65638 0.687237
1.59589 0.808226
0.0463444 3.90731
0.576985 2.84603
1.91065 0.178693
0.615852 2.7683
1.1081 1.7838
1.5561 0.887793
0.596513 2.80698
0.248377 3.50325
1.41794 1.16412
0.537806 2.92439
1.37853 1.24294
0.137621 3.72476
1.76005 0.479905
1.35885 1.28231
1.26106 1.47787
1.739 0.522006
0.863671 2.27266
0.291557 3.41689
0.0233185 3.95337
1.01401 1.97198
0.654514 2.69097
1.08924 1.82151
1.71787 0.564261
0.731242 2.53752
0.976485 2.04703
2 2.81638e-06
1.47708 1.04584
1.67672 0.646565
0.750234 2.49954
1.20322 1.59357
1.57593 0.848145
1.45739 1.08521
0.376052 3.2479
0.437494 3.12502
1.30003 1.39994
1.5165 0.967001
1.49676 1.00647
1.33923 1.32155
0.333907 3.33219
1.84529 0.309413
0.270077 3.45985
1.43765 1.1247
