0.499342 3.87332
1.66494 2.21629
0.132234 3.99125
0.938537 3.53222
0.685994 3.75735
1.48424 2.68108
1.02606 3.43349
1.36757 2.91873
1.06776 3.38224
1.73278 1.99747
1.5161 2.60879
0.915684 3.55613
1.57772 2.45829
1.6221 2.33992
0.387743 3.92411
0.741303 3.71509
1.27918 3.07487
0.565817 3.83659
1.98466 0.494491
1.29719 3.04454
1.71955 2.04271
1.26099 3.10477
0.71408 3.73636
0.346341 3.93957
1.04708 3.40801
1.50024 2.6452
2 0.000473211
1.14766 3.2759
0.597191 3.81752
0.868376 3.60329
1.33275 2.98247
1.22409 3.1633
1.65082 2.25813
1.67885 2.17391
0.252983 3.96787
1.10825 3.32974
1.46802 2.71655
1.99583 0.258015
1.54726 2.53455
1.93943 0.976961
1.89382 1.286
1.84213 1.55766
1.24264 3.13423
1.97109 0.677692
0.892295 3.57984
1.99062 0.387033
0.301826 3.95419
1.91276 1.16851
1.92186 1.10717
0.983125 3.48337
1.87382 1.39827
1.20532 3.19199
1.56258 2.49666
1.63655 2.2993
1.70616 2.08711
1.4352 2.78581
1.31508 3.01368
0.19818 3.98031
1.93075 1.04347
1.60747 2.37996
1.8196 1.66017
0.657403 3.77774
1.96365 0.75917
1.00474 3.45861
1.97814 0.589798
0.844046 3.62634
1.41851 2.8198
1.86357 1.45205
1.9034 1.22814
0.960967 3.50801
1.831 1.60927
0.426968 3.90779
1.53179 2.57187
0.533228 3.85521
1.7587 1.90469
1.95588 0.835582
1.7838 1.80891
1.77136 1.8572
1.94782 0.907775
1.18632 3.22033
1.08815 3.35614
1.12807 3.303
0.00140616 4
1.74584 1.95144
1.59267 2.41941
1.40169 2.85326
1.4517 2.7514
1.69258 2.13088
1.88403 1.34231
1.853 1.50516
1.38473 2.88619
0.767857 3.69345
0.793891 3.67137
0.819212 3.64905
1.1671 3.24831
0.627747 3.79786
1.79596 1.76016
1.35025 2.95082
0.464037 3.89085
1.80791 1.7105
