0.601904 3.90408
0.833474 3.74136
1.32204 3.15249
1.11629 3.44758
1.83789 1.87236
2.01347 0.876309
1.76736 2.12594
0.0613047 4.05965
1.04629 3.53119
1.18205 3.36171
0.43566 3.98324
1.13867 3.41918
0.94502 3.63905
1.69222 2.35617
1.80321 2.00246
1.98038 1.14538
0.387005 4.00081
1.16064 3.39048
0.274023 4.03214
1.99749 1.01627
1.77946 2.08538
1.66615 2.42861
1.8928 1.63848
1.67925 2.39265
1.74279 2.20509
1.86041 1.78112
1.55482 2.70436
1.90331 1.58876
1.35884 3.09082
1.28397 3.21322
1.39437 3.02832
1.94343 1.37891
0.996981 3.58558
1.84925 1.82705
0.48089 3.96466
1.41163 2.99687
1.73036 2.24362
0.333877 4.01718
0.673856 3.86031
1.87138 1.73444
2.04691 0.436392
1.62586 2.53427
1.98903 1.08224
2.00563 0.947892
1.75513 2.16583
1.09339 3.47579
1.71775 2.28175
1.88218 1.68692
1.70508 2.31912
1.56953 2.67067
1.34063 3.12171
1.44548 2.93299
1.97147 1.20647
1.42869 2.96504
1.59814 2.60294
0.971386 3.6124
0.77273 3.79029
1.61211 2.56871
1.53994 2.73767
1.37672 3.05974
1.81492 1.95981
2.05195 0.309785
1.95301 1.32289
1.49399 2.836
1.93368 1.4333
0.918258 3.66512
0.803635 3.76597
0.638769 3.88239
0.862432 3.71638
0.740769 3.8142
2.04118 0.541698
1.50956 2.80342
2.05598 0.0559921
1.79138 2.04434
0.89067 3.69097
1.07004 3.50369
1.26429 3.24344
1.91362 1.53811
0.708073 3.83739
1.20317 3.33254
1.58397 2.63687
1.8265 1.91637
1.30305 3.18316
1.24432 3.27334
0.202114 4.04529
2.02099 0.800929
1.65289 2.46421
1.63945 2.49945
1.22396 3.30303
1.02182 3.55863
1.92373 1.48636
1.47802 2.86867
1.96234 1.2656
1.52493 2.77052
0.523388 3.94521
2.0349 0.635186
0.070421 4.05587
2.02816 0.72085
1.46191 2.90087
0.563649 3.92497
