0.849655 3.6211
1.33106 2.98548
1.55901 2.50558
0.645081 3.78622
1.41244 2.83196
4.81615e-07 4
0.95042 3.51949
1.02023 3.44042
1.42798 2.80062
0.708234 3.7408
0.215806 3.97665
1.59996 2.40011
1.12733 3.30401
1.82025 1.65732
1.78709 1.79591
0.463636 3.89104
1.65281 2.2523
1.95481 0.845461
1.80936 1.70436
1.18655 3.22
1.51692 2.60688
1.87239 1.40594
1.96272 0.768672
1.08583 3.35916
1.47336 2.70496
1.72832 2.01286
1.54511 2.5398
1.58638 2.4359
1.75234 1.928
1.04246 3.41367
0.90127 3.57083
1.74041 1.97075
1.29656 3.0456
1.20578 3.1913
1.22453 3.16261
1.9703 0.686826
1.93806 0.98779
1.62661 2.32735
1.84161 1.56011
1.50254 2.63998
0.503444 3.8712
0.37669 3.92841
1.16721 3.24815
0.99743 3.46706
1.63976 2.29014
1.89208 1.29621
1.34786 2.95517
0.795594 3.66989
2 3.62273e-08
0.73811 3.71763
1.45849 2.73701
1.69121 2.13524
1.10676 3.33172
0.926114 3.54531
0.974036 3.49357
1.90168 1.23875
1.14749 3.27613
1.88234 1.35172
0.328492 3.94568
1.91108 1.17947
1.57276 2.47096
1.79832 1.75049
1.9957 0.262082
0.576999 3.82992
1.85197 1.51023
1.66577 2.21379
1.83094 1.60953
1.71608 2.05432
1.7641 1.88464
1.26098 3.10479
1.97752 0.598012
1.94658 0.91832
1.9842 0.501782
1.36449 2.9245
0.767212 3.69399
1.38069 2.89393
1.67858 2.17473
1.86221 1.45902
0.875759 3.59613
1.31394 3.01566
1.06441 3.38647
1.61335 2.36399
1.53108 2.57355
0.677118 3.76378
1.39666 2.86311
0.822947 3.64569
1.92922 1.05474
1.99033 0.392969
0.275655 3.96183
0.143859 3.98964
1.44337 2.76888
1.27896 3.07523
1.24295 3.13373
1.92024 1.11832
1.77568 1.84061
1.70372 2.09508
1.48807 2.67256
0.421618 3.91011
0.611579 3.8084
0.541091 3.85083
