0.568931 1.74507 5.12201
0.963376 2.66959 3.40764
1.354 2.60672e-11 4.41591
1.55209 1.68263 2.81936
0.682945 2.84142 3.69278
1.55089 2.28151 1.62502
4.464e-11 3.35266 3.2725
1.76799 2.49269e-11 2.80499
1.29692 1.20672 4.19353
1.34369 2.30125 2.79913
1.11146 1.59432 4.37754
2.0611e-11 2.49141 4.69403
0.552286 3.10402 3.40238
1.67049 1.5142 2.393
1.76331 1.88756 1.02567e-11
1.60717 1.18043 3.10127
0.609718 2.64456 4.11319
1.72714 1.72618 1.56476
1.94729 0.91224 7.22494e-12
0.528022 3.66304 1.81673
0.833225 2.19814e-11 5.4545
2.39818e-11 3.92768 1.13579
5.5256e-11 3.8363 1.6989
1.15413 2.99203 1.96705
1.1169 1.21533e-11 4.97722
0.663447 1.27981 5.32478
0.807379 1.57306 4.95637
9.09326e-12 1.82228 5.3412
1.86474 1.02575 1.52884
0.670139 3.76877 2.04671e-11
1.90027 2.09235e-11 1.87107
0.632243 2.05323 4.78717
1.52206 2.59486 1.68594e-11
1.24959 2.66484 2.44309
0.678469 3.24981 2.84503
1.69289 9.31344e-12 3.19484
0.902521 1.033 5.12525
1.83232 1.60327 1.36603e-11
2 1.46543e-11 5.55729e-12
1.73157e-11 3.48473 2.94575
1.72507 1.01937 2.62284
1.49366 1.23756 3.53198
3.42433e-11 1.56289 5.52305
1.61798 1.32981e-11 3.52695
1.00954 2.0651 4.15114
4.47137e-11 2.69295 4.43655
1.42388 1.8397 3.18402
1.48485 2.11696 2.46445
1.11521 3.32042 1.39649e-11
0.985259 3.48096 7.32569e-12
0.537145 1.01565 5.57515
1.2763 2.05794 3.43664
1.44079 2.77425 7.14538e-12
4.22742e-11 2.05781 5.14512
1.4524 3.37399e-11 4.12489
8.04142e-11 3.72809 2.17441
1.06738 2.8295 2.78075
5.25981e-11 4 5.71497e-12
0.481296 3.88245 6.03544e-12
1.30402 2.83283 1.62476
1.02345 1.26923 4.79044
1.20496 1.81292 3.94177
4.84822e-11 2.27553 4.93451
0.838125 2.97519 3.12433
1.78558 1.26326 1.92738
1.23513 3.14608 7.13631e-12
1.95601 1.13585e-11 1.25143
5.01596e-11 3.60752 2.59193
0.905418 1.83105 4.59111
1.17214 2.48325 3.12412
1.18815 1.0285 4.57325
1.24026 1.58108e-11 4.70699
0.837655 3.63226 8.80829e-12
0.982558 1.94796e-11 5.22601
1.44684e-10 1.04603e-11 6
1.34176 2.96627 1.92813e-11
1.60846 2.37726 1.26771e-11
1.36992 1.48008 3.76576
0.789349 2.25325 4.35532
1.89386 1.28578 8.93752e-12
0.861545 3.35786 1.98758
0.87494 2.48119 3.90623
0.758495 3.55501 1.5448
3.09926e-11 3.19662 3.60674
0.94702 3.11529 2.4682
1.68572e-11 0.827032 5.87035
1.09355 2.2824 3.67646
6.02798e-11 3.02948 3.91792
1.17191e-10 2.86622 4.18518
2.51665e-11 1.2366 5.70608
0.599397 3.45247 2.43874
1.05014 3.23378 1.59558
0.669016 1.70063e-11 5.65436
1.83676 3.73836e-11 2.37423
0.533714 2.39616 4.52966
1.61956 1.94902 1.96121
1.68785 2.14585 1.38575e-11
1.41365 2.51183 1.95408
0.472087 1.46421e-11 5.83046
1.53788 1.61857e-11 3.83591
