1.93276 1.97169 0.151783
1.65159 1.99179 2.62031
0.758947 0.695046 5.45557
1.18321 2.8595 2.6445
1.26802 2.42134 3.21985
1.61095 2.33772 2.17069
0.782517 1.7963 4.91068
1.42395 0.101812 4.60231
0.921237 3.64656 0.4027
1.0004 0.22382 5.32989
0.86304 3.01816 2.97272
1.69265 1.57018 2.99287
1.43338 1.89306 3.39903
0.0609021 3.34002 3.49696
1.12637 0.4549 5.0791
0.0521369 3.50059 3.09212
0.963781 2.54749 3.6161
1.99891 0.151686 2.45033
0.0381108 3.78739 2.12872
1.5125 2.93587 0.101589
0.544866 2.66475 4.32331
1.76045 2.15702 1.42496
1.5963 0.25276 4.08041
0.046074 3.65288 2.63992
1.9991 1.68292 0.15154
1.67837 0.484887 3.7471
0.796613 3.21466 2.65931
1.97548 1.36755 1.80943
1.32776 2.79641 2.15177
1.75517 2.53977 0.15352
1.80872 1.7362 2.05206
1.69392 2.45618 0.987535
0.118614 1.51869 5.739
2.21018 0.211611 0.210434
1.59625 2.75722 0.433889
0.537596 3.36131 2.96163
0.0680656 3.18673 3.82503
1.09408 3.16327 2.15506
0.100386 2.12707 5.27298
0.0891199 2.6002 4.75937
1.55151 2.6348 1.73264
0.0756433 3.01275 4.14855
1.00237 2.02811 4.21402
0.00197252 4.00173 0.00199318
0.596982 3.11747 3.43612
1.43543 2.19322 2.96733
2.14276 1.16248 0.202364
0.871272 1.01091 5.1865
1.81471 0.152742 3.48455
1.62113 1.30045 3.56651
2.07504 0.882464 1.37477
1.12646 3.33782 1.19098
0.800541 2.50631 4.10771
1.30175 1.96473 3.74824
0.991824 2.29339 3.91714
0.988699 1.67066 4.57766
1.53179 0.102341 4.29795
0.606695 2.32223 4.67819
0.411963 0.176852 5.86704
1.81197 1.45153 2.47301
0.839966 0.0533592 5.56908
1.41922 1.54635 3.81668
2.16448 0.201268 1.34505
0.677332 2.86862 3.77328
0.606841 3.59364 1.91006
0.919901 2.79565 3.29337
0.805244 3.75653 0.0524088
0.832966 2.13518 4.50315
1.8009 1.16483 2.83213
2.04234 0.419324 2.06398
1.74581 0.86514 3.3207
0.337712 3.8854 1.01933
0.00170968 0.00165407 6.00165
0.108121 1.86187 5.5006
1.37678 2.53045 2.5702
1.21152 0.850678 4.79389
0.955905 1.34961 4.88069
0.540421 2.00521 5.07825
1.85584 2.24278 0.151703
1.32842 3.26113 0.102321
0.497662 3.73923 1.53427
1.18562 3.4631 0.10504
1.31644 0.967724 4.49139
1.425 3.1007 0.102072
1.01834 3.52002 0.775632
1.91673 0.151565 2.96859
0.652146 3.86786 0.0594271
0.702642 3.43069 2.26093
2.05275 1.33465 0.708639
0.510934 1.33239 5.57141
0.597894 0.397106 5.69855
1.28759 0.1024 4.93397
2.18481 0.71505 0.201502
0.632911 1.58791 5.28686
0.0848239 2.82388 4.45628
1.25064 3.05508 1.71824
1.24726 1.54175 4.30767
1.37875 1.25332 4.16233
0.0950003 2.37897 5.02057
0.0269419 3.91222 1.4535
