1.67997 0.0910946 3.27148
0.0994847 3.67393 2.36999
0.10243 3.78617 1.93041
1.24172 2.34294 3.14492
1.03751 0.0574454 5.13813
0.0837481 3.07342 3.8418
1.92271 0.103808 1.68242
0.632545 1.41021 5.29244
1.71603 2.07338 0.00483853
0.45979 0.0271878 5.84478
0.402248 3.9246 0.00485073
0.855047 2.08549 4.44251
1.60491 0.0871649 3.59458
0.034948 1.21106 5.72248
1.86857 0.100971 2.16306
0.610192 3.26689 2.95484
0.833194 2.69314 3.67926
1.33207 1.90476 3.46214
1.80796 0.097795 2.58555
0.0789218 2.88908 4.15193
0.563638 2.80379 3.9428
1.74636 0.0945704 2.94205
1.24735 1.66659 3.98273
1.55282 2.53514 0.00534726
0.676659 3.01479 3.3952
1.25582 0.0688792 4.67987
0.683337 3.76627 0.00943151
0.0918232 3.38149 3.2052
0.0737797 2.69294 4.43934
1.05331 2.53968 3.40806
0.944078 2.33278 3.98012
1.89785 1.28952 0.0110846
1.94631 0.958212 0.00645342
1.16597 1.32822 4.46137
1.84602 1.56299 0.00535623
0.923391 0.0514667 5.33013
1.39475 2.66435 1.62537
1.14959 2.72467 2.74198
1.31894 2.53518 2.45024
0.948814 3.53008 0.00571874
0.0632327 2.29048 4.92239
1.15052 0.0633638 4.91718
1.23944 2.88474 1.88898
1.48088 1.68068 3.167
1.18565 3.23145 0.00820921
0.0242627 0.80327 5.88175
0.672552 2.50365 4.2334
0.109896 3.99907 0.00827981
1.45117 2.76534 0.00430144
1.28129 3.08395 0.00485954
0.608982 2.23832 4.63478
1.55049 1.12472 3.41143
1.59684 2.16952 1.60833
1.41426 1.33213 3.75816
1.8286 1.10836 1.80762
0.550072 3.85239 0.00619445
1.40475 2.15341 2.81586
1.75615 1.5872 1.64387
0.536133 1.03587 5.57455
0.0503473 1.79868 5.3631
1.97106 0.106339 1.06474
1.66222 1.78244 2.02772
0.105185 3.89151 1.37834
0.539509 3.47566 2.50832
0.534909 1.91191 5.02848
0.0570473 2.05439 5.15192
0.800641 3.41491 2.02348
1.08157 3.04609 2.16981
1.06684 1.88539 4.22705
0.0958245 3.53418 2.80901
2.00396 0.111344 0.00491865
1.61787 1.39586 2.86053
0.643752 0.0368229 5.68708
0.949024 2.88586 3.04385
1.31195 1.1084 4.22573
0.863144 1.21287 5.10679
1.44811 0.0789491 4.15046
1.06354 3.3972 0.0053296
1.78237 1.83594 0.00472455
1.36171 2.9417 0.00494707
1.63939 2.30769 0.00553095
0.997172 3.28781 1.68468
0.865164 3.16044 2.62592
1.72108 1.21907 2.47432
0.768524 1.76274 4.87734
1.52447 0.0829511 3.8968
1.35504 0.0740781 4.42406
1.54321 1.93619 2.50145
1.059 1.10372 4.82363
0.0435834 1.54057 5.54119
0.0877534 3.22623 3.54793
0.00501348 0.0242267 6.00415
1.47692 2.36182 1.98544
0.0686354 2.49663 4.69095
0.798533 0.0449282 5.50821
0.0127534 0.00574351 6.00453
0.818554 3.65752 0.00535614
0.62238 3.62316 1.75246
1.15143 2.13851 3.72725
0.971268 1.61342 4.6643
