0.997374441278877
0.997374441278877
0.997374441278877
0.997374441278877
0.997374441278877
0.997374441278877
0.997374441278877
0.997374441278877
0.997374441278877
0.997374441278877
0.997374441278877
0.997374441278877
0.997374441278877
0.997374441278877
0.997374441278877
0.997374441278877
0.997374441278877
0.997374441278877
0.997374441278877
0.997374441278877
0.997374441278877
0.997374441278877
0.997374441278877
0.997374441278877
0.997374441278877
0.997374441278877
0.997374441278877
0.997374441278877
0.997374441278877
0.997374441278877
0.997374441278877
0.997374441278877
0.997374441278877
0.997374441278877
0.997374441278877
