0.991711083327032
0.991711083327032
0.991711083327032
0.991711083327032
0.991711083327032
0.991711083327032
0.991711083327032
0.991711083327032
0.991711083327032
0.991711083327032
0.991711083327032
0.991711083327032
0.991711083327032
0.991711083327032
0.991711083327032
0.991711083327032
0.991711083327032
0.991711083327032
0.991711083327032
0.991711083327032
0.991711083327032
0.991711083327032
0.991711083327032
0.991711083327032
0.991711083327032
0.991711083327032
0.991711083327032
0.991711083327032
0.991711083327032
0.991711083327032
0.991711083327032
0.991711083327032
0.991711083327032
0.991711083327032
0.991711083327032
