0.946668898501632
0.946668898501632
0.946668898501632
0.946668898501632
0.946668898501632
0.946668898501632
0.946668898501632
0.946668898501632
0.946668898501632
0.946668898501632
0.946668898501632
0.946668898501632
0.946668898501632
0.946668898501632
0.946668898501632
0.946668898501632
0.946668898501632
0.946668898501632
0.946668898501632
0.946668898501632
0.946668898501632
0.946668898501632
0.946668898501632
0.946668898501632
0.946668898501632
0.946668898501632
0.946668898501632
0.946668898501632
0.946668898501632
0.946668898501632
0.946668898501632
0.946668898501632
0.946668898501632
0.946668898501632
0.946668898501632
