0.991712004107127
0.991721695092898
0.991718541023655
0.991708053053545
0.991720340682463
0.991717940210593
0.9917187088407
0.991720932049454
0.991720124010741
0.991721481162451
0.991711834053344
0.991718678661935
0.991717950364714
0.991719302256699
0.991715478667962
0.991715962608414
0.99172184101766
0.991708554026274
0.991721548021266
0.9917207905911
0.99172267885803
0.991718235558201
0.991720670495053
0.991719223697173
0.991724170916402
0.991714213601964
0.991719651606119
0.991723130309253
0.991719531581913
0.991716393033924
0.991720714751887
0.991717715762108
0.991720393559076
0.991713869315118
0.991716032471137
