0.989022461595648
0.988871554830042
0.988831299318733
0.988913363422115
0.989039648304522
0.989112797786671
0.988980128365136
0.988739169482433
0.988939913682634
0.988952541047436
0.989017413012263
0.988813268623681
0.988815630698585
0.989031356057041
0.989034217164675
0.988923343362221
0.989050276387027
0.988975047922185
0.988964730193924
0.988784471833736
0.988844957550643
0.988864874069941
0.988823112847841
0.988925530566537
0.988954071466002
0.989000025663049
0.988974310700267
0.988907361855448
0.988910031575387
0.988890447914502
0.988782302627077
0.989091232789218
0.988908457272329
0.98892562196464
0.989015552450529
