0.907447862432452
0.907447862432452
0.907447862432452
0.907447862432452
0.907447862432452
0.907447862432452
0.907447862432452
0.907447862432452
0.907447862432452
0.907447862432452
0.907447862432452
0.907447862432452
0.907447862432452
0.907447862432452
0.907447862432452
0.907447862432452
0.907447862432452
0.907447862432452
0.907447862432452
0.907447862432452
0.907447862432452
0.907447862432452
0.907447862432452
0.907447862432452
0.907447862432452
0.907447862432452
0.907447862432452
0.907447862432452
0.907447862432452
0.907447862432452
0.907447862432452
0.907447862432452
0.907447862432452
0.907447862432452
0.907447862432452
