0.991718339118736
0.991722560607716
0.991719250148199
0.99169621352357
0.991720264475328
0.991714284291922
0.991700634259813
0.991719213802152
0.991719209897754
0.991708250509957
0.991709739454657
0.991712028768009
0.991719433280868
0.991723610881171
0.99170121565311
0.991719277237081
0.991720254439452
0.991721877907581
0.991717523696621
0.991699169187154
0.991722284230452
0.991717516152342
0.991719071665429
0.991720391914499
0.991719753581198
0.991722153524033
0.991722137222181
0.991716572861422
0.991709626241242
0.991720919623734
0.991721954112831
0.991717204286417
0.991710705821003
0.991721996880077
0.991720721296276
