0.991711837004019
0.991711837004019
0.991711837004019
0.991711837004019
0.991711837004019
0.991711837004019
0.991711837004019
0.991711837004019
0.991711837004019
0.991711837004019
0.991711837004019
0.991711837004019
0.991711837004019
0.991711837004019
0.991711837004019
0.991711837004019
0.991711837004019
0.991711837004019
0.991711837004019
0.991711837004019
0.991711837004019
0.991711837004019
0.991711837004019
0.991711837004019
0.991711837004019
0.991711837004019
0.991711837004019
0.991711837004019
0.991711837004019
0.991711837004019
0.991711837004019
0.991711837004019
0.991711837004019
0.991711837004019
0.991711837004019
