0.808537207182358
0.808537207182358
0.808537207182358
0.808537207182358
0.808537207182358
0.808537207182358
0.808537207182358
0.808537207182358
0.808537207182358
0.808537207182358
0.808537207182358
0.808537207182358
0.808537207182358
0.808537207182358
0.808537207182358
0.808537207182358
0.808537207182358
0.808537207182358
0.808537207182358
0.808537207182358
0.808537207182358
0.808537207182358
0.808537207182358
0.808537207182358
0.808537207182358
0.808537207182358
0.808537207182358
0.808537207182358
0.808537207182358
0.808537207182358
0.808537207182358
0.808537207182358
0.808537207182358
0.808537207182358
0.808537207182358
