0.946727309529254
0.946727309529254
0.946727309529254
0.946727309529254
0.946727309529254
0.946727309529254
0.946727309529254
0.946727309529254
0.946727309529254
0.946727309529254
0.946727309529254
0.946727309529254
0.946727309529254
0.946727309529254
0.946727309529254
0.946727309529254
0.946727309529254
0.946727309529254
0.946727309529254
0.946727309529254
0.946727309529254
0.946727309529254
0.946727309529254
0.946727309529254
0.946727309529254
0.946727309529254
0.946727309529254
0.946727309529254
0.946727309529254
0.946727309529254
0.946727309529254
0.946727309529254
0.946727309529254
0.946727309529254
0.946727309529254
