0.900086135644145
0.900086135644145
0.900086135644145
0.900086135644145
0.900086135644145
0.900086135644145
0.900086135644145
0.900086135644145
0.900086135644145
0.900086135644145
0.900086135644145
0.900086135644145
0.900086135644145
0.900086135644145
0.900086135644145
0.900086135644145
0.900086135644145
0.900086135644145
0.900086135644145
0.900086135644145
0.900086135644145
0.900086135644145
0.900086135644145
0.900086135644145
0.900086135644145
0.900086135644145
0.900086135644145
0.900086135644145
0.900086135644145
0.900086135644145
0.900086135644145
0.900086135644145
0.900086135644145
0.900086135644145
0.900086135644145
