0.914401686071885
0.914401686071885
0.914401686071885
0.914401686071885
0.914401686071885
0.914401686071885
0.914401686071885
0.914401686071885
0.914401686071885
0.914401686071885
0.914401686071885
0.914401686071885
0.914401686071885
0.914401686071885
0.914401686071885
0.914401686071885
0.914401686071885
0.914401686071885
0.914401686071885
0.914401686071885
0.914401686071885
0.914401686071885
0.914401686071885
0.914401686071885
0.914401686071885
0.914401686071885
0.914401686071885
0.914401686071885
0.914401686071885
0.914401686071885
0.914401686071885
0.914401686071885
0.914401686071885
0.914401686071885
0.914401686071885
