0.690094153585233
0.690094153585233
0.690094153585233
0.690094153585233
0.690094153585233
0.690094153585233
0.690094153585233
0.690094153585233
0.690094153585233
0.690094153585233
0.690094153585233
0.690094153585233
0.690094153585233
0.690094153585233
0.690094153585233
0.690094153585233
0.690094153585233
0.690094153585233
0.690094153585233
0.690094153585233
0.690094153585233
0.690094153585233
0.690094153585233
0.690094153585233
0.690094153585233
0.690094153585233
0.690094153585233
0.690094153585233
0.690094153585233
0.690094153585233
0.690094153585233
0.690094153585233
0.690094153585233
0.690094153585233
0.690094153585233
