0.664488727145525
0.664488727145525
0.664488727145525
0.664488727145525
0.664488727145525
0.664488727145525
0.664488727145525
0.664488727145525
0.664488727145525
0.664488727145525
0.664488727145525
0.664488727145525
0.664488727145525
0.664488727145525
0.664488727145525
0.664488727145525
0.664488727145525
0.664488727145525
0.664488727145525
0.664488727145525
0.664488727145525
0.664488727145525
0.664488727145525
0.664488727145525
0.664488727145525
0.664488727145525
0.664488727145525
0.664488727145525
0.664488727145525
0.664488727145525
0.664488727145525
0.664488727145525
0.664488727145525
0.664488727145525
0.664488727145525
