0.903040646415166
0.903040646415166
0.903040646415166
0.903040646415166
0.903040646415166
0.903040646415166
0.903040646415166
0.903040646415166
0.903040646415166
0.903040646415166
0.903040646415166
0.903040646415166
0.903040646415166
0.903040646415166
0.903040646415166
0.903040646415166
0.903040646415166
0.903040646415166
0.903040646415166
0.903040646415166
0.903040646415166
0.903040646415166
0.903040646415166
0.903040646415166
0.903040646415166
0.903040646415166
0.903040646415166
0.903040646415166
0.903040646415166
0.903040646415166
0.903040646415166
0.903040646415166
0.903040646415166
0.903040646415166
0.903040646415166
