0.932956401138899
0.932956401138899
0.932956401138899
0.932956401138899
0.932956401138899
0.932956401138899
0.932956401138899
0.932956401138899
0.932956401138899
0.932956401138899
0.932956401138899
0.932956401138899
0.932956401138899
0.932956401138899
0.932956401138899
0.932956401138899
0.932956401138899
0.932956401138899
0.932956401138899
0.932956401138899
0.932956401138899
0.932956401138899
0.932956401138899
0.932956401138899
0.932956401138899
0.932956401138899
0.932956401138899
0.932956401138899
0.932956401138899
0.932956401138899
0.932956401138899
0.932956401138899
0.932956401138899
0.932956401138899
0.932956401138899
