0.5784615531988
0.297214438657416
0.578459760214168
0.286879259458165
0.578464260923598
0.156309387859058
0.578461879127235
0.57846616716633
0.162744608305495
0.183134299965355
0.213539111382935
0.147498545638838
0.578470201523474
0.578462957010365
0.209427096247633
0.356351521017658
0.578465042152367
0.442047226070071
0.19419823516556
0.578464683588414
0.247214625537335
0.172909256265864
0.384991497449548
0.174941034858783
0.578467049840194
0.16643683498728
0.167733093908005
0.57846594419472
0.151429845102693
0.578466828029276
0.168647184505458
0.193237924165349
0.578461955148681
0.186375345501616
0.180380325910845
