0.865703636205698
0.865703636205698
0.865703636205698
0.865703636205698
0.865703636205698
0.865703636205698
0.865703636205698
0.865703636205698
0.865703636205698
0.865703636205698
0.865703636205698
0.865703636205698
0.865703636205698
0.865703636205698
0.865703636205698
0.865703636205698
0.865703636205698
0.865703636205698
0.865703636205698
0.865703636205698
0.865703636205698
0.865703636205698
0.865703636205698
0.865703636205698
0.865703636205698
0.865703636205698
0.865703636205698
0.865703636205698
0.865703636205698
0.865703636205698
0.865703636205698
0.865703636205698
0.865703636205698
0.865703636205698
0.865703636205698
