0.991747909152226
0.991747909152226
0.991747909152226
0.991747909152226
0.991747909152226
0.991747909152226
0.991747909152226
0.991747909152226
0.991747909152226
0.991747909152226
0.991747909152226
0.991747909152226
0.991747909152226
0.991747909152226
0.991747909152226
0.991747909152226
0.991747909152226
0.991747909152226
0.991747909152226
0.991747909152226
0.991747909152226
0.991747909152226
0.991747909152226
0.991747909152226
0.991747909152226
0.991747909152226
0.991747909152226
0.991747909152226
0.991747909152226
0.991747909152226
0.991747909152226
0.991747909152226
0.991747909152226
0.991747909152226
0.991747909152226
