0.923537878078712
0.923537878078712
0.923537878078712
0.923537878078712
0.923537878078712
0.923537878078712
0.923537878078712
0.923537878078712
0.923537878078712
0.923537878078712
0.923537878078712
0.923537878078712
0.923537878078712
0.923537878078712
0.923537878078712
0.923537878078712
0.923537878078712
0.923537878078712
0.923537878078712
0.923537878078712
0.923537878078712
0.923537878078712
0.923537878078712
0.923537878078712
0.923537878078712
0.923537878078712
0.923537878078712
0.923537878078712
0.923537878078712
0.923537878078712
0.923537878078712
0.923537878078712
0.923537878078712
0.923537878078712
0.923537878078712
