0.645865495031847
0.645865495031847
0.645865495031847
0.645865495031847
0.645865495031847
0.645865495031847
0.645865495031847
0.645865495031847
0.645865495031847
0.645865495031847
0.645865495031847
0.645865495031847
0.645865495031847
0.645865495031847
0.645865495031847
0.645865495031847
0.645865495031847
0.645865495031847
0.645865495031847
0.645865495031847
0.645865495031847
0.645865495031847
0.645865495031847
0.645865495031847
0.645865495031847
0.645865495031847
0.645865495031847
0.645865495031847
0.645865495031847
0.645865495031847
0.645865495031847
0.645865495031847
0.645865495031847
0.645865495031847
0.645865495031847
