0.966271740932573
0.966230590924822
0.966271407649639
0.966272057416127
0.966271945629667
0.966203175529862
0.96625897172756
0.96627041094538
0.966271586984472
0.966266892314783
0.966162615404759
0.966262188027032
0.966269338014594
0.966271530093322
0.966218427879623
0.966237801026952
0.966271920414222
0.966180520445762
0.966195983346192
0.966264831709708
0.966272128474845
0.966218887844936
0.966242379531653
0.966234426132185
0.966271074039996
0.966270549799437
0.966266355056602
0.966146341832566
0.966258780617685
0.966213079615525
0.966267073677762
0.966270437083122
0.966272095447421
0.96627044190679
0.966269536848989
