0.992729750592145
0.992729750592145
0.992729750592145
0.992729750592145
0.992729750592145
0.992729750592145
0.992729750592145
0.992729750592145
0.992729750592145
0.992729750592145
0.992729750592145
0.992729750592145
0.992729750592145
0.992729750592145
0.992729750592145
0.992729750592145
0.992729750592145
0.992729750592145
0.992729750592145
0.992729750592145
0.992729750592145
0.992729750592145
0.992729750592145
0.992729750592145
0.992729750592145
0.992729750592145
0.992729750592145
0.992729750592145
0.992729750592145
0.992729750592145
0.992729750592145
0.992729750592145
0.992729750592145
0.992729750592145
0.992729750592145
