0.997746326832831
0.997746326832831
0.997746326832831
0.997746326832831
0.997746326832831
0.997746326832831
0.997746326832831
0.997746326832831
0.997746326832831
0.997746326832831
0.997746326832831
0.997746326832831
0.997746326832831
0.997746326832831
0.997746326832831
0.997746326832831
0.997746326832831
0.997746326832831
0.997746326832831
0.997746326832831
0.997746326832831
0.997746326832831
0.997746326832831
0.997746326832831
0.997746326832831
0.997746326832831
0.997746326832831
0.997746326832831
0.997746326832831
0.997746326832831
0.997746326832831
0.997746326832831
0.997746326832831
0.997746326832831
0.997746326832831
