0.991705102444017
0.991705102444017
0.991705102444017
0.991705102444017
0.991705102444017
0.991705102444017
0.991705102444017
0.991705102444017
0.991705102444017
0.991705102444017
0.991705102444017
0.991705102444017
0.991705102444017
0.991705102444017
0.991705102444017
0.991705102444017
0.991705102444017
0.991705102444017
0.991705102444017
0.991705102444017
0.991705102444017
0.991705102444017
0.991705102444017
0.991705102444017
0.991705102444017
0.991705102444017
0.991705102444017
0.991705102444017
0.991705102444017
0.991705102444017
0.991705102444017
0.991705102444017
0.991705102444017
0.991705102444017
0.991705102444017
