0.880072759891851
0.880072759891851
0.880072759891851
0.880072759891851
0.880072759891851
0.880072759891851
0.880072759891851
0.880072759891851
0.880072759891851
0.880072759891851
0.880072759891851
0.880072759891851
0.880072759891851
0.880072759891851
0.880072759891851
0.880072759891851
0.880072759891851
0.880072759891851
0.880072759891851
0.880072759891851
0.880072759891851
0.880072759891851
0.880072759891851
0.880072759891851
0.880072759891851
0.880072759891851
0.880072759891851
0.880072759891851
0.880072759891851
0.880072759891851
0.880072759891851
0.880072759891851
0.880072759891851
0.880072759891851
0.880072759891851
