0.89479472495436
0.89479472495436
0.89479472495436
0.89479472495436
0.89479472495436
0.89479472495436
0.89479472495436
0.89479472495436
0.89479472495436
0.89479472495436
0.89479472495436
0.89479472495436
0.89479472495436
0.89479472495436
0.89479472495436
0.89479472495436
0.89479472495436
0.89479472495436
0.89479472495436
0.89479472495436
0.89479472495436
0.89479472495436
0.89479472495436
0.89479472495436
0.89479472495436
0.89479472495436
0.89479472495436
0.89479472495436
0.89479472495436
0.89479472495436
0.89479472495436
0.89479472495436
0.89479472495436
0.89479472495436
0.89479472495436
