0.912182806233456
0.912182806233456
0.912182806233456
0.912182806233456
0.912182806233456
0.912182806233456
0.912182806233456
0.912182806233456
0.912182806233456
0.912182806233456
0.912182806233456
0.912182806233456
0.912182806233456
0.912182806233456
0.912182806233456
0.912182806233456
0.912182806233456
0.912182806233456
0.912182806233456
0.912182806233456
0.912182806233456
0.912182806233456
0.912182806233456
0.912182806233456
0.912182806233456
0.912182806233456
0.912182806233456
0.912182806233456
0.912182806233456
0.912182806233456
0.912182806233456
0.912182806233456
0.912182806233456
0.912182806233456
0.912182806233456
