0.991713203492475
0.991713203492475
0.991713203492475
0.991713203492475
0.991713203492475
0.991713203492475
0.991713203492475
0.991713203492475
0.991713203492475
0.991713203492475
0.991713203492475
0.991713203492475
0.991713203492475
0.991713203492475
0.991713203492475
0.991713203492475
0.991713203492475
0.991713203492475
0.991713203492475
0.991713203492475
0.991713203492475
0.991713203492475
0.991713203492475
0.991713203492475
0.991713203492475
0.991713203492475
0.991713203492475
0.991713203492475
0.991713203492475
0.991713203492475
0.991713203492475
0.991713203492475
0.991713203492475
0.991713203492475
0.991713203492475
