0.806709354732914
0.806709354732914
0.806709354732914
0.806709354732914
0.806709354732914
0.806709354732914
0.806709354732914
0.806709354732914
0.806709354732914
0.806709354732914
0.806709354732914
0.806709354732914
0.806709354732914
0.806709354732914
0.806709354732914
0.806709354732914
0.806709354732914
0.806709354732914
0.806709354732914
0.806709354732914
0.806709354732914
0.806709354732914
0.806709354732914
0.806709354732914
0.806709354732914
0.806709354732914
0.806709354732914
0.806709354732914
0.806709354732914
0.806709354732914
0.806709354732914
0.806709354732914
0.806709354732914
0.806709354732914
0.806709354732914
