0.847634797404431
0.847634797404431
0.847634797404431
0.847634797404431
0.847634797404431
0.847634797404431
0.847634797404431
0.847634797404431
0.847634797404431
0.847634797404431
0.847634797404431
0.847634797404431
0.847634797404431
0.847634797404431
0.847634797404431
0.847634797404431
0.847634797404431
0.847634797404431
0.847634797404431
0.847634797404431
0.847634797404431
0.847634797404431
0.847634797404431
0.847634797404431
0.847634797404431
0.847634797404431
0.847634797404431
0.847634797404431
0.847634797404431
0.847634797404431
0.847634797404431
0.847634797404431
0.847634797404431
0.847634797404431
0.847634797404431
