0.964289307053036
0.964289307053036
0.964289307053036
0.964289307053036
0.964289307053036
0.964289307053036
0.964289307053036
0.964289307053036
0.964289307053036
0.964289307053036
0.964289307053036
0.964289307053036
0.964289307053036
0.964289307053036
0.964289307053036
0.964289307053036
0.964289307053036
0.964289307053036
0.964289307053036
0.964289307053036
0.964289307053036
0.964289307053036
0.964289307053036
0.964289307053036
0.964289307053036
0.964289307053036
0.964289307053036
0.964289307053036
0.964289307053036
0.964289307053036
0.964289307053036
0.964289307053036
0.964289307053036
0.964289307053036
0.964289307053036
