0.150356 0.150356 0.977131
0.111666 0.111666 0.987452
0.327483 0.327483 0.88629
0.350738 0.350738 0.868312
0.502113 0.502113 0.704106
0.0814084 0.0814084 0.993351
0.513398 0.513398 0.687638
0.673705 0.673705 0.303717
0.401799 0.401799 0.82287
0.661725 0.661725 0.352476
0.626438 0.626438 0.463843
0.270016 0.270016 0.92422
0.319544 0.319544 0.892067
0.472889 0.472889 0.743472
0.631064 0.631064 0.451127
0.234198 0.234198 0.943559
0.535409 0.535409 0.653203
0.454525 0.454525 0.766038
0.490627 0.490627 0.720118
0.286958 0.286958 0.913953
0.540818 0.540818 0.64423
0.617026 0.617026 0.488424
0.703077 0.703077 0.106606
0.4419 0.4419 0.780673
0.243456 0.243456 0.93886
0.681202 0.681202 0.268193
0.669796 0.669796 0.320543
0.62175 0.62175 0.476293
0.380474 0.380474 0.842899
0.577564 0.577564 0.576924
0.562041 0.562041 0.606812
0.705316 0.705316 0.0711238
0.529977 0.529977 0.662003
0.205059 0.205059 0.957028
0.567262 0.567262 0.597015
0.194775 0.194775 0.961315
0.173388 0.173388 0.96947
0.697738 0.697738 0.162243
0.466857 0.466857 0.751058
0.691589 0.691589 0.208352
0.435433 0.435433 0.787907
0.65756 0.65756 0.367735
0.63562 0.63562 0.43815
0.0424335 0.0424335 0.998198
4.32978e-17 4.32978e-17 1
0.524501 0.524501 0.67067
0.303458 0.303458 0.903231
0.365818 0.365818 0.855777
0.343073 0.343073 0.874415
0.684799 0.684799 0.249197
0.507769 0.507769 0.695946
0.162135 0.162135 0.973357
0.707107 0.707107 0
0.373206 0.373206 0.849373
0.648971 0.648971 0.39708
0.694757 0.694757 0.186076
0.215013 0.215013 0.952648
0.422268 0.422268 0.802109
0.644587 0.644587 0.411115
0.448268 0.448268 0.773377
0.0971333 0.0971333 0.99052
0.387705 0.387705 0.836283
0.0636458 0.0636458 0.995941
0.335314 0.335314 0.880414
0.587656 0.587656 0.556167
0.551527 0.551527 0.625809
0.478878 0.478878 0.735766
0.415548 0.415548 0.809099
0.556786 0.556786 0.616424
0.592673 0.592673 0.545415
0.428915 0.428915 0.795024
0.12523 0.12523 0.984193
0.295239 0.295239 0.908663
0.67749 0.67749 0.28638
0.665806 0.665806 0.336758
0.688262 0.688262 0.229327
0.582652 0.582652 0.566598
0.572449 0.572449 0.587031
0.252467 0.252467 0.934088
0.311561 0.311561 0.897697
0.224729 0.224729 0.948153
0.394813 0.394813 0.829606
0.700529 0.700529 0.136079
0.496398 0.496398 0.712165
0.612235 0.612235 0.500337
0.278546 0.278546 0.919143
0.653298 0.653298 0.382628
0.546199 0.546199 0.635085
0.18433 0.18433 0.965425
0.518971 0.518971 0.679219
0.358331 0.358331 0.862089
0.408724 0.408724 0.81602
0.484796 0.484796 0.727974
0.261346 0.261346 0.929191
0.597638 0.597638 0.53447
0.460731 0.460731 0.758586
0.6074 0.6074 0.511988
0.60255 0.60255 0.523324
0.640123 0.640123 0.424836
0.138107 0.138107 0.980741
