1.4965e-17 0.279955 0.220045
0.045148 0.196861 0.257991
0.0157905 0.179717 0.304493
0.0170912 0.0178029 0.465106
0.242138 0.221097 0.036765
0.243826 0.0954924 0.160681
0.0365909 0.0470213 0.416388
0.361936 0.128844 0.00921993
0.201622 0.248735 0.0496427
0.310773 0.152667 0.0365597
9.91971e-18 0.219584 0.280416
0.0705132 0.393872 0.0356152
0.246806 0.0368344 0.21636
0.192038 0.122874 0.185088
0.289621 0.133613 0.0767659
0.051653 0.0761651 0.372182
0.19742 0.0564663 0.246114
0.103084 0.0349036 0.362012
0.156347 0.073337 0.270316
0.134505 0.0477894 0.317706
0.0273058 0.424793 0.0479012
0.209243 0 0.290757
0.0786558 0.0194818 0.401862
0.266198 0 0.233802
0.367263 0.0675231 0.0652143
0.0870833 0.313787 0.0991293
0.295163 0.0681752 0.136661
0.417128 0.0669401 0.0159315
0.119291 0.372128 0.00858062
0.317251 0.0895121 0.0932371
0.12053 0.092191 0.287279
0.0654759 0.153606 0.280918
0.117419 0.193134 0.189446
0.240352 0.160436 0.0992112
0.0684705 0.21812 0.213409
0.406561 0.0413325 0.0521066
0.266923 0.114339 0.118738
0.389351 0.0138368 0.0968123
2.48746e-17 0.465338 0.0346625
0.162327 0.236109 0.101564
0.0176999 0.242178 0.240123
7.10489e-18 0.157275 0.342725
0.0906435 0.0704032 0.338953
0.219336 0.27096 0.00970394
0.115568 0.262012 0.12242
0.0462536 0.453746 0
0 0.5 5.55112e-17
0.169314 0.272116 0.0585704
0.0438473 0.130853 0.3253
0.0581553 0 0.441845
0.265165 0.179476 0.0553586
0.453236 0.0467637 0
0.16765 0.103424 0.228926
0.129148 0.289888 0.0809642
0.140998 0.214136 0.144866
0.291572 0.201704 0.00672372
0.342837 0.0452514 0.111911
0.341379 0.109037 0.0495838
0.32367 0.0186584 0.157672
0.214409 0.205416 0.0801748
4.40466e-17 1.14645e-17 0.5
0.166196 0.167882 0.165922
0.04693 0.261367 0.191703
0.0923123 0.173518 0.234169
0.225285 0.0155671 0.259148
0.330842 0.169158 5.55112e-17
0.273134 0.0492863 0.17758
0.116781 0 0.383219
0.364291 0 0.135709
0.216405 0.141554 0.142041
0.11258 0.130901 0.256519
0.072243 0.284638 0.143119
4.47724e-18 0.0991088 0.400891
0.0185265 0.382212 0.099261
0.0872458 0.412754 0
0.0447898 0.334895 0.120315
0.1565 0.3435 0
6.371e-19 0.360468 0.139532
0.304906 0 0.195094
0.42948 0 0.0705203
0.0321096 0.304349 0.163541
0.18979 0.187962 0.122248
0.462529 0.00690519 0.0305658
0.21882 0.0787856 0.202394
0.194565 0.305435 0
5.65983e-19 0.32023 0.17977
2.65898e-18 0.0588595 0.44114
0.0187243 0.117699 0.363577
0.080483 0.11061 0.308907
0.144953 0.31783 0.0372168
0.259358 0.240642 0
0.157785 0 0.342215
0.397019 0.102981 0
1.87855e-17 0.415838 0.0841623
0.102476 0.342948 0.0545756
0.0588415 0.36521 0.075949
0.17549 0.0248752 0.299634
0.141592 0.147688 0.210721
0.093748 0.238616 0.167636
0.5 0 0
