0.148837 0.294033 0.0571298
0.147059 0.349119 0.00382234
0.0186575 0.28115 0.200192
0.125601 0.0829698 0.291429
0.0355861 0.337102 0.127312
0.272998 0.227002 0
0.277879 0.0158614 0.20626
0.187445 0.018169 0.294386
0.167457 0.181982 0.150561
0.400427 0.0494416 0.0501309
0.0946596 0.278623 0.126717
0.301405 0.106102 0.0924932
0.0146297 0.419727 0.065643
0.17394 0.249267 0.0767925
0.131403 0.266135 0.102461
0.313392 0.186608 0
0.372282 0.0938231 0.0338951
0.215898 0.230734 0.0533675
0.163356 0 0.336644
0.109659 0.390341 0
0.227052 0.0406986 0.232249
0.426657 0.0646707 0.00867195
0.353763 0.146237 0
0.123791 0.331106 0.0451031
0.420895 0.00842669 0.0706783
0.149976 0.106608 0.243417
0.0693738 0.255682 0.174944
7.88624e-18 0.142066 0.357934
0.388485 0 0.111515
0.123779 0.0125215 0.363699
1.97843e-17 0.356402 0.143598
0.0730265 0.0384889 0.388485
0 0.202005 0.297995
0 0.317704 0.182296
0.0505586 0.298945 0.150496
0.233907 0.180109 0.0859838
0.103647 0.125642 0.270711
0.254878 0.0630819 0.18204
1.43647e-17 0.258772 0.241228
0.193484 0.203349 0.103167
0.0560157 0.150753 0.293231
0.0408738 0.370994 0.0881326
0.124037 0.152032 0.223932
0.3486 0.00921703 0.142183
0.25527 0.204364 0.0403668
0.276202 0.0870821 0.136716
0.347666 0.0789175 0.0734165
0.256936 0 0.243064
0.0982226 0 0.401777
0.0820894 0.166627 0.251283
0.173326 0.132017 0.194657
0.195601 0.0811755 0.223224
0.298532 0.170056 0.0314122
0.0597862 0 0.440214
0.036586 0.12231 0.341104
0.220025 0 0.279975
0.0198431 0.21642 0.263737
0.456441 0 0.0435594
0.207295 0.156842 0.135862
0.051199 0.0817503 0.367051
0.173349 0.0603254 0.266326
0.326634 0.125706 0.0476601
0.0756297 0.353575 0.0707954
0.230108 0.115082 0.15481
0.25436 0.133396 0.112244
0.27791 0.152398 0.0696912
0.299208 0.0412721 0.15952
0.14136 0.17455 0.18409
0.21496 0.0963132 0.188726
0 0.0508201 0.44918
0.369387 0.0374682 0.0931445
0.113661 0.231849 0.154491
0.0290678 0.463021 0.00791098
0.0452879 0.237328 0.217385
8.32115e-17 5.52764e-20 0.5
0.0795737 0.103432 0.316994
0.151563 0.221748 0.126689
0.323703 0.0589577 0.11734
0.196392 0.277871 0.0257372
0.46362 0.0363799 0
0.143482 0.0417068 0.314811
0.0678264 0.432174 0
5.66257e-18 0.102008 0.397992
0.0952073 0.20637 0.198422
0.5 0 1.11022e-16
2.51668e-17 0.453365 0.0466349
0.0270222 0.0593749 0.413603
0.0537762 0.404472 0.0417521
2.77556e-17 0.5 0
0.0944443 0.374295 0.0312605
0.0882308 0.316979 0.0947898
0.394968 0.105032 0
0.0228956 0.0139301 0.463174
0.0631648 0.197601 0.239235
0.235907 0.264093 0
0.318487 0 0.181513
0.183156 0.316844 1.11022e-16
2.19393e-17 0.395224 0.104776
0.0989136 0.0593832 0.341703
0.0147138 0.168642 0.316644
