0.42914 0.903238
0.512593 0.858631
0.748122 0.663561
0.723603 0.690216
0.223533 0.974696
0.305376 0.952232
0.477919 0.878404
0.186187 0.982514
0.166009 0.986124
0.363235 0.931698
0.698116 0.715985
0.756098 0.654458
0.349248 0.93703
0.903549 0.428485
0.9311 0.364763
0.786622 0.617435
0.376915 0.926248
0.671765 0.740765
0.680641 0.732617
0.290003 0.957026
0.848836 0.528657
0.989096 0.147275
0.941472 0.33709
0.981903 0.189382
0.576775 0.816903
0.96533 0.261032
0.842357 0.538919
0.0947396 0.995502
0.794002 0.607915
0.441629 0.897198
0.855223 0.518261
0.616306 0.787507
0.205322 0.978695
0.763885 0.645352
6.12323e-17 1
0.48967 0.871908
0.257915 0.966168
0.861533 0.507702
0.740054 0.672548
0.33497 0.942229
0.320342 0.947302
0.144484 0.989507
0.523687 0.85191
0.946486 0.322746
0.80125 0.59833
0.706707 0.707507
0.534664 0.845065
0.274191 0.961675
0.925775 0.378074
0.556053 0.831147
0.771571 0.636143
0.985611 0.169029
0.779129 0.626863
0.873941 0.486031
0.241051 0.970512
0.995317 0.0966619
0.586859 0.809689
0.920374 0.391039
0.992353 0.123429
0.886024 0.46364
0.390334 0.920673
0.880025 0.474928
0.969706 0.244275
0.936336 0.351106
0.403479 0.914989
0.867758 0.496988
0.96081 0.277207
0.063178 0.998002
0.635264 0.772295
0.453933 0.891036
0.897767 0.440471
0.914851 0.403793
0.829093 0.559111
0.466017 0.884776
1 0
0.596797 0.802392
0.951376 0.308032
0.121027 0.992649
0.653727 0.756731
0.808405 0.588627
0.6628 0.748796
0.625856 0.779939
0.978004 0.208584
0.956158 0.292852
0.815427 0.57886
0.909229 0.416295
0.71521 0.698909
0.545442 0.838149
0.997921 0.0644564
0.501224 0.865317
0.689423 0.724359
0.822305 0.569048
0.606615 0.794996
0.731894 0.681419
0.973944 0.226789
0.416441 0.909163
0.644555 0.764558
0.835768 0.549083
0.56648 0.824076
0.891932 0.452169
