0.270603 0.270603 0.923877
0.234375 0.234375 0.94347
0.379748 0.379748 0.843554
0.458472 0.458472 0.761319
0.252823 0.252823 0.933896
0.335883 0.335883 0.87998
0.543026 0.543026 0.640503
0.48939 0.48939 0.721799
0.628253 0.628253 0.458909
0.63292 0.63292 0.445897
0.328156 0.328156 0.885792
0.507592 0.507592 0.696204
0.60368 0.60368 0.520712
0.696527 0.696527 0.172342
0.320361 0.320361 0.891481
0.287753 0.287753 0.913453
0.501545 0.501545 0.704914
0.65063 0.65063 0.391612
0.513587 0.513587 0.687354
0.613745 0.613745 0.496623
0.519573 0.519573 0.678298
0.537191 0.537191 0.650271
0.598494 0.598494 0.53255
0.111481 0.111481 0.987494
0.707107 0.707107 0
0.560277 0.560277 0.610065
0.358376 0.358376 0.862052
0.420139 0.420139 0.804343
0.623499 0.623499 0.471696
0.215099 0.215099 0.95261
0.3124 0.3124 0.897114
0.0811203 0.0811203 0.993398
0.433085 0.433085 0.79049
0.173273 0.173273 0.969512
0.641939 0.641939 0.41932
0.674327 0.674327 0.300944
0.703666 0.703666 0.0985359
0.125112 0.125112 0.984222
0.063396 0.063396 0.995973
0.68782 0.68782 0.231962
0.194763 0.194763 0.961319
0.452176 0.452176 0.768813
0.654815 0.654815 0.377405
0.365605 0.365605 0.855959
0.593253 0.593253 0.544152
0.582532 0.582532 0.566845
0.531356 0.531356 0.65979
0.554574 0.554574 0.6204
0.48324 0.48324 0.73004
0.0422009 0.0422009 0.998217
0.413586 0.413586 0.811106
0.47711 0.47711 0.73806
0.677885 0.677885 0.284507
0.304348 0.304348 0.902632
0.393535 0.393535 0.830819
0.464711 0.464711 0.753716
0.705582 0.705582 0.065635
0.57153 0.57153 0.588819
0.184184 0.184184 0.96548
0.699105 0.699105 0.150018
0.693768 0.693768 0.193315
0.495482 0.495482 0.713438
0.618663 0.618663 0.484265
0.343492 0.343492 0.874086
0.565932 0.565932 0.599535
4.32978e-17 4.32978e-17 1
0.66293 0.66293 0.347919
0.58794 0.58794 0.555567
0.548817 0.548817 0.630555
0.261786 0.261786 0.928943
0.646341 0.646341 0.40557
0.161972 0.161972 0.973411
0.577073 0.577073 0.577905
0.658943 0.658943 0.36275
0.137999 0.137999 0.980771
0.608758 0.608758 0.508751
0.426634 0.426634 0.797476
0.20502 0.20502 0.957044
0.701493 0.701493 0.125758
0.684628 0.684628 0.250141
0.681307 0.681307 0.267658
0.296113 0.296113 0.908094
0.243687 0.243687 0.93874
0.279238 0.279238 0.918723
0.386679 0.386679 0.837233
0.670638 0.670638 0.317
0.406968 0.406968 0.817774
0.439497 0.439497 0.783381
0.0969326 0.0969326 0.99056
0.372745 0.372745 0.849778
0.666845 0.666845 0.332618
0.224846 0.224846 0.948097
0.690873 0.690873 0.213049
0.400287 0.400287 0.824342
0.470918 0.470918 0.745971
0.445883 0.445883 0.77613
0.150255 0.150255 0.977163
0.350977 0.350977 0.868119
0.525484 0.525484 0.669129
0.63745 0.63745 0.4328
