0.727393 2.87866
0.648934 3.45902
0.226437 3.58211
0.140698 3.7228
0.175485 3.64964
0.7119 2.99371
0.0782743 3.86908
0.217482 3.5895
0.816394 2.37759
0.668645 3.31889
0.730541 2.85576
0.70885 3.0167
0.0467096 3.93339
0.655626 3.41247
0.0326691 3.95743
0.69056 3.15525
0.825744 2.35062
0.684387 3.20184
0.101492 3.81557
0.736919 2.81003
0.812047 2.39219
0.65893 3.38907
0.714966 2.9707
0.665435 3.34229
0.681272 3.22524
0.807842 2.40752
0.107157 3.8021
0.0252246 3.96883
0.0957954 3.829
0.733732 2.83277
0.760008 2.65436
0.0722173 3.88234
0.705802 3.03973
0.780992 2.53113
0.803763 2.42349
0.746632 2.74244
0.0598264 3.9082
0.702763 3.06274
0.830815 2.3386
0.795888 2.45727
0.118373 3.77531
0.799773 2.44013
0.770345 2.59111
0.777413 2.55067
0.0841884 3.8558
0.671834 3.29546
0.784642 2.51189
0.753269 2.69793
0.209391 3.59797
0.69363 3.132
0.662194 3.36571
0.194882 3.61709
0.749938 2.72008
0.635163 3.55067
0.236938 3.57622
0.0397846 3.94564
0.00901155 3.99022
0.740122 2.78745
0.181735 3.63836
0.0173687 3.9798
0.675004 3.27201
0.63866 3.52797
0.718041 2.94771
0.163518 3.67304
0.766858 2.61193
0.642121 3.5051
0.699724 3.08578
0.78833 2.49319
0.756629 2.67599
0.135117 3.7357
0.792078 2.47497
0 4
0.763407 2.63306
0.652284 3.43587
0.836317 2.3277
0.0900429 3.84239
0.696677 3.10889
0.146305 3.71008
0.129503 3.74886
0.743371 2.76483
0.0660879 3.89536
0.0533547 3.92093
0.157703 3.68516
0.72426 2.90163
0.687489 3.17846
0.645545 3.48212
0.842442 2.31822
0.67815 3.2486
0.18817 3.62751
0.201921 3.6072
0.859352 2.307
0.15197 3.69752
0.25114 3.5732
0.169437 3.66118
0.77387 2.57064
0.820942 2.36371
0.72114 2.92468
0.123961 3.76198
0.849627 2.31074
0.112765 3.78871
