0.301627 0.953426
0.917482 0.397777
0.725324 0.688408
0.238122 0.971235
0.876445 0.481502
0.938251 0.345955
0.922835 0.385195
0.952708 0.303887
0.142636 0.989775
0.974542 0.224204
0.906386 0.42245
0.966192 0.257825
0.556087 0.831124
0.708087 0.706125
0.616503 0.787352
0.894819 0.446429
0.970439 0.241346
0.434123 0.900854
0.535033 0.844831
0.78315 0.621833
0.856875 0.515524
0.992503 0.122217
0.775126 0.631806
0.943172 0.332306
0.371653 0.928372
0.566485 0.824072
0.119512 0.992833
6.12323e-17 1
0.836054 0.548648
0.933222 0.3593
0.220805 0.975318
0.978514 0.206178
0.59688 0.802331
0.397393 0.917648
0.606766 0.79488
0.989328 0.145702
0.491649 0.870794
0.163925 0.986473
0.183841 0.982956
0.947987 0.318308
0.843142 0.537691
0.716754 0.697326
0.814133 0.580679
0.0623018 0.998057
0.791082 0.61171
0.758844 0.651272
0.502648 0.864491
0.957321 0.289025
0.699303 0.714825
1 4.35984e-17
0.270875 0.962615
0.86357 0.504229
0.524367 0.851492
0.093449 0.995624
0.286477 0.958087
0.409854 0.912151
0.888811 0.458274
0.654334 0.756205
0.316369 0.948636
0.635665 0.771965
0.900645 0.434555
0.422098 0.90655
0.733829 0.679334
0.767026 0.641616
0.51354 0.858066
0.985919 0.167222
0.586859 0.80969
0.82886 0.559456
0.821571 0.570106
0.961824 0.273669
0.457612 0.889152
0.254768 0.967002
0.982305 0.187286
0.358319 0.933599
0.645061 0.764131
0.384678 0.923051
0.663495 0.748181
0.469099 0.883146
0.672573 0.740031
0.480465 0.877014
0.681547 0.731774
0.99541 0.0956994
0.850102 0.526618
0.742207 0.67017
0.344685 0.938718
0.445962 0.895052
0.690449 0.723381
0.545632 0.838025
0.928083 0.372374
0.911973 0.41025
0.626146 0.779706
0.798869 0.601505
0.330728 0.943726
0.806544 0.591175
0.882648 0.470035
0.576707 0.816951
0.870074 0.492922
0.202753 0.97923
0.997961 0.0638314
0.750563 0.660799
