0.655221 0.655221 0.375993
0.375398 0.375398 0.847439
0.539055 0.539055 0.647179
0.282919 0.282919 0.916468
0.698675 0.698675 0.153968
0.470764 0.470764 0.746165
0.683904 0.683904 0.254068
0.707107 0.707107 0
0.693161 0.693161 0.197624
0.112924 0.112924 0.987166
0.368241 0.368241 0.853696
0.403462 0.403462 0.821241
0.583167 0.583167 0.565538
0.457608 0.457608 0.762358
0.703477 0.703477 0.101188
0.06409 0.06409 0.995884
0.588295 0.588295 0.554814
0.477275 0.477275 0.737846
0.561765 0.561765 0.607321
0.417207 0.417207 0.807389
0.607948 0.607948 0.510684
0.662811 0.662811 0.348371
0.49642 0.49642 0.712134
0.612684 0.612684 0.499236
0.315759 0.315759 0.894758
0.593337 0.593337 0.54397
0.323598 0.323598 0.889139
0.502708 0.502708 0.703256
0.639166 0.639166 0.427706
0.544864 0.544864 0.637375
0.444318 0.444318 0.777922
0.550576 0.550576 0.627481
0.307752 0.307752 0.900321
0.677203 0.677203 0.287735
0.208192 0.208192 0.955674
0.647355 0.647355 0.402322
0.15241 0.15241 0.976495
0.237888 0.237888 0.94171
0.197776 0.197776 0.960088
0.353734 0.353734 0.865878
0.186997 0.186997 0.964398
0.598283 0.598283 0.533024
0.430841 0.430841 0.792939
0.630683 0.630683 0.452192
0.52721 0.52721 0.666407
0.533165 0.533165 0.656865
0.651329 0.651329 0.389283
0.247321 0.247321 0.936837
0.228273 0.228273 0.946458
0.21841 0.21841 0.951101
0.490089 0.490089 0.720851
0.567251 0.567251 0.597036
0.572645 0.572645 0.586647
0.670167 0.670167 0.318986
0.680589 0.680589 0.271286
0.139887 0.139887 0.980236
0.299671 0.299671 0.905756
0.175876 0.175876 0.968574
0.701186 0.701186 0.129139
0.0820587 0.0820587 0.993244
0.617295 0.617295 0.487743
0.634962 0.634962 0.440054
0.0981201 0.0981201 0.990326
0.687104 0.687104 0.23617
0.696002 0.696002 0.176531
0.690193 0.690193 0.217407
0.515102 0.515102 0.685083
0.33887 0.33887 0.877687
0.126761 0.126761 0.9838
0.521196 0.521196 0.675803
0.705491 0.705491 0.0675589
0.621833 0.621833 0.476075
0.464206 0.464206 0.754338
0.45098 0.45098 0.770217
0.0426372 0.0426372 0.99818
0.603144 0.603144 0.521954
0.483719 0.483719 0.729405
0.361024 0.361024 0.859839
0.39652 0.39652 0.827976
0.164392 0.164392 0.9726
0.437592 0.437592 0.785511
0.556213 0.556213 0.617458
0.346362 0.346362 0.871818
0.673726 0.673726 0.30362
0.291386 0.291386 0.911147
0.410375 0.410375 0.814362
0.643293 0.643293 0.415148
0.25655 0.25655 0.931861
0.382479 0.382479 0.841083
0.274284 0.274284 0.921703
0.508931 0.508931 0.694246
0.424091 0.424091 0.800184
0.666522 0.666522 0.333912
4.32978e-17 4.32978e-17 1
0.57794 0.57794 0.576169
0.626323 0.626323 0.464153
0.389521 0.389521 0.834593
0.265519 0.265519 0.926822
0.331291 0.331291 0.883455
0.659042 0.659042 0.362392
