6.6263e-17 1.08216
0.449595 0.984342
0.57371 0.917562
0.97114 0.477442
0.640529 0.872231
0.435991 0.990442
1.0018 0.409209
0.845793 0.675054
0.837531 0.685278
0.964655 0.490413
0.422121 0.996432
0.794876 0.734327
0.951327 0.515792
0.983753 0.450881
0.203025 1.06294
0.958049 0.503196
1.07713 0.104199
0.33186 1.03002
0.86208 0.654127
0.347895 1.02471
0.777197 0.753013
0.853967 0.664683
1.0447 0.282254
0.870092 0.643431
0.937555 0.540422
0.721715 0.806344
0.280792 1.04509
0.526236 0.94559
1.08216 6.05534e-17
1.02426 0.349217
0.885819 0.621601
0.995905 0.423363
0.407974 1.00231
0.908665 0.5877
1.07394 0.133101
0.692309 0.831728
0.476013 0.971841
0.977508 0.464265
1.03979 0.299819
0.768207 0.762182
1.06266 0.204517
0.629741 0.880051
1.04944 0.264065
0.393522 1.00807
0.812167 0.715157
0.103353 1.07721
1.00759 0.394739
0.89354 0.610451
0.562064 0.924742
0.223787 1.05876
0.749944 0.780159
0.989886 0.437252
0.378682 1.01374
0.702252 0.823351
0.712043 0.814898
0.901156 0.599151
0.661701 0.85628
0.786068 0.743748
1.07992 0.06949
0.877998 0.632601
1.05844 0.225322
0.944491 0.528205
0.068882 1.07996
0.462918 0.978147
0.513969 0.952313
1.01326 0.379952
0.488867 0.965439
1.06666 0.182467
0.585211 0.91027
0.550251 0.931819
0.740659 0.788979
0.930508 0.552466
1.07044 0.158836
0.618832 0.887756
0.60776 0.895372
0.820694 0.705355
0.59657 0.902867
0.803553 0.724822
0.651191 0.8643
1.05404 0.245096
0.923349 0.56435
0.672039 0.848191
0.682234 0.840012
0.501517 0.958929
0.132032 1.07407
1.02957 0.333245
0.262546 1.04983
0.916058 0.576108
0.243579 1.05439
0.829165 0.695377
0.181053 1.0669
1.03474 0.316813
0.759134 0.77122
0.731243 0.797714
0.36348 1.01929
0.298376 1.04021
0.538355 0.938743
0.315384 1.03518
1.01882 0.364781
0.157591 1.07062
