0.911158 0.620536
0.78303 0.775976
0.602684 0.923064
0.955158 0.550407
0.773487 0.785489
1.0976 0.102692
1.07551 0.241967
0.0703468 1.10015
0.995052 0.474495
0.846187 0.70657
0.753983 0.804229
0.355755 1.04341
1.04153 0.361221
0.529138 0.967102
0.828759 0.726934
0.692274 0.857923
0.590855 0.93068
1.05194 0.3297
0.43324 1.0137
1.01926 0.419988
0.184806 1.08679
1.03064 0.391223
0.20721 1.08275
0.681539 0.866475
0.670677 0.874909
0.475933 0.994365
0.160825 1.0906
0.489614 0.987701
0.801688 0.756684
0.286536 1.06451
0.418405 1.01991
0.447729 1.00738
0.702869 0.849264
0.792404 0.7664
1.0468 0.34566
0.713359 0.840472
0.57886 0.938187
0.516197 0.974071
1.05694 0.313283
0.659683 0.883229
0.733928 0.822572
0.763825 0.794887
0.903423 0.631745
0.962086 0.538205
0.723721 0.831566
1.00127 0.461225
0.819869 0.736945
0.541872 0.960025
1.10027 0.0684735
1.09122 0.156577
0.837545 0.716793
0.566719 0.945571
0.105526 1.09733
1.07111 0.260771
0.988684 0.487626
0.926265 0.597752
0.304658 1.05946
1.09456 0.131205
0.744032 0.813443
0.248547 1.07401
0.228381 1.07848
0.648549 0.891436
1.07974 0.222327
0.267896 1.06935
0.810836 0.746873
0.948091 0.562493
0.503033 0.980934
1.02502 0.405729
0.863112 0.685793
0.637287 0.899522
1.08378 0.201727
0.403243 1.026
0.97564 0.513225
0.854713 0.696232
0.887648 0.653724
0.322154 1.05427
1.03615 0.376398
0.339161 1.04893
1.08761 0.179933
0.895583 0.64281
0.625903 0.90748
1.10239 2.48057e-17
0.940919 0.574408
0.554374 0.952861
0.871403 0.675227
0.91877 0.609209
1.06181 0.296357
1.01338 0.433977
0.387734 1.03196
0.461986 1.00092
0.879587 0.66453
0.98222 0.500518
0.968916 0.525809
1.06654 0.278878
1.00737 0.447741
0.614365 0.915331
0.134794 1.09412
0.933634 0.586176
6.75022e-17 1.10239
0.371922 1.03776
