0.220987 0.745279 4.33805
0.854824 0.159052 3.99013
0.654651 0.228207 5.00023
0.78199 0.855245 2.83349
0.680389 0 5.23186
0.244659 0.173274 5.22764
0.0388821 0.858615 4.25421
0.858645 0.134555 4.04403
0.108385 0.690632 4.95388
0.761167 0 4.64704
0.858026 0.689757 3.4684
0.799584 0.858316 2.74799
0.849671 0.0879687 4.15788
0.858767 0.184764 3.94017
0.752416 0.241052 4.27832
0.0938298 0.227533 5.41495
0.849516 0.675961 3.57573
0.235051 0.657697 4.97489
0.070069 0.850937 4.19676
0.234944 0.134455 5.31434
0.857851 0.646859 3.7803
0.133115 0.735661 4.55935
0.153465 0.152171 5.39133
0.0523063 0.24516 5.4967
0.773646 0.213576 4.16531
0.241391 0.766328 4.18979
0.751651 0.754049 3.40145
0.169621 0.244527 5.23471
0 0.164534 5.67097
0.712996 0.240309 4.56046
0.697444 0.777275 3.65451
0.21913 0.791179 4.06725
0.706777 0.845414 3.347
0.248467 0.248481 5.14664
0.859121 0.249513 3.88025
0.793717 0.231335 4.04623
0.851195 0.214476 3.9021
0.801924 0 4.43103
0.235542 0.72322 4.48612
0.858038 0.746803 3.04835
0.111989 0.113033 5.57864
0.239245 0.701664 4.6464
0.179364 0.857877 3.94965
0.732787 0.22977 4.41946
0.12418 0.854162 4.06954
0.740604 0.130515 4.53055
0.858418 0.816165 2.68537
0.858168 0.779009 2.84894
0.711243 0.712343 3.98904
0.724704 3.55785e-17 4.89836
0.211377 0.850665 3.90573
0.249198 0.859077 3.88027
0.858025 0.718365 3.25238
0.244038 0.0947362 5.40546
0.0969738 0.858594 4.13326
0.242933 3.42392e-18 5.57424
0.782933 0.783331 3.03954
0.0907286 0 5.8408
0.69204 0.857991 3.45112
0.856545 0.661604 3.67728
0.647441 0.856175 3.77665
0.855082 0.7626 2.94581
0.84404 0.732971 3.15444
0.696156 0.208837 4.71145
0.677574 0.852706 3.56166
6.97125e-18 0.761722 4.64356
0.766171 0.848614 2.92765
0 0 6
0.150889 0.858604 4.00692
0.225454 0.0560303 5.49856
0.819363 0.85739 2.67553
0.720392 0.858002 3.23731
0 0.682069 5.21927
0.662686 0.858034 3.66924
0.130582 0.238824 5.3218
0.159445 0 5.68148
0.853925 0.704049 3.36118
0.818352 0.243755 3.94548
0.858163 0.0625592 4.20972
0.843518 0.840104 2.63835
0.858818 0.0344077 4.26165
0 0.100863 5.81706
0.750381 0.858056 3.02419
0.851589 0.79676 2.76274
2.43796e-17 0.802359 4.42923
0.790176 0.121013 4.25312
0.855414 3.42392e-18 4.30763
0.21956 0.681283 4.81276
0.857926 0.110706 4.10072
0 0.23818 5.57572
0.859092 0.859093 2.61402
0.126371 0.786645 4.25791
0.73529 0.85377 3.12987
2.57386e-17 0.725393 4.8933
0.242783 0.815749 3.95395
0.687534 0.108861 4.97615
0.675374 0.239921 4.84437
0.214281 0.218284 5.18141
2.57386e-17 0.85663 4.30731
0.776845 0.700281 3.63539
