0.754973 0.708937 0.112042
0.597107 0.635881 0.569428
0.475625 0.446622 0.812059
0.693625 0.738667 0.241631
0.261907 0.278915 0.968887
0.546326 0.581803 0.669451
0.130426 0.138896 1.02412
0.401717 0.377222 0.884001
0.606476 0.645859 0.54789
0.0492088 0.0524042 1.03921
0.280559 0.263451 0.967993
0.369558 0.347024 0.910017
0.577532 0.615035 0.610999
0.325857 0.347017 0.926567
0.294535 0.313662 0.948681
0.425976 0.453638 0.835396
0.516423 0.484933 0.763726
0.587451 0.625598 0.590473
0.38583 0.362303 0.897219
0.554721 0.520896 0.711394
0.567364 0.604206 0.631002
0.656757 0.61671 0.522943
0.743204 0.697886 0.213852
0.699453 0.744873 0.20263
0.613621 0.576204 0.613667
0.317817 0.298437 0.946075
0.370504 0.394563 0.890043
0.417221 0.39178 0.870382
0.590703 0.554684 0.654619
0.55696 0.593127 0.650482
0.704747 0.750511 0.158726
0.461527 0.433384 0.827225
0.535453 0.570224 0.687943
0.759379 0.713074 1.19195e-17
0.243813 0.259645 0.978913
0.646355 0.606942 0.546787
0.412512 0.4393 0.849694
0.489497 0.459649 0.796396
0.260882 0.244974 0.978294
0.633459 0.674594 0.478313
0.196867 0.184863 1.00608
0.335534 0.315074 0.934492
0.642021 0.683712 0.453296
0.202478 0.215627 0.998818
0.524328 0.558376 0.705994
0.299513 0.28125 0.957246
0.542211 0.509148 0.729318
0.172383 0.161871 1.0145
0.477257 0.508249 0.773976
0.566962 0.53239 0.692997
0.120622 0.113267 1.02847
0.666082 0.709336 0.371897
0.635644 0.596884 0.569927
0.341012 0.363156 0.914855
0.624734 0.586639 0.592192
0.50133 0.533885 0.740787
0.240931 0.22624 0.987876
0.439188 0.467707 0.820667
0.278378 0.296455 0.959036
0.179668 0.191335 1.00809
0.676731 0.635465 0.472599
0.100815 0.094668 1.03247
0.650311 0.69254 0.427332
0.695509 0.653098 0.418163
0.156121 0.146601 1.01944
0.223894 0.238433 0.989015
0.736349 0.691449 0.254596
0.673521 0.717257 0.342114
0.529435 0.497151 0.746773
0.452176 0.481539 0.805474
0.384762 0.409748 0.877038
0.489431 0.521214 0.757577
0.46485 0.495036 0.789926
0.219651 0.206258 0.997167
0.686264 0.644418 0.445979
0.65834 0.701091 0.400238
0.615676 0.655656 0.525536
0.503111 0.472433 0.780267
0.398788 0.424684 0.863563
0.728985 0.684533 0.291764
0.704419 0.661465 0.389086
0.352782 0.331271 0.922461
0.713074 0.759379 0
0.512968 0.546279 0.723584
0.70938 0.755445 0.105889
0.721175 0.6772 0.326248
0.31036 0.330514 0.937852
0.74947 0.703769 0.167731
0.355876 0.378986 0.902692
0.680599 0.724795 0.310787
0.624668 0.665232 0.502381
0.712984 0.669508 0.358529
0.0739587 0.0787614 1.03608
0.666889 0.626224 0.498229
0.432312 0.405951 0.856411
0.578942 0.54364 0.674101
0.44708 0.419818 0.842023
0.602261 0.565537 0.634492
0.68731 0.731942 0.27748
4.5547e-17 4.46548e-17 1.0417
