0.921601 0.660452
1.1041 0.257905
1.13382 0
0.654855 0.925586
0.50795 1.01367
0.559265 0.98629
0.790872 0.812445
1.01304 0.50922
0.424798 1.05123
0.710098 0.883916
1.05349 0.419179
0.330101 1.0847
0.945536 0.625705
0.379283 1.0685
0.275816 1.09976
0.896996 0.693501
0.913477 0.671644
0.643369 0.933607
1.04705 0.435019
1.0777 0.352303
1.13149 0.0726967
0.836883 0.764965
1.05977 0.403034
0.929671 0.649044
1.02007 0.494981
0.584012 0.971841
0.235681 1.10905
0.751642 0.84887
0.953324 0.613774
1.1133 0.214739
0.596111 0.964467
0.620027 0.94927
0.439298 1.04526
0.256285 1.10447
0.453532 1.03916
0.905259 0.68268
0.394832 1.06285
0.781273 0.82168
0.809641 0.793742
0.9764 0.576358
0.827921 0.774657
0.800303 0.803157
0.109366 1.12853
0.761642 0.839909
1.0888 0.316328
0.937632 0.637489
1.12522 0.139414
0.888687 0.704117
0.481225 1.02663
1.12153 0.166495
0.54665 0.993337
0.166557 1.12152
0.494666 1.02022
1.08332 0.334598
0.608148 0.956923
0.139735 1.12518
6.94264e-17 1.13382
0.741489 0.857753
1.12856 0.109111
0.666199 0.917455
0.871766 0.724962
0.688458 0.900873
0.880287 0.714591
0.983892 0.563474
0.31267 1.08985
0.363385 1.07401
0.191267 1.11757
0.294534 1.0949
0.631767 0.941497
0.818844 0.784245
1.00587 0.523232
0.863172 0.735174
1.07188 0.369619
0.72071 0.875284
1.09918 0.278122
0.731194 0.866546
0.845741 0.75516
0.991331 0.550281
1.06589 0.386563
1.04047 0.450512
0.410048 1.05707
0.347016 1.07941
0.214173 1.11341
0.073067 1.13146
0.699344 0.892448
0.467477 1.03296
0.961067 0.601578
0.677397 0.909219
1.0941 0.297477
0.854503 0.745232
0.998633 0.536915
0.53395 1.00022
1.03377 0.465687
0.571702 0.979133
1.02695 0.480544
0.771544 0.830822
1.10881 0.236839
1.11756 0.191343
0.96879 0.589059
0.521059 1.007
