0.2412 0.766424 4.18926
0.244108 0 5.57397
0.222813 0.744933 4.33891
0.856412 0.662996 3.66729
0.854312 0 4.30802
0.646976 0.858052 3.77948
0.761651 0.695342 3.76302
0.816694 0.858442 2.68367
0 0.68163 5.22256
0.248521 0.248555 5.14663
0.69669 0.241708 4.68335
0.226822 0.657745 4.97934
0.127883 0.117253 5.53066
0.859102 0.859101 2.61402
1.28566e-17 0.856607 4.30731
0.850409 0.783233 2.82941
0.797274 0.854316 2.75907
0.857037 0.800238 2.74536
0.840428 0.843753 2.63758
0.85798 0.69231 3.44908
0.239543 0.680301 4.80775
2.35945e-17 0.236144 5.57656
0.185067 0.858763 3.93966
0.700282 0.763892 3.71161
0.159034 0.856335 3.98972
0.115935 0.244587 5.355
0.2495 0.859119 3.88025
0.686582 0 5.1853
0.857782 0.647607 3.77521
0.0623575 0.85399 4.21122
0.706326 0.707038 4.06615
0.18665 0.24555 5.20369
0.761514 4.09278e-17 4.64486
0.216712 0.702504 4.65495
0.735694 0.786706 3.32008
0.847905 0.216646 3.90248
0.782306 0.128569 4.27518
0.166268 4.09278e-17 5.66747
0.112026 0.689618 4.95285
0.65512 0.235862 4.99271
0.219949 0.791138 4.06672
0.856331 0.160088 3.98751
0.858497 0.819884 2.67385
0.848285 0.721791 3.23169
0.779706 0.85819 2.84514
0.213197 0.132889 5.33468
0.85696 0.0627607 4.20948
0.0874096 0.858669 4.15548
0.84955 0.67801 3.56045
0.786469 0.220196 4.08958
0.718752 0.233588 4.52018
0.676116 0.858052 3.57083
0.10438 4.09278e-17 5.80871
0.85657 0.707038 3.3377
0.812334 0.24192 3.96569
4.72272e-19 0.802637 4.42808
0.111855 0.848812 4.10228
0.854644 0.751149 3.01988
2.35945e-17 0.157198 5.68623
0.230273 0.054546 5.49824
0.661806 0.853706 3.67678
0.858666 0.135181 4.04257
0.0342609 0.858821 4.26189
0.152024 0.227888 5.27852
0.760554 0.240616 4.22578
3.62461e-17 0 6
0.778311 0.730233 3.4037
0.859118 0.249491 3.88026
0 0.0894723 5.84371
0.214948 0.850136 3.90234
0.244592 0.1633 5.24735
0.704232 0.858001 3.3587
0 0.76192 4.64232
0.131812 0.738049 4.54546
0.709287 0.129933 4.76124
0.134249 0.858669 4.04474
0.244302 0.0939004 5.40736
0.231597 0.206102 5.1807
0.718848 0.856607 3.24902
0.764155 0.848044 2.94048
0.748558 0.858067 3.03645
0.858018 0.73605 3.12329
0.858762 0.186477 3.93731
0.241558 0.722497 4.48923
0.126343 0.786769 4.25735
0.858814 0.0342969 4.26183
0.0895953 0.20945 5.44132
0.723628 0 4.90629
0.690525 0.847351 3.46819
0.0495177 0.245501 5.5019
0.848079 0.112869 4.10048
0.73356 0.854539 3.14193
0.740786 0.205679 4.38519
2.35945e-17 0.725433 4.89301
0.858134 0.766762 2.91958
0.677307 0.210828 4.85122
0.858684 0.0883843 4.15324
0.80201 4.09278e-17 4.43068
0.242895 0.81563 3.95431
0.789417 0.77856 3.03216
