3.83234e-17 0.625869 0.779928
0.366763 0.439441 0.819986
0.247138 0.934614 0.255772
0.629301 0.693272 0.35122
0.975688 0.219166 2.15914e-17
0.931001 0 0.365018
0.66699 0 0.745067
5.28934e-17 0.863815 0.503809
0.47331 0.690042 0.547558
0.65893 0.429162 0.617764
5.47169e-17 0.893595 0.448874
0.836968 0.547252 2.15914e-17
0.638835 0.769344 0
0.732056 0.354404 0.581801
0.578558 0.483344 0.657
0.846714 0.271954 0.457292
0.529299 0.597577 0.602283
0.700293 0.652738 0.289001
4.87053e-17 0.795419 0.60606
0.66216 0.605333 0.441719
0.580555 0.758197 0.296804
0.545518 0.40315 0.734766
0.489053 0.872254 0
6.12323e-17 1 2.15914e-17
0.902022 0 0.43169
0.282351 0.408269 0.868098
0.306041 0 0.952018
0.797981 0 0.602682
0.428929 0.767124 0.477012
5.97004e-17 0.974982 0.222285
0.453502 0 0.891255
0.847962 0.452708 0.275711
0.513535 0 0.858069
0.957125 0 0.289674
5.81568e-17 0.949772 0.312942
0.19782 0.980238 0
0.418697 0.641491 0.642792
0.760728 0.455011 0.46288
0.682842 0.730566 0
0.591826 0.806066 0
0.346136 0.295113 0.89056
4.09582e-17 0.668899 0.743354
0.532692 0.729084 0.429738
2.80574e-17 0.458212 0.888843
0.434054 0.900887 0
0.624579 0.325305 0.709984
1 0 0
0.868916 0 0.494959
0.953902 0.300117 2.15914e-17
2.39898e-17 0.391783 0.920058
0.512332 0.329875 0.792905
0.618903 0 0.785468
4.37733e-17 0.714873 0.699254
0.338842 0.597768 0.72654
3.51583e-17 0.574178 0.81873
0.339628 0.727552 0.596087
0.692581 0.280018 0.664772
0.715428 0 0.698686
0.804038 0.594578 0
0.734725 0.57063 0.366824
0.321247 0.892775 0.315837
0.404161 0.848456 0.341724
0.727342 0.686275 0
0.760625 0 0.649192
0.374498 0.927228 0
0.569104 0 0.822266
0.833093 0 0.553133
5.64041e-17 0.921148 0.389211
0.818754 0.40395 0.408004
0.788384 0.313316 0.529418
4.64071e-17 0.757885 0.652388
0.325985 0.832794 0.447424
0.578033 0.649376 0.494155
0.870777 0.491679 0
0.28261 0.682048 0.674494
0.289092 0.538382 0.791562
0.541675 0.840588 0
0.697649 0.500202 0.512916
0.877854 0.33653 0.340765
0.768955 0.639303 2.15914e-17
5.08683e-17 0.830742 0.556657
0.387586 0 0.921833
1.93147e-17 0.315433 0.948948
0.981078 0 0.193614
0.434239 0.482926 0.760407
0.790663 0.524284 0.316193
0.902152 0.431418 1.75483e-18
1.37856e-17 0.225136 0.974327
3.17595e-17 0.518672 0.854973
0.295827 0.955242 2.15914e-17
0.61975 0.550168 0.559665
0.2045 0 0.978867
0.296226 0.78838 0.539172
0.446062 0.298282 0.843834
0.917986 0.280067 0.280828
4.56062e-18 6.10623e-17 1
0.497093 0.806207 0.320825
0.478014 0.542225 0.69101
0.255543 0.257803 0.931792
0.929293 0.369342 2.15914e-17
