0.149208 1.01271
0.462065 0.913427
0.894211 0.498237
0.848346 0.572854
0.650206 0.790623
0.411135 0.937454
6.26803e-17 1.02365
0.968684 0.330915
0.498245 0.894206
0.996837 0.232741
0.356589 0.95953
0.577506 0.845186
0.827383 0.602735
0.609469 0.822436
0.191929 1.00549
0.98336 0.284353
0.312477 0.974787
0.566587 0.852544
0.211383 1.00158
1.01883 0.0992004
0.861846 0.552335
1.01243 0.151106
0.264641 0.988847
0.881478 0.520431
0.619859 0.814633
0.978592 0.300351
0.918775 0.451337
1.01578 0.126682
0.555532 0.859789
0.171302 1.00921
0.750295 0.696354
0.855139 0.562663
0.841457 0.582927
0.790277 0.650627
0.544363 0.866904
0.805468 0.631723
1.02365 8.92586e-17
1.02151 0.0661812
1.00503 0.194358
0.327526 0.969835
0.58828 0.837723
0.509976 0.887568
0.766683 0.67827
0.640236 0.798718
0.924707 0.439056
0.449649 0.919602
0.930533 0.426569
0.758578 0.687323
0.486406 0.900701
0.72481 0.722843
0.875019 0.53122
0.697875 0.748881
0.947473 0.387489
0.630116 0.806726
0.733421 0.714105
0.900484 0.486808
0.669717 0.774165
0.660033 0.782438
0.77468 0.669121
0.988002 0.267777
0.906645 0.475234
0.342209 0.964752
0.281082 0.9843
0.963547 0.345586
0.952924 0.373883
0.941922 0.400795
0.936274 0.413817
0.247576 0.993257
0.868478 0.541848
0.397892 0.943152
0.820221 0.612446
0.715962 0.731609
0.0979273 1.01895
0.521582 0.880798
0.992494 0.250615
0.797928 0.64122
0.370634 0.954192
0.474289 0.90714
0.782541 0.659911
0.887892 0.509412
0.424168 0.93163
0.22988 0.997501
0.741916 0.705276
0.834465 0.592892
0.384395 0.948732
0.973697 0.31586
0.296995 0.979616
0.0653063 1.02156
0.812881 0.622155
0.912756 0.46339
1.00884 0.173489
0.688665 0.75736
0.958298 0.359886
0.598938 0.830136
0.707006 0.740267
0.125038 1.01598
0.533014 0.873927
0.679263 0.765803
1.00102 0.214042
0.437024 0.925669
