0.655367 0.838109
0.367762 0.99834
0.983882 0.404857
0.959467 0.459735
0.817594 0.680788
0.694977 0.805568
0.287878 1.02424
1.0119 0.328625
1.06174 0.068101
0.665483 0.830099
0.25278 1.03346
0.0990182 1.05931
1.04484 0.200621
1.01711 0.312111
0.634652 0.853902
0.151325 1.05311
0.750386 0.754224
0.556088 0.907027
0.50675 0.935488
0.645105 0.846033
0.878214 0.600561
0.841014 0.651635
0.940183 0.497984
0.567861 0.899704
0.767892 0.736393
0.933605 0.510211
0.732416 0.771686
0.590899 0.884743
0.304628 1.01938
0.825506 0.671172
0.741488 0.762973
0.946698 0.485485
0.234495 1.03776
0.83332 0.661446
0.885403 0.58991
1.05247 0.155699
0.870937 0.611065
0.531856 0.921445
1.02216 0.295151
0.89958 0.568057
0.215226 1.04193
0.613183 0.869448
0.784917 0.718219
1.00104 0.360358
0.989721 0.390364
0.713966 0.788788
0.411853 0.980974
1.03177 0.25959
0.440113 0.968624
0.60213 0.877138
0.995453 0.375507
0.195104 1.04588
0.453847 0.962266
0.759182 0.745369
0.926943 0.522215
0.913434 0.545501
0.675456 0.822005
0.776469 0.727344
0.793269 0.708983
0.126587 1.05637
0.397446 0.986899
0.977923 0.419046
0.920224 0.533966
0.544085 0.914278
0.953134 0.472724
1.03633 0.240743
0.965721 0.446448
1.05589 0.130496
0.337082 1.00911
0.848612 0.641708
0.426119 0.974862
0.519411 0.928518
0.270557 1.02895
1.04069 0.221115
0.90655 0.556866
0.493846 0.942364
0.0659889 1.06187
0.704548 0.797211
1.02706 0.277639
0.801489 0.699677
0.579514 0.892242
0.321112 1.01431
0.723269 0.780265
0.480732 0.94912
1.06392 0
1.04878 0.178874
0.809595 0.690282
0.382698 0.992711
1.05901 0.102169
0.35246 1.00384
0.173917 1.04961
6.51465e-17 1.06392
0.863572 0.621431
0.624046 0.861684
0.892539 0.579057
0.856132 0.631641
1.00654 0.344701
0.467386 0.955763
0.685269 0.813843
0.971865 0.43291
