0.983179 0.182643
0.651331 0.758794
0.298065 0.954546
0.862635 0.505827
0.383868 0.923388
0.686173 0.727438
0.470245 0.882536
0.8058 0.592188
0.918166 0.396195
0.492978 0.870042
0.767728 0.640776
0.929115 0.36979
0.248818 0.96855
0.422412 0.906404
0.546489 0.837466
0.481737 0.876316
0.313384 0.949627
0.775501 0.631347
0.869298 0.494289
0.458632 0.888626
0.396968 0.917833
0.727874 0.685711
0.668931 0.743325
0.958806 0.284062
0.923723 0.38306
0.193033 0.981192
0.975683 0.219184
0.409807 0.912172
0.820536 0.571594
0.446789 0.89464
0.98665 0.162854
0.989903 0.141746
0.735976 0.677007
0.342678 0.939453
0.282274 0.959334
0.0985582 0.995131
0.963235 0.268661
0.504055 0.863672
0.719712 0.694273
0.954187 0.299212
0.894751 0.446566
0.711443 0.702744
0.703093 0.711098
0.566726 0.823906
0.231082 0.972934
0.798327 0.602224
0.855862 0.517204
0.998078 0.0619716
0.370485 0.928838
0.82777 0.561068
0.328217 0.944602
0.971687 0.23627
0.888571 0.458739
0.906709 0.421756
0.75988 0.650063
0.694655 0.719343
0.212552 0.97715
0.660183 0.751105
0.934393 0.356244
0.813222 0.581954
0.882278 0.470729
0.949443 0.313939
0.677577 0.735452
0.751993 0.659171
0.979517 0.201362
0.74401 0.668168
0.556675 0.83073
0.642377 0.766389
0.93954 0.34244
0.53613 0.844135
0.356741 0.934203
0.912522 0.409028
0.900808 0.434218
6.12323e-17 1
1 0
0.586392 0.810028
0.944576 0.328292
0.842012 0.539459
0.576633 0.817003
0.834929 0.550358
0.614884 0.788617
0.514897 0.857252
0.596011 0.802976
0.995671 0.0929514
0.172365 0.985033
0.848983 0.52842
0.265828 0.96402
0.624153 0.781302
0.434735 0.900559
0.605503 0.795843
0.12584 0.992051
0.525596 0.850734
0.790753 0.612136
0.150114 0.988669
0.87584 0.482601
0.0657441 0.997837
0.783153 0.621829
0.96753 0.252755
0.992926 0.118736
0.633311 0.773897
