0.443515 0.896267 0
0.864375 0 0.502847
0.762709 0.580059 0.286018
0.829157 0 0.559015
0.821066 0.570834 0
0.705833 0.708378 0
0.694821 0.48866 0.52767
4.67474e-17 0.763442 0.645876
0.439424 0.567232 0.696531
0.441838 0 0.897095
0.449692 0.82576 0.340437
0.222724 0 0.974882
4.90367e-17 0.80083 0.598892
3.2942e-17 0.537983 0.842956
0.959846 0.280528 0
1.15357e-17 0.188392 0.982094
2.5373e-17 0.414372 0.910108
0.694372 0.631218 0.345559
0.910245 0.41407 0
0.620721 0.784031 0
0.974129 0 0.225992
0.745038 0.667022 0
5.12221e-17 0.83652 0.547937
0.755828 0 0.65477
0.492274 0.457003 0.74082
0.867 0.404519 0.29099
1 0 0
0.304013 0.49432 0.814385
5.50067e-17 0.898327 0.439328
0.272319 0.423952 0.863775
0.64572 0.603656 0.467596
0.982266 0.187495 0
0.936385 0.350973 0
6.12323e-17 0 1
0.342335 0.659913 0.668821
0.773993 0.424269 0.470032
0.566794 0.82386 0
0.712932 0 0.701233
5.8298e-17 0.952078 0.305856
1.72614e-17 0.2819 0.959444
0.371681 0.928361 0
0.591236 0.722376 0.358626
0.555171 0.503591 0.661953
0.609609 0.369461 0.701338
0.893902 0 0.448262
5.3249e-17 0.869622 0.493719
0.504201 0 0.863586
0.456033 0.721357 0.521228
2.93223e-17 0.47887 0.877886
0.295517 0.955337 0
4.43235e-17 0.723858 0.689949
0.653894 0.69285 0.303944
0.39634 0.87771 0.269331
0.375327 0.519643 0.767529
0.395339 0.786907 0.473798
4.19577e-17 0.685222 0.728334
0.508434 0.861101 0
5.96825e-17 0.97469 0.223562
0.318039 0.854867 0.409944
0.881842 0.471546 0
0.809422 0.480724 0.337255
0.539265 0.794947 0.277943
0.950023 0 0.31218
5.67316e-17 0.926497 0.376303
0.317327 0.298916 0.899974
0.784185 0.620527 0
2.15823e-17 0.352466 0.935824
0.907001 0.290815 0.304592
0.296242 0.739208 0.604825
0.602637 0.558247 0.570254
0.378086 0 0.92577
0.584887 0.281802 0.760588
0.278578 0.808389 0.518558
0.405002 0.393414 0.825347
0.851297 0.524685 0
0.651618 0.438219 0.61916
0.421486 0.689843 0.588614
6.12323e-17 1 0
0.282726 0.912035 0.297082
0.561584 0 0.82742
0.923342 0 0.383979
0.499256 0.611667 0.613683
0.667236 0 0.744846
0.197683 0.980266 0
0.512975 0.333385 0.791019
0.791408 0 0.611288
0.292747 0.606639 0.739113
0.504959 0.754981 0.418353
0.560262 0.662867 0.496703
0.804462 0.286117 0.520556
3.61513e-17 0.590396 0.807114
0.845322 0.332548 0.418141
0.68665 0.294061 0.664861
0.448212 0.275911 0.850282
0.732206 0.536661 0.419368
3.91495e-17 0.639361 0.768907
0.737272 0.344815 0.580976
0.616337 0 0.787483
0.306734 0 0.951795
0.664467 0.747318 0
