0.607192 0.708149 0.598057
0.665386 0.776018 0.427653
0.610084 0.523108 0.76288
0.478435 0.557983 0.829208
0.238463 0.278112 1.04576
0.806772 0.691755 0.313726
0.595625 0.51071 0.782455
0.534215 0.458055 0.855938
0.152654 0.178036 1.08297
0.351433 0.301331 1.00674
0.294562 0.343539 1.01146
0.55246 0.644316 0.712373
0.209249 0.179417 1.07324
0.80058 0.766095 0
0.218479 0.254806 1.05602
0.465095 0.542425 0.84693
0.149122 0.127863 1.09052
0.377917 0.440752 0.943794
0.690209 0.804968 0.321664
0.651546 0.558659 0.700869
0.721268 0.841191 0
0.0590315 0.0506157 1.10534
0.257756 0.300612 1.0349
0.329242 0.383984 0.985894
0.586012 0.683447 0.646003
0.563866 0.657619 0.690958
0.637311 0.743275 0.518852
0.408383 0.476284 0.91335
0.312162 0.364065 0.99892
0.57505 0.670663 0.668849
0.516689 0.602598 0.773135
0.430485 0.369114 0.951981
0.235986 0.202343 1.06358
0.673988 0.786051 0.39458
0.437452 0.510187 0.881008
0.779169 0.668088 0.417593
0.755154 0.755378 0.294917
0.736892 0.631837 0.534418
0.330127 0.283062 1.01918
0.484336 0.415287 0.905972
0.725593 0.62215 0.560602
0.308062 0.264143 1.03109
0.19758 0.230431 1.06569
0.75863 0.650477 0.478737
0.716738 0.835909 0.123986
0.411633 0.352949 0.966341
0.702205 0.602096 0.610096
0.711097 0.82933 0.185425
0.822845 0.705537 0.23016
0.540812 0.630731 0.733165
0.638049 0.547086 0.722094
0.504228 0.588065 0.792316
0.815107 0.698902 0.273801
0.682261 0.7957 0.35946
0.841191 0.721268 6.14023e-17
0.392135 0.336231 0.980311
0.276445 0.322409 1.02345
4.41828e-17 5.14928e-17 1.10807
0.362152 0.422366 0.958271
0.627486 0.731816 0.546385
0.518059 0.444202 0.873
0.624266 0.535268 0.742705
0.677485 0.5809 0.65681
0.656275 0.765393 0.45968
0.765975 0.800695 0
0.565773 0.485115 0.819996
0.788775 0.676324 0.385031
0.423045 0.493384 0.897461
0.45146 0.526524 0.864168
0.797978 0.684215 0.350587
0.664653 0.569897 0.679179
0.720177 0.720589 0.435805
0.689992 0.591624 0.633816
0.393317 0.458713 0.928824
0.747898 0.641274 0.507195
0.285136 0.244486 1.04248
0.769067 0.659426 0.448913
0.501391 0.42991 0.889727
0.714058 0.612259 0.585739
0.448945 0.384942 0.937069
0.580891 0.498077 0.801446
0.113711 0.0974995 1.0979
0.124552 0.145261 1.09143
0.697741 0.813753 0.280699
0.180613 0.154864 1.08223
0.704724 0.821897 0.235964
0.49145 0.573162 0.811044
0.466877 0.400317 0.921739
0.0887012 0.0760556 1.1019
0.617435 0.720094 0.572772
0.596716 0.695931 0.622447
0.550148 0.471716 0.838243
0.646895 0.754452 0.49006
0.26115 0.223919 1.05332
0.836182 0.716973 0.120747
0.829936 0.711617 0.180659
0.175825 0.205059 1.07465
0.528871 0.616805 0.753443
0.345919 0.403434 0.972323
0.372065 0.319022 0.993792
