1.02628 0.404671
0.26314 1.07134
0.316295 1.05687
0.556127 0.952753
0.689465 0.861193
0.6028 0.92393
0.852418 0.700284
0.816577 0.741767
1.07412 0.251574
0.647055 0.893496
0.424921 1.01807
0.87807 0.667838
1.04342 0.358184
1.00192 0.461699
0.668478 0.877583
0.933379 0.588063
1.10318 0
1.06938 0.270995
0.519178 0.97338
0.49349 0.986652
0.769539 0.790459
0.299138 1.06185
0.709995 0.844347
0.750112 0.808917
0.453125 1.00583
1.03212 0.389549
0.568049 0.945693
0.244168 1.07582
1.10088 0.0713035
1.03782 0.374098
0.940799 0.576119
0.962205 0.539607
0.7403 0.817906
0.948055 0.564098
1.08719 0.187197
1.00816 0.44791
0.975899 0.514429
0.861093 0.689589
1.0489 0.341803
0.365022 1.04104
0.439151 1.01201
0.281441 1.06668
0.203546 1.08424
0.224342 1.08013
0.902538 0.634382
0.0691038 1.10102
0.807343 0.751806
0.579806 0.938531
0.798047 0.761667
0.410401 1.02401
0.759851 0.799776
1.06448 0.289657
1.07868 0.231243
0.843628 0.71085
1.01432 0.433778
0.480279 0.99315
0.544002 0.959727
0.181573 1.08814
0.657829 0.885594
1.0947 0.136527
0.834728 0.72128
0.531701 0.966597
0.38047 1.0355
0.989125 0.488514
0.969113 0.5271
6.75505e-17 1.10318
1.02036 0.419371
0.103635 1.09831
0.869649 0.678768
0.982568 0.501572
0.614076 0.916474
0.625194 0.908927
1.08304 0.209856
0.995576 0.475229
1.05942 0.307653
0.910438 0.622992
0.395605 1.02981
0.69977 0.85284
1.09799 0.106887
0.779161 0.780976
0.679016 0.869455
0.158051 1.0918
0.825707 0.731589
0.132424 1.09521
0.591382 0.93128
0.918237 0.611437
0.332976 1.05173
0.506446 0.980065
0.955194 0.551923
0.466826 0.999544
1.05423 0.324996
0.349147 1.04648
0.788671 0.771371
0.730332 0.826819
0.88638 0.656768
0.720168 0.835687
1.09109 0.162926
0.636189 0.901265
0.894528 0.645627
0.925854 0.599842
