0.755347 0.858002 2.9914
0.225355 0.055926 5.49884
0.858736 0.0382016 4.25536
0.244059 0.0944719 5.40607
0.680266 0 5.23279
0.809401 0.858308 2.70875
0.150604 0.151235 5.39964
0.675889 0.240018 4.84051
8.19618e-18 3.22699e-17 6
0.159376 3.22699e-17 5.68162
0.647941 0.857769 3.77293
0.851495 0.715324 3.27747
0.698169 0.778185 3.64398
0 0.243711 5.57405
0.855995 0.149901 4.00953
0.171059 0.244641 5.23189
0.694165 0.856679 3.43523
0 0.686789 5.18374
0.132762 0.234568 5.31848
0.24467 0.172454 5.2292
0.772235 0.849038 2.89127
0.0880054 0.702149 4.91448
0.733042 0.222468 4.42284
0.803107 3.22699e-17 4.42615
0.858088 0.729003 3.17399
0.858193 0.772438 2.88595
0.789386 0.856732 2.79526
0.858561 0.826161 2.6566
0.858582 0.122782 4.07182
0.678891 0.857956 3.55016
0.248503 0.248511 5.14663
0.832898 0.852187 2.64325
0.712149 0.712483 3.98118
0.859077 0.249188 3.88027
0.858089 0.687969 3.48191
0.112668 0.851361 4.09848
0.240562 0.729624 4.43731
0.76194 4.96467e-17 4.64219
0.772943 0.242595 4.15029
0.0335619 0.858814 4.26302
0.857102 0.80584 2.72244
0.135652 0.858677 4.04147
0.242924 0 5.57424
0.752066 0.235113 4.28291
0.0880956 0.858683 4.1539
0.856775 0.70165 3.37845
0.858663 0.178274 3.95154
0.782445 0.783464 3.04142
0.796366 0.21745 4.04465
0.819162 0.243675 3.94303
0.093494 0.244279 5.40831
0 0.852037 4.30913
0 0.739874 4.78919
0.852858 0.210225 3.9057
0 0.100254 5.8185
0.236438 0.655097 4.99262
0.186068 0.858775 3.93799
0.845609 0.743267 3.07998
0.215683 0.850083 3.90165
0.119832 0.755596 4.45452
0.74117 0.121324 4.54839
0.239906 0.69426 4.70233
0.849798 0.0972537 4.13619
0 0.787375 4.49797
0.104352 0.800789 4.24458
0.739448 0.853507 3.10055
0.654881 0.228449 4.99846
0.663695 0.8526 3.66371
0.856315 0.646484 3.78313
0.858133 0.660756 3.6831
0.24307 0.816116 3.95269
0.856967 0.756957 2.98111
0.857984 0.0691951 4.19589
0.709391 0.845952 3.32669
0.21225 0.676064 4.85892
0 0.163678 5.67271
0.752214 0.754018 3.39792
0.849011 0.67475 3.58512
0.696388 0.207257 4.71155
0.2342 0.13399 5.31578
0.687339 0.108608 4.97823
0.214286 0.793195 4.06234
0.111283 0.11185 5.58315
0.090711 3.22699e-17 5.84085
0.855584 4.96467e-17 4.30758
0.201916 0.71407 4.58462
0.785593 0.13217 4.24958
0.848637 0.788915 2.80183
0.0551439 0.226519 5.49953
0.160168 0.856409 3.98732
0.225763 0.749937 4.30269
0.216103 0.216877 5.18091
0.859026 0.859029 2.61402
0.062301 0.857216 4.21038
0.241326 0.769911 4.16834
0.724542 0 4.89956
0.24956 0.859128 3.88025
0.777723 0.700572 3.6283
0.723937 0.857947 3.2111
0.712992 0.240293 4.56049
