0.277877 1.0084
0.0688725 1.04371
0.180296 1.03033
0.97465 0.379652
0.799735 0.674168
1.01256 0.262285
1.04598 0
0.465876 0.936503
1.01731 0.243234
0.569148 0.877581
1.00766 0.280545
1.03766 0.131709
0.874559 0.573782
0.311291 0.998587
1.00256 0.298263
0.29481 1.00358
0.943511 0.451515
0.386722 0.971866
0.752122 0.726905
0.502095 0.917594
0.676058 0.798137
0.923594 0.490971
0.710829 0.767333
0.727578 0.751471
1.04372 0.0686769
0.909863 0.515972
0.82267 0.645981
0.157232 1.0341
0.735831 0.743391
0.852627 0.605893
0.837729 0.626329
0.980535 0.364183
0.991853 0.332122
0.986283 0.348317
0.342752 0.98823
0.830221 0.636248
0.547561 0.89121
0.629813 0.835113
0.743986 0.73523
0.400623 0.966219
0.815068 0.655548
0.222307 1.02208
0.702321 0.775128
0.956227 0.423921
0.62009 0.842357
0.657979 0.813106
0.807407 0.664961
0.57967 0.870667
0.784126 0.692261
0.536502 0.897911
0.63932 0.827858
0.684948 0.790521
0.962489 0.409503
0.768354 0.709726
0.357751 0.9829
0.648696 0.820531
0.776268 0.701061
0.667097 0.805642
0.59004 0.863673
0.131887 1.03763
0.440621 0.948647
0.260147 1.01311
0.10327 1.04087
0.791967 0.683276
0.719243 0.759452
0.881805 0.562582
0.936936 0.465004
0.525245 0.904542
1.03409 0.157255
0.372401 0.977443
0.241681 1.01768
0.997278 0.315459
0.760256 0.718394
0.859927 0.595486
0.845195 0.616216
0.414285 0.96044
0.867291 0.584708
0.949908 0.437897
0.32727 0.993465
1.02617 0.202612
0.93034 0.478065
0.201902 1.02631
0.478131 0.930306
0.895965 0.539745
0.968617 0.39479
0.513748 0.911121
0.427579 0.954596
1.0409 0.103028
0.490207 0.924
1.03026 0.18069
1.02185 0.223394
0.916798 0.503548
0.55839 0.884465
6.40479e-17 1.04598
0.693685 0.782866
0.902979 0.527927
0.600285 0.856584
0.45338 0.942616
0.610287 0.849487
0.8889 0.551303
