0.864919 0.501912
0.209304 0.977851
0.72937 0.68412
0.694752 0.71925
0.703549 0.710647
0.712267 0.701908
0.76264 0.646823
0.858365 0.51304
0.502816 0.864393
0.376287 0.926503
0.34998 0.936757
0.890284 0.455406
0.33631 0.941751
0.593208 0.80505
0.770714 0.637182
0.936513 0.350633
0.481498 0.876447
0.831042 0.556209
0.844931 0.534875
0.87139 0.490591
0.986108 0.166104
0.801829 0.597554
0.640468 0.767985
0.124094 0.99227
0.631209 0.775612
0.966093 0.258195
0.513294 0.858213
0.227515 0.973775
0.786497 0.617594
0.543906 0.839146
0.573788 0.819004
0.884079 0.467337
0.277518 0.96072
0.978673 0.205422
0.970453 0.241292
0.974634 0.223803
0.998011 0.063036
0.982494 0.186293
0.583569 0.812064
0.908368 0.418172
0.169945 0.985454
0.720865 0.693076
1 0
0.190223 0.981741
0.563885 0.825854
0.413423 0.910539
0.0971962 0.995265
0.946919 0.321471
0.80928 0.587423
0.62182 0.78316
0.667927 0.744227
0.292937 0.956132
0.914199 0.405265
0.82389 0.56675
0.956806 0.290728
0.989523 0.144378
0.737796 0.675024
0.533795 0.845614
0.89641 0.443226
0.925582 0.378548
0.261422 0.965225
0.470644 0.882323
0.941782 0.336225
6.12323e-17 1
0.492187 0.87049
0.816636 0.577154
0.436952 0.899485
0.425254 0.905074
0.523607 0.85196
0.658836 0.752287
0.992663 0.120913
0.676937 0.736041
0.30787 0.951429
0.778668 0.627436
0.148017 0.988985
0.244799 0.969574
0.902433 0.43083
0.448422 0.893822
0.553916 0.832572
0.459615 0.888118
0.649707 0.760184
0.746186 0.665738
0.38896 0.921255
0.794228 0.60762
0.838031 0.545622
0.995512 0.0946383
0.919937 0.392066
0.40132 0.915938
0.951941 0.306282
0.064843 0.997895
0.931108 0.364744
0.877786 0.479052
0.754473 0.656331
0.612359 0.790579
0.851703 0.524025
0.685849 0.727743
0.322335 0.946626
0.363304 0.931671
0.961531 0.274697
0.602824 0.797874
