0.647392 0.647392 0.402202
0.266567 0.266567 0.92622
0.624945 0.624945 0.467854
0.200372 0.200372 0.959011
0.471362 0.471362 0.74541
0.699111 0.699111 0.149962
4.32978e-17 4.32978e-17 1
0.308946 0.308946 0.899502
0.659708 0.659708 0.359959
0.561912 0.561912 0.60705
0.432717 0.432717 0.790893
0.145863 0.145863 0.978493
0.133813 0.133813 0.981931
0.0611786 0.0611786 0.99625
0.594922 0.594922 0.540495
0.701496 0.701496 0.125728
0.452244 0.452244 0.768733
0.483953 0.483953 0.729095
0.121184 0.121184 0.985205
0.684794 0.684794 0.249229
0.538707 0.538707 0.647757
0.502511 0.502511 0.703537
0.663603 0.663603 0.345344
0.514689 0.514689 0.685705
0.220268 0.220268 0.950244
0.398906 0.398906 0.82568
0.573236 0.573236 0.585492
0.490187 0.490187 0.720717
0.412645 0.412645 0.812064
0.168642 0.168642 0.971144
0.671087 0.671087 0.315093
0.620173 0.620173 0.480386
0.391927 0.391927 0.832338
0.157444 0.157444 0.974896
0.550402 0.550402 0.627786
0.248569 0.248569 0.936177
0.275326 0.275326 0.921081
0.707107 0.707107 0
0.355685 0.355685 0.864278
0.239324 0.239324 0.940982
0.667399 0.667399 0.330391
0.69094 0.69094 0.212612
0.687944 0.687944 0.23123
0.610307 0.610307 0.505027
0.0937398 0.0937398 0.991174
0.674675 0.674675 0.299379
0.508609 0.508609 0.694719
0.22989 0.22989 0.945675
0.445782 0.445782 0.776246
0.526778 0.526778 0.667091
0.439275 0.439275 0.78363
0.300742 0.300742 0.905046
0.257652 0.257652 0.931252
0.340514 0.340514 0.876413
0.589653 0.589653 0.551923
0.634189 0.634189 0.442276
0.70367 0.70367 0.098473
0.324966 0.324966 0.888141
0.179497 0.179497 0.967244
0.419409 0.419409 0.805104
0.651593 0.651593 0.388398
0.496361 0.496361 0.712217
0.615285 0.615285 0.492796
0.520738 0.520738 0.676509
0.696547 0.696547 0.172179
0.465038 0.465038 0.753312
0.0407112 0.0407112 0.998341
0.384846 0.384846 0.838921
0.629638 0.629638 0.455096
0.283948 0.283948 0.915831
0.477665 0.477665 0.737341
0.678167 0.678167 0.283157
0.600127 0.600127 0.528862
0.556165 0.556165 0.617545
0.544581 0.544581 0.637858
0.370451 0.370451 0.851782
0.332785 0.332785 0.882331
0.643092 0.643092 0.415772
0.426092 0.426092 0.798054
0.190067 0.190067 0.963197
0.107909 0.107909 0.988287
0.693811 0.693811 0.193011
0.348158 0.348158 0.870386
0.532754 0.532754 0.65753
0.363102 0.363102 0.858087
0.584262 0.584262 0.563272
0.377679 0.377679 0.845409
0.655692 0.655692 0.374346
0.567606 0.567606 0.59636
0.638685 0.638685 0.429141
0.578778 0.578778 0.574484
0.405816 0.405816 0.818918
0.458681 0.458681 0.761068
0.210434 0.210434 0.954691
0.681534 0.681534 0.266499
0.317017 0.317017 0.893868
0.605257 0.605257 0.517038
0.078369 0.078369 0.993839
0.292421 0.292421 0.910483
0.705579 0.705579 0.0657011
