0.265618 0.222442 1.07197
0.703969 0.589539 0.652701
0.514279 0.614101 0.792177
5.288e-17 4.42972e-17 1.12656
0.772543 0.646965 0.503746
0.689288 0.577244 0.678835
0.796555 0.796647 0
0.445446 0.373039 0.965177
0.288574 0.344587 1.03302
0.489688 0.584738 0.829116
0.451439 0.539065 0.880204
0.746279 0.624971 0.567121
0.712556 0.850865 0.193491
0.537898 0.642305 0.753164
0.645795 0.771145 0.507376
0.857303 0.717948 0.136853
0.465352 0.389709 0.949063
0.214294 0.255888 1.07599
0.571964 0.682983 0.689593
0.404233 0.338525 0.995562
0.658987 0.551868 0.728234
0.84933 0.711271 0.204642
0.193669 0.23126 1.08543
0.718369 0.601598 0.625438
0.314736 0.263575 1.0491
0.086357 0.103119 1.11851
0.764074 0.827851 0
0.698451 0.834022 0.292781
0.367835 0.439232 0.97001
0.759585 0.636114 0.536224
0.305461 0.364752 1.02117
0.67436 0.564743 0.703882
0.673762 0.80454 0.409765
0.664745 0.793774 0.444053
0.682449 0.814914 0.373261
0.772412 0.772069 0.276468
0.748094 0.747762 0.387754
0.337964 0.283027 1.03674
0.252909 0.301999 1.05545
0.643224 0.538668 0.751828
0.502128 0.599592 0.810866
0.171994 0.205379 1.09425
0.148447 0.124317 1.1098
0.723305 0.8637 0
0.271043 0.323653 1.04448
0.560806 0.669659 0.711477
0.464365 0.554499 0.863737
0.397036 0.474102 0.941667
0.615284 0.734711 0.59226
0.360595 0.30198 1.02368
0.8637 0.723305 2.97901e-17
0.181468 0.15197 1.10142
0.797156 0.667578 0.433622
0.610462 0.511231 0.796948
0.732471 0.613407 0.596963
0.593928 0.70921 0.642976
0.484749 0.405953 0.932399
0.681664 0.680479 0.584319
0.425079 0.355982 0.980679
0.337406 0.402897 0.996483
0.29062 0.243379 1.06087
0.321719 0.384166 1.00899
0.635885 0.759311 0.536883
0.576455 0.482752 0.838926
0.112629 0.0943208 1.11694
0.382526 0.320346 1.01005
0.540992 0.453053 0.878189
0.41114 0.490943 0.926869
0.705801 0.842798 0.246338
0.149027 0.177953 1.10239
0.522521 0.437585 0.897016
0.785137 0.657513 0.46945
0.827767 0.764165 0
0.830436 0.695448 0.309636
0.424898 0.507372 0.911692
0.718508 0.857972 0.129521
0.234003 0.279423 1.06598
0.382609 0.456874 0.956045
0.625757 0.747217 0.565014
0.808765 0.6773 0.39536
0.122866 0.146715 1.11019
0.583007 0.69617 0.666781
0.0547929 0.0654283 1.12333
0.840293 0.703702 0.260495
0.438334 0.523416 0.896128
0.50376 0.421873 0.915093
0.352764 0.421236 0.983496
0.526245 0.62839 0.772877
0.549459 0.65611 0.73264
0.211612 0.177214 1.09223
0.558941 0.468085 0.858853
0.655473 0.782702 0.476318
0.604726 0.722105 0.618076
0.819891 0.686617 0.354236
0.717836 0.717291 0.489235
0.690618 0.824669 0.334835
0.477137 0.56975 0.846683
0.23936 0.200452 1.08244
0.626996 0.525078 0.7748
0.593674 0.497172 0.818241
