0.982208 0.187798
0.833062 0.553179
0.989296 0.145924
0.304212 0.952604
0.730549 0.682861
6.12323e-17 1
0.348523 0.9373
0.454258 0.89087
0.94693 0.32144
0.992491 0.122316
0.7617 0.64793
0.826289 0.563246
0.164757 0.986334
0.489845 0.871809
0.222079 0.975029
0.64429 0.764782
0.606217 0.795299
0.671468 0.741034
0.866043 0.499969
0.985859 0.167574
0.334003 0.942572
0.688976 0.724784
0.239653 0.970859
0.662508 0.749055
0.997956 0.063902
0.062597 0.998039
1 0
0.872426 0.488747
0.776634 0.629952
0.738512 0.674241
0.97015 0.242505
0.92591 0.377745
0.555575 0.831466
0.746379 0.665522
0.769215 0.63899
0.71433 0.699809
0.974337 0.225094
0.203887 0.978994
0.615934 0.787798
0.466371 0.884589
0.897127 0.441773
0.722486 0.691386
0.362688 0.931911
0.783965 0.620805
0.965803 0.259279
0.819423 0.573189
0.805464 0.592644
0.403504 0.914978
0.846446 0.532474
0.908942 0.416922
0.376573 0.926387
0.625526 0.780203
0.884935 0.465714
0.754088 0.656774
0.576239 0.817281
0.891068 0.453869
0.951852 0.306558
0.319267 0.947665
0.416573 0.909102
0.936665 0.350227
0.978362 0.206901
0.839793 0.542907
0.58637 0.810044
0.545042 0.838409
0.798363 0.602176
0.523481 0.852037
0.961303 0.275493
0.596366 0.802712
0.184869 0.982763
0.853065 0.521805
0.653476 0.756948
0.0938029 0.995591
0.565978 0.824421
0.697556 0.716531
0.143298 0.98968
0.390204 0.920728
0.478268 0.878214
0.680302 0.732932
0.272857 0.962054
0.903083 0.429466
0.512473 0.858704
0.85961 0.510951
0.70602 0.708191
0.920364 0.391063
0.995401 0.0957979
0.914704 0.404125
0.28871 0.957417
0.878713 0.477351
0.534354 0.845261
0.441932 0.897049
0.429388 0.90312
0.791207 0.611549
0.634974 0.772533
0.956648 0.291246
0.941864 0.335994
0.256509 0.966542
0.812486 0.582981
0.931347 0.364132
0.501254 0.8653
0.119987 0.992775
