0.763068 0.855153 2.94288
0.694119 0.206425 4.72976
0.087421 0.125516 5.60672
0.230076 0.791808 4.05598
0.702363 0.0882788 4.91223
0.815968 0.858426 2.68601
0.859102 0.859102 2.61402
0.779286 0.858189 2.84743
0.662071 0.856758 3.67388
0.711442 0.71248 3.98652
0.219867 0.769687 4.18233
0.747536 0.858059 3.04337
0.248998 0.249006 5.14656
0.849963 0.21513 3.90229
0.673816 0.239469 4.85607
0.142891 0.153253 5.41251
0.038769 0.858733 4.2544
0.159286 0 5.68181
0.164343 0.699635 4.75781
0.719191 0.856654 3.24645
0.839586 0.844899 2.6375
0.710586 0.230093 4.58332
0.123386 0.858576 4.07038
0.237882 0.0477093 5.50739
0.239156 0.708912 4.59159
0.796815 0.851797 2.76237
3.70532e-17 0.722694 4.91318
0.858687 0.0873458 4.15562
0.751009 0.100215 4.53151
0.858142 0.673594 3.58953
0.243308 0.817344 3.94872
0.858225 0.769658 2.90223
0 0.759081 4.66025
0.144044 0.23182 5.29388
0.249205 0.859077 3.88027
0.201274 0.730412 4.46476
0.733711 0.844213 3.14893
0.776857 0.699051 3.64464
0.245618 0.180904 5.2135
0.230203 0.147479 5.28709
0.8497 0.785615 2.81758
0.79068 5.34869e-17 4.48167
0.7974 0.116304 4.23074
0.858765 0.185327 3.93923
0.176928 0.245692 5.22064
0.126714 0.783323 4.27421
0.0773573 0.230702 5.45046
0.109999 0.245151 5.36908
0.85636 0.159277 3.9892
0.858209 0.801971 2.7379
0.842368 0.727626 3.19527
0.178697 0.858664 3.95078
0.852155 0 4.30906
0.78377 0.783771 3.03285
0.816189 0.243193 3.95243
0.211 0.851244 3.90576
0.699422 0.777497 3.63828
0.858116 0.740199 3.09398
0.654573 0.219262 5.00774
0.858093 0.713912 3.28567
3.70532e-17 0 6
0.240211 0.747404 4.3122
0.850624 0.687089 3.4915
0.0699541 0.849754 4.19784
0.243018 5.34869e-17 5.57421
0.85676 0.700329 3.38847
0.859122 0.249497 3.88026
0.858682 0.134749 4.04358
0.0964372 0.857791 4.1346
0.236069 0.656518 4.98277
0.704831 0.858028 3.35416
0.686801 0 5.18365
3.70532e-17 0.114774 5.78391
0.738147 0 4.80134
0.676621 0.858045 3.56707
0.768381 0.241084 4.17751
0.749549 0.21434 4.31529
0.690969 0.850277 3.46241
0.0380125 0.246233 5.52224
3.70532e-17 0.800653 4.43637
0.792091 0.221437 4.06089
0.729467 0.240717 4.4384
0.752955 0.753284 3.39784
3.70532e-17 0.856447 4.30735
0.85699 0.06166 4.21172
0.217165 0.222393 5.17499
0.851506 0.111701 4.1007
0.244886 0.112698 5.36268
0.215879 0.0845304 5.44608
0.854441 0.754757 2.99613
0.22506 0.678871 4.82632
3.70532e-17 0.218344 5.5887
0.0905902 0 5.84112
0.857515 0.821134 2.6703
0.858824 0.0332932 4.26345
0.647194 0.854681 3.77879
0.854036 0.660012 3.68949
0.857921 0.646017 3.78601
0 0.687036 5.18188
0.150523 0.854283 4.00873
