0.237621 0.971358
0.811334 0.584582
0.898398 0.439182
0.97848 0.206342
0.788518 0.615012
0.988205 0.153135
0.772872 0.634562
0.69764 0.716448
0.464556 0.885544
0.53641 0.843957
0.915365 0.402626
0.796224 0.605002
0.43942 0.898282
0.476942 0.878935
0.688689 0.725057
0.33089 0.943669
0.959152 0.282892
0.202236 0.979337
0.826077 0.563558
0.99831 0.0581193
0.8925 0.451047
0.926088 0.377306
0.732162 0.681131
0.0622542 0.99806
0.547795 0.836613
0.941063 0.338232
0.991097 0.133143
0.80383 0.594859
0.740487 0.672071
0.886405 0.462911
0.670425 0.741977
0.84039 0.541983
6.12323e-17 1
0.679631 0.733554
0.974912 0.222591
0.142322 0.98982
0.661075 0.75032
0.413462 0.910522
0.993766 0.111487
0.873901 0.486104
0.524859 0.851189
0.920769 0.390109
0.723736 0.690077
0.936214 0.35143
0.622182 0.782872
0.854153 0.520022
0.270433 0.962739
1 0
0.706496 0.707717
0.818765 0.574129
0.386928 0.92211
0.254245 0.96714
0.847357 0.531023
0.715167 0.698954
0.345215 0.938524
0.76491 0.644138
0.163541 0.986537
0.119212 0.992869
0.580722 0.814102
0.931228 0.364438
0.61207 0.790803
0.183421 0.983034
0.880243 0.474524
0.945764 0.324854
0.489154 0.872198
0.950357 0.311161
0.748726 0.662879
0.651564 0.758594
0.981881 0.189499
0.641905 0.766784
0.359344 0.933205
0.569933 0.821691
0.452041 0.891997
0.904163 0.427188
0.860855 0.508851
0.591346 0.806418
0.42649 0.904492
0.756877 0.653558
0.558931 0.829214
0.833309 0.552808
0.971179 0.238349
0.51311 0.858323
0.601799 0.798648
0.780754 0.624838
0.301386 0.953502
0.501191 0.865337
0.0933299 0.995635
0.867453 0.497519
0.286049 0.958215
0.220242 0.975445
0.316242 0.948679
0.967292 0.253664
0.99619 0.0872116
0.98513 0.17181
0.632099 0.774888
0.95484 0.29712
0.90981 0.415024
0.963293 0.268454
0.400248 0.916407
0.373251 0.92773
