0.286023 0.213977 0
0.166527 0.121921 0.211551
0.0783446 0.11663 0.305025
0.201233 0.0397132 0.259054
0.30882 0.142514 0.0486655
0.078925 0.242261 0.178814
0.049983 0.160693 0.289323
1.12685e-17 0.338446 0.161554
0.309924 0 0.190076
0.140583 0.100093 0.259323
0.320299 0.174655 0.005046
0.0398107 0.406928 0.0532613
0.0361367 0.00178473 0.462079
0.185142 0 0.314858
0.212145 0.232806 0.0550484
0.266719 0.0486585 0.184623
0.0772572 0.316465 0.106278
0.0815497 0.380214 0.0382358
0.0169587 0.306067 0.176974
0 0.461435 0.0385653
0.0288386 0.344492 0.126669
0.250988 0.13496 0.114051
0.184707 0.0835626 0.23173
0.290843 0.112658 0.096499
0.0741988 0.177025 0.248776
0.167489 0.189374 0.143137
0.348723 0.117448 0.0338286
0.231479 0.185291 0.0832295
0.464121 0.0127705 0.023109
0.100232 0.12934 0.270428
0.0334166 0.454474 0.0121096
0.145141 0.240109 0.11475
0 0.5 0
0.233759 0.105842 0.160399
0.242053 0.0236867 0.23426
0.103148 0.338666 0.0581856
0.135625 0.364375 0
0.0578247 0.29079 0.151386
0.0582692 0.0375536 0.404177
0.274067 0.0822742 0.143659
0.113195 0.0754116 0.311394
0.122848 0.289855 0.0872967
0.191589 0.136215 0.172196
0.00142469 0.42306 0.0755153
0.121968 0.148655 0.229377
0.401699 0.098301 0
0.224977 0.275023 0
0.172717 0.327283 0
0.145783 0.312918 0.0412987
8.09983e-18 0.243275 0.256725
0.364466 0 0.135534
0.324534 0.0215561 0.15391
0.350885 0.0458717 0.103243
0.391468 0.0341809 0.0743507
0.224223 0 0.275777
9.39273e-18 0.282106 0.217894
0.0387825 0.0805349 0.380683
0.0994863 0.398399 0.0021142
4.43997e-18 0.133352 0.366648
0.360586 0.139414 0
0.142583 0.0278225 0.329595
0.373261 0.0754889 0.0512505
0.101006 0.266511 0.132483
0.160445 0.0545906 0.284965
0.167706 0.262703 0.0695915
0.260581 0.199544 0.0398752
0.402823 0 0.097177
0.0214833 0.205029 0.273487
0.330245 0.0917273 0.0780273
0.05593 0.101567 0.342503
0.188667 0.212385 0.0989483
0.0231146 0.146803 0.330082
0.0370533 0.261814 0.201133
0.272649 0.160806 0.0665452
0.244276 0.242465 0.0132592
0.102404 0.0152171 0.382379
0.309546 0.0637859 0.126668
0.0181287 0.0559011 0.42597
0.189276 0.286838 0.0238861
0.0533041 0.362989 0.0837067
0.223296 0.0724864 0.204217
0.0513434 0.220804 0.227853
6.23376e-18 0.187228 0.312772
0.0654436 0.434556 0
1.28928e-17 0.387228 0.112772
3.19873e-18 0.0960724 0.403928
0.277737 0 0.222263
0.416756 0.0558047 0.027439
0.122894 0.217652 0.159454
0.0990082 0.196166 0.204826
0 0 0.5
0.441183 0 0.0588172
1.3799e-18 0.0414446 0.458555
0.144931 0.169176 0.185893
0.0875658 0.0570618 0.355372
0.0758106 0 0.424189
0.451307 0.048693 0
0.5 0 1.11022e-16
0.13491 0 0.36509
0.210261 0.16097 0.128768
