0.387264 0.387264 0.836692
0.409158 0.409158 0.815585
0.300519 0.300519 0.905194
0.394661 0.394661 0.82975
0.208105 0.208105 0.955711
0.247355 0.247355 0.93682
0.701422 0.701422 0.126552
0.349115 0.349115 0.869619
0.372231 0.372231 0.850229
0.0822261 0.0822261 0.993216
0.698991 0.698991 0.151077
0.506268 0.506268 0.698131
0.596424 0.596424 0.537174
0.423298 0.423298 0.801023
0.633633 0.633633 0.443868
0.610823 0.610823 0.503777
0.629196 0.629196 0.456317
0.292063 0.292063 0.910713
0.677631 0.677631 0.285715
0.265748 0.265748 0.926691
0.620135 0.620135 0.480485
0.152348 0.152348 0.976514
0.356901 0.356901 0.863274
0.450461 0.450461 0.770825
0.274661 0.274661 0.921479
0.703626 0.703626 0.0990948
0.197661 0.197661 0.960136
0.476083 0.476083 0.739385
0.0982618 0.0982618 0.990298
0.364602 0.364602 0.856814
0.690677 0.690677 0.214311
0.58158 0.58158 0.568796
0.430238 0.430238 0.793594
0.561125 0.561125 0.608504
0.591532 0.591532 0.547887
0.662805 0.662805 0.348394
0.341235 0.341235 0.875852
0.674084 0.674084 0.302029
0.517803 0.517803 0.681
0.681082 0.681082 0.2688
0.658862 0.658862 0.363046
0.469796 0.469796 0.747384
0.218274 0.218274 0.951164
0.650732 0.650732 0.391275
0.52344 0.52344 0.672325
0.545332 0.545332 0.636573
0.684402 0.684402 0.25137
0.606074 0.606074 0.51512
0.126851 0.126851 0.983777
0.228182 0.228182 0.946502
0.586582 0.586582 0.55843
0.317098 0.317098 0.893811
0.139887 0.139887 0.980236
0.624698 0.624698 0.468514
0.615509 0.615509 0.492238
0.175756 0.175756 0.968617
0.601277 0.601277 0.526244
0.463435 0.463435 0.755286
0.654833 0.654833 0.377342
0.707107 0.707107 0
0.693606 0.693606 0.194477
0.28345 0.28345 0.91614
0.0642252 0.0642252 0.995867
0.638008 0.638008 0.431151
0.512053 0.512053 0.68964
4.32978e-17 4.32978e-17 1
0.416281 0.416281 0.808345
0.482309 0.482309 0.73127
0.534517 0.534517 0.654663
0.456983 0.456983 0.763108
0.443792 0.443792 0.778522
0.333281 0.333281 0.881956
0.237881 0.237881 0.941714
0.437051 0.437051 0.786113
0.528998 0.528998 0.663568
0.566301 0.566301 0.598837
0.571453 0.571453 0.588969
0.401965 0.401965 0.822708
0.666661 0.666661 0.333357
0.256642 0.256642 0.93181
0.500404 0.500404 0.706534
0.69639 0.69639 0.173445
0.705561 0.705561 0.0660785
0.325228 0.325228 0.887949
0.0427478 0.0427478 0.998171
0.379783 0.379783 0.843522
0.113061 0.113061 0.987135
0.550644 0.550644 0.627362
0.670421 0.670421 0.317916
0.642319 0.642319 0.418153
0.488443 0.488443 0.723081
0.494487 0.494487 0.714819
0.186883 0.186883 0.964442
0.164261 0.164261 0.972644
0.539955 0.539955 0.645676
0.6876 0.6876 0.233262
0.555902 0.555902 0.618018
0.64656 0.64656 0.404871
0.308854 0.308854 0.899565
0.576531 0.576531 0.578985
