0.770354 0.637616
0.859289 0.51149
0.563904 0.825841
0.210122 0.977675
0.793901 0.608048
0.389427 0.921057
0.931713 0.363195
0.978219 0.207576
0.593451 0.80487
0.824 0.56659
0.14861 0.988896
0.778294 0.6279
0.583692 0.811975
0.737678 0.675153
0.872591 0.488452
0.92089 0.389822
0.245714 0.969342
0.989198 0.146585
0.425427 0.904993
0.995352 0.0963003
0.190928 0.981604
0.0976284 0.995223
0.936956 0.349448
1 8.71967e-17
0.448278 0.893894
0.712298 0.701877
0.961202 0.275844
0.686199 0.727414
6.12323e-17 1
0.543791 0.839221
0.612662 0.790345
0.3506 0.936525
0.745996 0.66595
0.27846 0.960448
0.436954 0.899484
0.677308 0.735699
0.703675 0.710522
0.668325 0.743869
0.992418 0.122912
0.5539 0.832583
0.801563 0.59791
0.640853 0.767664
0.76233 0.647188
0.982077 0.188483
0.831281 0.555852
0.262399 0.964959
0.91528 0.402819
0.659252 0.751922
0.865997 0.500049
0.0651136 0.997878
0.729297 0.684198
0.985745 0.168249
0.956612 0.291366
0.413674 0.910425
0.124666 0.992199
0.809138 0.587619
0.694956 0.719053
0.36389 0.931442
0.838453 0.544973
0.926353 0.376655
0.754196 0.656649
0.903688 0.428192
0.94705 0.321085
0.650061 0.759882
0.786136 0.618053
0.573823 0.818979
0.942068 0.335423
0.974199 0.225692
0.512898 0.85845
0.970005 0.243085
0.228371 0.973574
0.816614 0.577184
0.293755 0.955881
0.997936 0.0642219
0.491906 0.870648
0.459389 0.888235
0.170448 0.985367
0.951896 0.306422
0.533557 0.845764
0.376812 0.92629
0.470344 0.882483
0.879059 0.476713
0.502446 0.864609
0.603089 0.797674
0.323018 0.946393
0.845518 0.533946
0.909569 0.415553
0.481198 0.876612
0.885411 0.464809
0.631525 0.775355
0.337009 0.941502
0.897698 0.440612
0.891616 0.452792
0.523246 0.852182
0.622142 0.782905
0.852461 0.522791
0.308614 0.951187
0.720836 0.693106
0.401655 0.915791
0.965675 0.259754
