0.0741849 0.385185 0.0406298
0.462713 0.0303551 0.00693218
0.277993 0.0160539 0.205953
0.0337585 0.246839 0.219403
1.09252e-17 0.37056 0.12944
0 0.0807489 0.419251
0.298948 0.152742 0.0483092
0.328957 0.113909 0.0571334
0.0339536 0.398688 0.0673581
0 0.269018 0.230982
0.213377 0.144397 0.142226
0.0527333 0.42926 0.0180067
0.143538 0.147071 0.209391
0.0523659 0.199889 0.247745
0.0412385 0.051316 0.407445
0.184054 0.260355 0.0555909
0.139236 0.218079 0.142686
0.157595 0.0675112 0.274894
0.0643427 0.298868 0.136789
0.168954 0.0996216 0.231425
0 0.412161 0.0878386
0.0863287 0.104122 0.309549
0.173747 0.326253 0
0.26266 0.0569935 0.180347
0.0279765 0.00873994 0.463284
0.317411 0.0257274 0.156861
0.0951321 0.404868 0
0.215033 0.079316 0.205651
0.120663 0.124756 0.254581
0.126845 0.0829433 0.290212
0.285824 0.214176 5.55112e-17
6.88905e-18 0.175466 0.324534
0.118058 0.33337 0.0485727
0.110774 0.0572164 0.33201
0.235252 0.163055 0.101693
0 0.229638 0.270362
0.0921247 0.246728 0.161148
0.244661 0.255339 5.55112e-17
0.351768 0.135942 0.0122903
0.15835 0.306412 0.0352378
0.172738 0.0243462 0.302916
0 0.0454529 0.454547
0.034631 0.465369 5.55112e-17
0.360955 4.00741e-17 0.139045
0.326975 0.173025 5.55112e-17
0.406748 0.0430171 0.0502345
0.382245 0.0183771 0.0993781
0.196145 0.0496035 0.254252
0.103942 0 0.396058
0.214056 2.3765e-17 0.285944
7.51418e-17 0.5 5.55112e-17
0.161777 0 0.338223
0.190641 0.123477 0.185882
0.0177414 0.0994196 0.382839
0.132298 0.364541 0.00316119
0.0803748 0.145085 0.274541
0.0206372 0.192182 0.287181
0.287895 0.0744626 0.137642
0.119018 0.195674 0.185308
0.0459354 0.276017 0.178048
0.0436693 0.353381 0.102949
0.0902127 0.311774 0.0980131
0.0974708 0.17299 0.229539
0.253013 0 0.246987
0.454344 0.00141795 0.0442384
9.09488e-18 0.30848 0.19152
0.0387824 0.123621 0.337597
0.228289 0.230893 0.0408175
0.23993 0.101226 0.158845
0.136751 0.285712 0.0775373
0.2079 0.210928 0.0811717
0.0474561 0.1535 0.299044
0.186463 0.19101 0.122527
0.309782 0 0.190218
0.419838 0 0.0801623
0.128581 0.0162251 0.355194
0.308961 0.0965355 0.0945038
0.5 5.55112e-17 0
0.335193 0.0484063 0.1164
0.113349 0.266309 0.120342
0.271991 0.197283 0.0307254
0 0.137991 0.362009
0.256109 0.175946 0.0679448
1.78171e-17 0.453807 0.0461928
0.0647253 0 0.435275
0.0170192 0.329876 0.153104
0.161205 0.239042 0.0997523
0.432381 0.0676193 0
0.0827465 0.0368927 0.380361
0.0749004 0.222223 0.202877
0.234734 0.036575 0.228691
0.377402 0.0870424 0.0355559
0.0811385 0.348157 0.0707045
0.206923 0.285014 0.00806286
0.165136 0.169727 0.165137
0.266145 0.123034 0.110821
4.5048e-17 3.82187e-17 0.5
0.391842 0.108158 0
0.06333 0.0793762 0.357294
0.357932 0.0660008 0.0760675
