0.293579 0.955935
0.389816 0.920893
0.982275 0.187444
0.350071 0.936723
0.946911 0.321494
0.985921 0.16721
0.705438 0.708771
0.920292 0.391231
0.890818 0.45436
0.809433 0.587212
0.989353 0.145538
6.12323e-17 1
0.786937 0.617033
0.427489 0.90402
0.214157 0.976799
0.858657 0.51255
0.714034 0.700111
0.747392 0.664383
0.463546 0.886073
0.0907338 0.995875
0.771426 0.636319
0.865304 0.501248
0.884601 0.466349
0.670203 0.742178
0.475199 0.879878
0.633274 0.773928
0.679151 0.733999
0.970195 0.242326
0.838111 0.5455
0.520393 0.853927
0.730889 0.682497
1 8.71967e-17
0.138354 0.990383
0.552879 0.833262
0.91462 0.404315
0.779235 0.626732
0.642668 0.766145
0.5093 0.860589
0.402577 0.915386
0.73919 0.673497
0.941838 0.336068
0.845058 0.534675
0.851906 0.523694
0.0604948 0.998169
0.247479 0.968893
0.376808 0.926292
0.363621 0.931547
0.196684 0.980467
0.115931 0.993257
0.573858 0.818955
0.688003 0.725708
0.56343 0.826164
0.82396 0.566647
0.415136 0.909759
0.96132 0.275436
0.278596 0.960408
0.978425 0.206602
0.925855 0.377879
0.696754 0.71731
0.951853 0.306556
0.263172 0.964749
0.896933 0.442166
0.614062 0.789258
0.81675 0.576992
0.308162 0.951334
0.498084 0.867129
0.158922 0.987291
0.794543 0.607207
0.542186 0.840259
0.965836 0.259156
0.755509 0.655138
0.651951 0.758261
0.451689 0.892176
0.995431 0.0954872
0.623733 0.781638
0.878275 0.478157
0.93663 0.35032
0.802038 0.597273
0.908837 0.417152
0.956656 0.29122
0.604226 0.796813
0.594259 0.804274
0.974397 0.224833
0.992535 0.121964
0.486706 0.873566
0.76352 0.645784
0.902938 0.42977
0.33639 0.941723
0.178299 0.983976
0.531346 0.847155
0.831082 0.55615
0.584148 0.811647
0.322387 0.946608
0.722514 0.691356
0.439653 0.898168
0.931303 0.364246
0.99797 0.0636828
0.661129 0.750272
0.871844 0.489783
0.231143 0.97292
