0.929221 0.369524
0.24133 0.970443
0.205483 0.978661
0.672375 0.740211
0.984997 0.172571
0.626494 0.779426
0.939721 0.341942
0.166129 0.986104
0.403299 0.915068
0.587016 0.809575
0.839156 0.54389
0.818969 0.573838
0.918348 0.395773
0.274548 0.961573
0.441082 0.897467
0.883601 0.46824
0.895546 0.444969
0.77653 0.63008
0.832484 0.554049
0.0947211 0.995504
0.645311 0.76392
0.0631456 0.998004
0.722908 0.690944
0.964079 0.265614
6.12323e-17 1
0.944821 0.327588
0.865012 0.501752
0.545015 0.838426
0.689739 0.724058
0.988634 0.150344
0.901381 0.433027
0.56632 0.824186
0.223743 0.974648
0.783795 0.62102
0.681121 0.732171
1 0
0.877488 0.479598
0.500425 0.86578
0.805145 0.593077
0.416106 0.909316
0.769177 0.639035
0.995088 0.0989902
0.258236 0.966082
0.991997 0.126258
0.488892 0.872344
0.522995 0.852336
0.511784 0.859114
0.858642 0.512576
0.812098 0.583521
0.376946 0.926235
0.45332 0.891348
0.349505 0.936934
0.305787 0.9521
0.949809 0.31283
0.738747 0.673983
0.597117 0.802154
0.798096 0.60253
0.55575 0.831349
0.754193 0.656653
0.790985 0.611835
0.428703 0.903445
0.977127 0.212655
0.71484 0.699288
0.363375 0.931643
0.144579 0.989493
0.32076 0.947161
0.82577 0.564008
0.923837 0.382785
0.186431 0.982468
0.746503 0.665382
0.997815 0.0660711
0.465349 0.885127
0.761734 0.64789
0.954675 0.297651
0.635955 0.771726
0.698196 0.715906
0.706574 0.707639
0.534079 0.845435
0.96858 0.248702
0.959436 0.281927
0.576752 0.816919
0.390245 0.920711
0.616858 0.787074
0.912771 0.408471
0.889613 0.456714
0.663491 0.748184
0.907131 0.420848
0.871291 0.490766
0.934502 0.355958
0.477216 0.878786
0.607078 0.794642
0.981145 0.193273
0.972924 0.231125
0.845724 0.53362
0.730896 0.682489
0.852226 0.523174
0.290391 0.956908
0.121136 0.992636
0.335303 0.94211
0.654455 0.756101
