0.534334 0.603651 0.724616
0.129076 0.14582 1.06633
0.811661 0.718459 0
0.675647 0.763295 0.368589
0.68325 0.771885 0.335172
0.241441 0.272762 1.02092
0.314232 0.354995 0.974789
0.174794 0.154723 1.05853
0.454323 0.51326 0.839721
0.497756 0.440599 0.856206
0.527375 0.466817 0.823974
0.417901 0.369913 0.929247
0.641709 0.724955 0.487469
0.327951 0.290293 0.991542
0.260588 0.294393 1.01015
0.709395 0.801421 0.171639
0.495779 0.560094 0.784522
0.296826 0.335332 0.987129
0.687241 0.608326 0.576729
0.663263 0.587101 0.624797
0.697342 0.787805 0.260873
0.410047 0.46324 0.890083
0.379353 0.428565 0.920543
0.667643 0.754253 0.400416
0.638121 0.564846 0.66987
0.760671 0.673324 0.378143
0.245767 0.217546 1.03308
0.581056 0.656433 0.637532
0.383296 0.339283 0.955483
0.346938 0.307099 0.979949
0.650834 0.576099 0.647689
0.541945 0.479714 0.806937
0.779523 0.753206 0
0.675413 0.597856 0.601133
0.714433 0.807114 0.114582
0.65936 0.744896 0.430524
0.625106 0.553326 0.691411
0.778324 0.68895 0.307466
0.347464 0.392539 0.948767
0.698776 0.618536 0.551454
0.400807 0.354783 0.942581
0.751202 0.664942 0.410518
0.741409 0.656274 0.441128
0.450887 0.399112 0.901325
0.622868 0.70367 0.540242
0.425004 0.480138 0.873966
0.0875452 0.0774925 1.07764
0.508934 0.574955 0.765108
0.569847 0.643771 0.660159
0.709921 0.628402 0.525452
0.718459 0.811661 0
0.584546 0.517423 0.752035
0.753322 0.779411 0
0.612822 0.692321 0.565789
0.221552 0.250293 1.03114
4.96314e-17 4.40702e-17 1.08396
0.703662 0.794945 0.218855
0.546505 0.617401 0.703651
0.0515105 0.0581927 1.08117
0.267358 0.236657 1.02347
0.521782 0.58947 0.745148
0.786452 0.696145 0.268052
0.556335 0.492451 0.789278
0.793959 0.702789 0.225153
0.592093 0.668902 0.61398
0.178505 0.201662 1.04997
0.199618 0.176696 1.05067
0.602599 0.680771 0.590256
0.598316 0.529612 0.732465
0.439731 0.496775 0.857221
0.482298 0.544864 0.803423
0.223225 0.197592 1.04216
0.28825 0.255151 1.0133
0.139592 0.123563 1.06781
0.690495 0.78007 0.299473
0.720779 0.638013 0.498392
0.33101 0.37395 0.962066
0.650726 0.735142 0.459455
0.731281 0.647309 0.470314
0.394906 0.446135 0.905533
0.558397 0.630835 0.682068
0.46848 0.529254 0.821823
0.8008 0.708845 0.176735
0.512648 0.453781 0.840387
0.482464 0.427063 0.871677
0.740014 0.740041 0.282303
0.769717 0.681331 0.343947
0.363623 0.410794 0.934881
0.308414 0.272999 1.00266
0.200674 0.226707 1.04082
0.611832 0.541576 0.712273
0.279009 0.315204 0.998888
0.112091 0.09922 1.07358
0.365355 0.323402 0.967938
0.434587 0.384684 0.915494
0.466833 0.413227 0.886728
0.806831 0.714183 0.118077
0.632439 0.714483 0.514307
0.570547 0.505032 0.77097
0.152694 0.172502 1.0592
