0.0705832 0.0213125 0.408104
0.5 0 0
0.0790638 0.318832 0.102105
0.346866 0.0165313 0.136603
0.324086 0 0.175914
0.282324 0.0896125 0.128063
0.0440061 0.130593 0.325401
0.303095 0.0431072 0.153798
0.19353 0 0.30647
0.160639 0.0663671 0.272994
0.224099 0.152705 0.123196
0.310988 0.15261 0.036402
0.195003 0.304997 0
0.231419 0.220147 0.0484337
0.157341 0 0.342659
0.019896 0.466476 0.0136278
0.111293 0.166087 0.22262
0.076208 0.114135 0.309657
0.0201138 0.0156551 0.464231
0.0190481 0.277247 0.203704
0.155988 0.145315 0.198697
0.106615 0 0.393385
0.255773 0.244227 0
0.141581 0.0433605 0.315058
0 0.352437 0.147563
0.274978 0.199969 0.0250534
0.0559303 0 0.44407
0.0905742 0.210766 0.19866
0.0636875 0.0573466 0.378966
0.0492738 0.296928 0.153798
0.060506 0.439494 0
0.116587 0.0254295 0.357984
0.307759 0.192241 0
0.402093 0.0979068 0
0.466892 0.0177497 0.0153588
0.257707 0 0.242293
6.56085e-17 0.0514753 0.448525
0.170102 0.280949 0.048949
0.142984 0.257286 0.0997305
0.0531551 0.362466 0.0843792
0.0382923 0.170169 0.291538
0 0.188628 0.311372
0.198421 0.0524234 0.249156
0 0.445529 0.0544708
0 0.0995271 0.400473
0.188376 0.238927 0.0726974
0.0121326 0.216607 0.271261
0.0691223 0.255019 0.175859
0.0902419 0.072304 0.337454
0.0348598 0.337503 0.127637
0.254796 0.17599 0.0692144
0.382449 0.069591 0.0479599
0.19923 0.126731 0.174039
0.162204 0.214233 0.123563
0.207637 0.194917 0.0974458
0.105594 0.341392 0.0530139
0.0789288 0.380349 0.0407218
0.0304197 0.104623 0.364958
0.286052 0.0115431 0.202405
0 0.5 1.11022e-16
0.215983 0.265541 0.0184767
0 0.255461 0.244539
0.116239 0.233983 0.149778
0.125248 0.299909 0.0748426
0.0445562 0.232659 0.222785
0.421146 0.0440273 0.0348268
0.339853 0.0967158 0.0634308
0.441854 0.0581462 0
0.264961 0.136141 0.0988982
0.322875 0.0682354 0.10889
0.134747 0.118447 0.246806
0.219095 0.0821062 0.198798
0.0888631 0.143001 0.268136
0 0.148368 0.351632
0.363071 0.0463915 0.0905378
0.262363 0.061463 0.176174
0.241711 0.108063 0.150226
0 0.390548 0.109452
0.138093 0.361907 5.55112e-17
0.0464033 0.420155 0.0334413
0.153859 0.324414 0.0217272
0.021534 0.405705 0.0727612
0.406248 0.0160528 0.0776992
0.350153 0.149847 0
0.0260899 0.0628598 0.41105
0.361132 0.116378 0.0224903
0.239767 0.0390851 0.221147
0.0968542 0.276923 0.126222
0.216883 0.011545 0.271572
0.177175 0.0990558 0.223769
0.101138 0.398831 3.07329e-05
0.117366 0.0916488 0.290985
0.444331 0 0.0556691
7.359e-17 3.74323e-17 0.5
0.0636415 0.189449 0.24691
0 0.314324 0.185676
0.136176 0.190105 0.173719
0.180504 0.17085 0.148646
0.384412 0 0.115588
0.300602 0.119191 0.080207
