0.0945887 3.83182
0.737232 2.80782
0.774196 2.56878
0.727659 2.87671
0.676941 3.25761
0.144304 3.71459
0.711837 2.99419
0.0322478 3.9581
0.793081 2.47023
0.651321 3.44255
0.100234 3.81855
0.805477 2.41665
0.0712683 3.88438
0.122395 3.76571
0 4
0.743673 2.76274
0.859349 2.307
0.1973 3.61357
0.17842 3.64425
0.0772323 3.87138
0.841603 2.31935
0.809873 2.39997
0.708675 3.01802
0.746923 2.74046
0.740443 2.7852
0.251165 3.5732
0.718159 2.94684
0.767111 2.6104
0.644834 3.48692
0.227586 3.58132
0.789145 2.48916
0.641562 3.50883
0.648087 3.46482
0.673761 3.28123
0.111362 3.79206
0.705515 3.0419
0.849126 2.31114
0.211272 3.59585
0.149835 3.70221
0.237617 3.57594
0.161011 3.67821
0.801233 2.43392
0.0249005 3.96931
0.680122 3.23386
0.0460584 3.93457
0.835223 2.32969
0.0831077 3.85825
0.683307 3.20997
0.0171366 3.98011
0.116903 3.77882
0.797103 2.45181
0.721328 2.92329
0.138799 3.72716
0.686497 3.18594
0.781522 2.52829
0.172482 3.65529
0.756852 2.67455
0.638274 3.53049
0.829458 2.34164
0.692842 3.13796
0.714994 2.97049
0.730841 2.85358
0.824147 2.35479
0.760229 2.65296
0.664184 3.35136
0.734028 2.83064
0.0526017 3.92238
0.66739 3.32806
0.654553 3.42001
0.750203 2.71831
0.184545 3.63352
0.777824 2.54839
0.19081 3.6233
0.155388 3.6901
0.218998 3.5881
0.696018 3.11389
0.0392835 3.9465
0.76365 2.63155
0.0651813 3.89725
0.770631 2.58943
0.753512 2.69633
0.166706 3.66659
0.670578 3.30471
0.702359 3.06581
0.785295 2.50853
0.105814 3.8053
0.660968 3.37451
0.819159 2.36898
0.0888837 3.84507
0.699184 3.08987
0.127876 3.7527
0.204087 3.60439
0.634965 3.55194
0.81442 2.38406
0.68967 3.16198
0.133329 3.73987
0.0088856 3.99037
0.657761 3.39738
0.0589374 3.90998
0.724485 2.89997
