0.292126 0.259525 1.00819
0.749653 0.665991 0.404495
0.576316 0.648714 0.645112
0.56266 0.499866 0.776329
0.764572 0.764572 5.23581e-18
0.424411 0.377046 0.920245
0.718133 0.808347 2.91442e-17
0.553994 0.623587 0.688019
0.152 0.171094 1.05677
0.504768 0.448435 0.844544
0.30118 0.339015 0.98158
0.225142 0.200016 1.03848
0.3322 0.373932 0.958623
0.680927 0.766466 0.343523
0.389723 0.438681 0.908193
0.637636 0.717736 0.497408
0.664659 0.748154 0.40943
0.430566 0.484655 0.865368
0.111727 0.0992582 1.07089
0.17362 0.154244 1.05603
0.60813 0.684524 0.575104
0.407005 0.361582 0.934208
0.730366 0.648856 0.463347
0.457812 0.40672 0.891138
0.676643 0.601128 0.591556
0.214762 0.241741 1.03178
0.40355 0.454245 0.894398
0.312651 0.277758 0.997116
0.618202 0.695862 0.55022
0.0516727 0.0581639 1.07846
0.576392 0.512065 0.758091
0.332536 0.295425 0.985537
0.482255 0.542837 0.801185
0.587144 0.660902 0.622584
0.175467 0.197509 1.04849
0.672998 0.757541 0.377285
0.615944 0.547203 0.70023
0.347046 0.390643 0.946624
0.758723 0.674048 0.373011
0.456791 0.514174 0.83433
0.603025 0.535726 0.720069
0.548665 0.487433 0.79405
0.123189 0.138665 1.06524
0.713843 0.803517 0.118015
0.506956 0.570641 0.765836
0.708485 0.797486 0.176647
0.284976 0.320775 0.992488
0.542505 0.610656 0.708468
0.195564 0.220131 1.0404
0.361462 0.40687 0.934313
0.389025 0.345609 0.947815
0.64694 0.72821 0.46938
0.0873073 0.0775636 1.07494
0.653149 0.580256 0.637056
0.44378 0.499529 0.8501
0.628588 0.558436 0.679828
0.797629 0.708611 0.175494
0.268263 0.301962 1.00299
0.589833 0.524007 0.73936
0.370669 0.329301 0.960888
0.417168 0.469574 0.88012
0.565265 0.636275 0.66691
0.62805 0.706947 0.524327
0.783539 0.696094 0.265818
0.790895 0.70263 0.223463
0.767394 0.681752 0.339794
0.740159 0.657556 0.434653
0.702396 0.790633 0.225119
0.473858 0.420975 0.876001
0.688543 0.775039 0.307183
0.808347 0.718133 0
0.775673 0.689106 0.304308
0.270804 0.240582 1.01879
0.494747 0.556898 0.783728
0.70985 0.630629 0.517262
0.351846 0.312579 0.973467
0.316914 0.356725 0.970285
0.489492 0.434864 0.860483
0.655959 0.738361 0.440092
0.695712 0.783109 0.268076
0.145037 0.12885 1.06372
0.200341 0.177983 1.04753
0.699069 0.621052 0.542897
0.519747 0.461742 0.828129
0.469645 0.528642 0.817992
0.720233 0.639853 0.49091
4.85649e-17 4.50002e-17 1.08127
0.233219 0.262516 1.02266
0.251049 0.282587 1.01304
0.519003 0.584201 0.747319
0.80358 0.713899 0.11725
0.534363 0.474727 0.811314
0.641009 0.569471 0.658748
0.597757 0.672848 0.599252
0.665015 0.590798 0.614697
0.53087 0.597559 0.728175
0.248537 0.2208 1.02889
0.375688 0.422883 0.921503
0.441325 0.392072 0.905898
0.688009 0.611226 0.567614
