0.494802 0.869006
0.995269 0.0971595
0.934543 0.35585
0.567181 0.823593
0.70528 0.708929
0.875572 0.483088
0.483774 0.875193
0.605824 0.795599
0.373985 0.927435
0.346599 0.938014
0.98162 0.190846
0.239341 0.970936
0.835727 0.549145
0.332461 0.943117
1 0
0.800226 0.599699
0.977625 0.210354
0.964549 0.263904
0.272169 0.962249
0.917949 0.396697
0.287837 0.957679
0.869151 0.494546
0.929113 0.369797
0.945039 0.326957
0.596349 0.802725
0.762514 0.646972
0.939848 0.341592
0.792879 0.609379
0.955058 0.296419
0.516288 0.856415
0.969076 0.246761
0.505613 0.86276
0.95987 0.280446
0.120214 0.992748
0.586652 0.809839
0.888183 0.45949
0.624613 0.780934
0.537062 0.843543
0.906348 0.422532
0.770268 0.63772
0.547236 0.836978
0.461005 0.887398
0.997901 0.0647614
0.184952 0.982748
0.985404 0.17023
0.576979 0.816759
0.615272 0.788315
0.643076 0.765803
0.785437 0.618942
0.86263 0.505836
0.950111 0.311912
0.828792 0.559556
0.633893 0.773421
0.88193 0.47138
0.303076 0.952966
0.973441 0.228937
0.526742 0.850025
0.679153 0.733997
0.849338 0.527849
0.652203 0.758044
0.738677 0.67406
0.730486 0.682927
0.360444 0.932781
0.722194 0.69169
0.221964 0.975055
0.842566 0.538593
0.143508 0.989649
0.164956 0.986301
0.68794 0.725768
0.557272 0.83033
0.894332 0.447403
0.807502 0.589864
0.425306 0.90505
0.449359 0.893351
0.317952 0.948107
0.67028 0.742108
0.90039 0.435083
0.256048 0.966664
6.12323e-17 1
0.923586 0.38339
0.992265 0.124136
0.777913 0.628371
0.400202 0.916427
0.661298 0.750123
0.0940235 0.99557
0.821773 0.569815
0.912201 0.409743
0.696658 0.717403
0.746737 0.665119
0.0626559 0.998035
0.754682 0.656091
0.412878 0.910786
0.472521 0.88132
0.203929 0.978986
0.387234 0.921981
0.437437 0.899249
0.856026 0.516933
0.814666 0.579931
0.713795 0.700355
0.988964 0.148156
