0.314502 0.813205 0.48968
0.691692 0 0.722193
0.973265 0 0.229687
0.457625 0.406627 0.790717
0.42435 0.610127 0.669083
0.677499 0.406056 0.613281
0.495482 0.502991 0.708164
3.29068e-17 0.537409 0.843322
0.450173 0.782941 0.429357
0.282665 0 0.959219
0.763341 0.645995 0
0.740195 0.600024 0.303451
0.435638 0.303772 0.847315
5.07575e-17 0.828933 0.559349
4.86912e-17 0.795187 0.606364
5.27105e-17 0.860828 0.508896
3.60682e-17 0.589039 0.808105
1.34666e-17 0.219926 0.975517
0.796957 0.532519 0.285103
5.99692e-17 0.979372 0.202068
0.630247 0.776394 0
6.12323e-17 1 0
0.780171 0 0.625566
0.837947 0.545751 0
0.358589 0 0.933496
0.605827 0.672027 0.425856
0.557324 0.275736 0.783173
0.405103 0.845527 0.347815
0.228444 0.973557 0
0.757736 0.506478 0.41148
0.801792 0.597603 0
0.561202 0.754504 0.34026
0.719616 0.460875 0.519372
0.259262 0.933512 0.247664
0.685951 0.636491 0.352635
0.276416 0.56458 0.777717
0.71085 0.276418 0.64675
4.65407e-17 0.760067 0.649844
0.541919 0.389532 0.744707
4.17235e-17 0.681396 0.731915
3.90223e-17 0.637283 0.77063
0.867701 0.330388 0.3714
0.958224 0.286019 0
0.340713 0.894688 0.288874
0.854899 0 0.518795
5.55039e-17 2.58596e-17 1
0.632253 0.3219 0.704725
0.541555 0 0.840665
0.317009 0.3756 0.870879
0.931837 0.362877 0
0.534271 0.569369 0.624799
0.816686 0 0.577083
0.273592 0.869604 0.411019
0.321735 0.706938 0.629862
0.59624 0 0.802807
0.92076 0 0.390129
0.981542 0.191246 0
0.32357 0.946204 1.47311e-303
4.42678e-17 0.722948 0.690902
0.572316 0.624146 0.53188
0.506723 0.713887 0.483319
0.647313 0 0.762225
0.42561 0 0.904907
0.669045 0.572687 0.473718
0.530178 0.847886 0
0.762176 0.326666 0.558906
2.65029e-17 0.432825 0.901478
0.840631 0.444976 0.308763
0.871706 0.490029 0
0.644918 0.709654 0.283674
2.98135e-17 0.486891 0.873463
0.798775 0.402522 0.44714
1.85034e-17 0.302184 0.95325
0.631164 0.521891 0.573813
0.677966 0.735093 0
0.470225 0.882546 0
0.486011 0 0.873953
0.948414 0 0.317035
0.403517 0.914972 4.97875e-218
0.902512 0.430664 0
0.366507 0.75208 0.547766
0.499581 0.818504 0.283673
0.722766 0.691093 0
0.46106 0.668103 0.584006
0.591502 0.457041 0.664258
0.737333 0 0.67553
0.296241 0.643935 0.7054
5.65853e-17 0.924108 0.382131
5.83724e-17 0.953293 0.302047
5.47293e-17 0.893798 0.448471
0.189053 0 0.981967
0.890263 0 0.455447
0.911546 0.294379 0.287097
0.585542 0.810642 0
0.830266 0.2739 0.485424
0.290569 0.281995 0.914357
0.331046 0.467223 0.819824
2.27181e-17 0.371015 0.928627
1 0 0
0.394694 0.53377 0.747868
