0.288511 0.744127 0.602525
0.662408 0.664406 0.346093
4.73492e-17 0.773272 0.634075
0.633233 5.57919e-19 0.773961
0.270867 0.512085 0.815107
3.96232e-17 0.647096 0.762408
0.846978 0.531627 0
0.812991 0.582276 0
0.908716 0.417414 0
0.548183 0.281096 0.787706
0.394086 0.685391 0.61232
0.777603 0.628755 4.80491e-18
0.283465 0.829242 0.481669
0.740104 0.672493 0
0.436106 0.539776 0.720038
0.235285 2.07301e-19 0.971926
0.329623 2.9042e-19 0.944112
5.18859e-17 0.847361 0.531018
0.959634 0.281252 0
0.700374 0.713776 0
0.363813 0.293851 0.883907
5.87678e-17 0.959751 0.280851
0.28551 0.913324 0.290385
0.975615 8.5958e-19 0.219491
3.34602e-17 0.546447 0.837494
0.604904 0.73684 0.301923
0.338901 0.869348 0.359696
0.452399 0.329054 0.82889
0.879057 0.476717 0
0.953342 8.39956e-19 0.301891
0.505212 0.862995 0
0.775124 0.522691 0.354933
2.99047e-17 0.488381 0.87263
0.670974 0.501714 0.545964
0.935819 0.35248 0
0.547331 0.486004 0.681343
5.55332e-17 0.906926 0.42129
0.351015 0.770085 0.532689
0.799219 7.04163e-19 0.60104
0.784129 0.306354 0.539712
0.61143 0.791299 0
0.569533 0.697542 0.434819
4.23259e-17 0.691235 0.72263
2.23284e-17 0.364651 0.931144
4.48391e-17 0.732279 0.681005
0.519988 0.652349 0.551409
5.39183e-17 0.880552 0.473949
0.562763 0.826618 0
0.308515 0.951219 0
0.621239 0.612176 0.489187
0.675559 5.95212e-19 0.737306
0.223757 0.974645 0
0.807829 0.384709 0.446554
5.72356e-17 0.934728 0.355363
6.01434e-17 0.982216 0.187755
3.67554e-17 0.600262 0.799803
0.528029 4.65228e-19 0.849226
0.875975 0.390495 0.283165
0.524263 0.77926 0.343369
1.77694e-17 0.290197 0.956967
0.397619 0.465421 0.790748
0.470732 0.732783 0.491367
0.657067 0.753832 0
0.311633 0.408651 0.85784
0.474925 0.598799 0.644892
0.701248 0.565065 0.434687
0.461369 0.840867 0.282986
2.63551e-17 0.430411 0.902633
0.582782 5.13469e-19 0.812629
0.582419 0.554548 0.594361
6.12323e-17 1 0
0.40844 3.59863e-19 0.912785
0.721402 0.359021 0.592185
0.834017 7.34823e-19 0.551739
0.855615 0.313054 0.412214
4.28636e-17 4.37277e-17 1
0.762162 6.71514e-19 0.647386
0.379432 0.92522 0
0.416283 0.805383 0.42198
0.638255 0.433315 0.636292
0.745087 0.453408 0.489149
1.18929e-17 0.194226 0.980957
0.909865 0.27299 0.312445
0.473952 4.17583e-19 0.88055
0.92641 8.16227e-19 0.376516
0.325507 0.647943 0.688633
0.307299 0.582499 0.752504
0.685475 0.289963 0.667867
0.731673 0.61078 0.302658
0.866428 7.63379e-19 0.499302
0.82877 0.469115 0.305077
1 0 4.80491e-18
0.50466 0.418235 0.755247
0.896442 7.89823e-19 0.443161
4.97094e-17 0.811816 0.583913
0.720214 6.34555e-19 0.693752
0.442709 0.896665 0
0.982154 0.188077 4.80491e-18
0.605658 0.339659 0.71959
0.279834 0.2636 0.923151
