0.713893 0.207816 4.57854
0 0.243672 5.57406
0.859127 0.249549 3.88025
0.858078 0.185631 3.93877
0.675392 0.214621 4.86144
0.858194 0.766092 2.92363
0.843501 0.738576 3.11519
0.757497 0.858195 2.97746
0.731025 0.240498 4.42718
0.787756 0.858332 2.80311
0.854212 0.659247 3.69487
0.159518 5.3316e-17 5.68133
0.122663 0.787619 4.26181
0.84606 0.839569 2.63627
0.239629 0.743786 4.33716
0.0935638 0.24423 5.40816
0.736901 5.3316e-17 4.81017
0.215696 0.217307 5.1809
0.8516 0.1361 4.0428
0.170747 0.244623 5.2325
0.857171 5.3316e-17 4.3072
0.0976288 0.849601 4.13545
0 0.756274 4.67829
0.178828 0.858667 3.95054
0.0383212 0.858733 4.25516
0.243041 0 5.57421
0.248501 0.248537 5.14663
0.858707 0.159598 3.98818
0.784897 0.785677 3.01715
0.716874 0.854119 3.26453
0.730465 0.858115 3.16338
0.857105 0.798185 2.75424
0.699811 0.0943107 4.91759
0.225676 0.0556586 5.49912
0.776471 0.700603 3.63503
0.798158 0.115898 4.22836
0.790478 5.3316e-17 4.48265
0.249199 0.859076 3.88027
0.132677 0.234578 5.31867
0.822829 0.858572 2.6654
0.111389 0.111777 5.58307
0.211103 0.850909 3.90587
0.772392 0.855388 2.88679
0.234298 0.133805 5.31617
0.753689 0.754443 3.38539
0.851169 0.034919 4.26345
0 0.685474 5.19366
0.858133 0.698312 3.40355
0.770179 0.241248 4.16678
0.850592 0.215191 3.90178
0.793503 0.221086 4.05453
0.859118 0.859119 2.61402
0.150457 0.855968 4.0083
0.12326 0.858578 4.07068
0.847946 0.685747 3.50374
0.857036 0.0876709 4.15508
0.654248 0.236368 4.99861
0.195101 0.682759 4.83085
0.646935 0.857794 3.77979
0.686093 1.50011e-17 5.18899
0.858127 0.724762 3.20501
0.244159 0.0943108 5.40643
0.0694129 0.857973 4.19543
0.858489 0.817026 2.68262
0.85867 0.112008 4.09755
0.703076 0.858076 3.36744
0.244631 0.172147 5.2298
0.858734 0.0619155 4.21099
0.854279 0.711519 3.30462
0.858163 0.672501 3.5976
0.804445 0.85128 2.73033
0.217155 0.766803 4.20208
0.129874 0.736238 4.56285
0.851168 0.781756 2.83671
0.234546 0.658668 4.96823
0.689945 0.847918 3.47206
0.0907483 1.83933e-17 5.84076
0.229115 0.789489 4.06779
0 0.717332 4.953
0.744323 0.845222 3.07312
0.856907 0.751273 3.01841
0.229283 0.722199 4.49706
0.0552675 0.226437 5.49934
0.238691 0.700246 4.65735
0.817166 0.243427 3.94925
0 0.799324 4.44206
0.75184 0.212545 4.30186
0.661729 0.85368 3.67734
0.242792 0.815859 3.95359
0 0.855082 4.30774
0.85795 0.645669 3.78836
0.150741 0.151133 5.39956
1.94523e-17 0.100233 5.81855
0.693714 0.239734 4.70652
0.675925 0.858065 3.57224
0 0.163624 5.67282
0 9.25523e-18 6
0.700166 0.776564 3.63783
0.750425 0.098585 4.53926
0.711335 0.712197 3.98945
