0.826684 0.708701
1.05197 0.281116
0.860841 0.666796
0.808892 0.728943
0.538149 0.946605
0.817856 0.718871
0.703006 0.831533
0.280241 1.0522
0.930419 0.565672
0.37778 1.02125
0.672055 0.856742
1.08394 0.103609
0.990798 0.451646
0.640209 0.880793
0.223758 1.06564
0.971606 0.491576
0.262163 1.05685
0.978102 0.478519
0.346988 1.03212
0.799792 0.738916
1.08669 0.0690688
1.06972 0.203383
0.243368 1.06134
0.526074 0.953368
0.314599 1.04245
0.877134 0.645213
1.02055 0.379658
0.713098 0.822895
0.900697 0.61189
0.607318 0.903786
0.762327 0.77751
0.13236 1.08081
1.08081 0.132324
0.844017 0.687968
0.181282 1.07369
0.435437 0.998028
0.46255 0.985754
0.958304 0.517028
0.733094 0.805132
0.781247 0.758497
0.996968 0.437857
0.937555 0.553765
0.50129 0.96663
1.0369 0.332415
0.297691 1.0474
0.331012 1.03735
0.742927 0.796067
0.892978 0.623102
1.01484 0.394675
1.02614 0.364289
0.157867 1.07738
0.885114 0.634222
0.650939 0.872894
0.915814 0.589024
0.771847 0.76806
0.682515 0.848432
0.392668 1.01562
0.965006 0.504408
0.908314 0.600525
0.869035 0.656081
0.618378 0.896255
0.449129 0.991941
1.08888 0
0.596114 0.911215
0.407233 1.00986
0.944591 0.541676
1.03159 0.348554
1.0471 0.298753
0.951501 0.529444
0.475705 0.979474
0.584819 0.918505
0.629343 0.88859
1.07366 0.181425
0.561809 0.932757
0.0691184 1.08669
0.790575 0.748769
1.00304 0.423755
0.723138 0.814086
0.923182 0.577407
0.103625 1.08394
1.05668 0.262872
0.984499 0.465216
1.07737 0.157923
0.513791 0.960043
0.692814 0.840044
0.36257 1.02675
0.835435 0.698365
0.661563 0.864869
0.488603 0.973104
1.06556 0.224149
0.550061 0.939733
0.203133 1.06977
1.009 0.409372
1.06121 0.243912
6.66748e-17 1.08888
0.573389 0.925683
1.04207 0.315827
0.42148 1.004
0.75269 0.786843
0.852507 0.677418
