0.793048 0.388553 0.46915
5.67381e-17 0.926603 0.376041
0.781194 0 0.624288
1 0 5.6949e-17
0.279472 0.842401 0.460712
6.12323e-17 1 0
0.46526 0.275655 0.841158
0.460213 0.843118 0.27813
0.292432 0.956286 0
4.36413e-17 0.712716 0.701453
0.913112 0.266142 0.308862
0.980634 0 0.195848
0.261377 0.545331 0.796427
0.368075 0.929796 0
0.499188 0 0.866494
0.434985 0.900438 0
0.484076 0.624091 0.613336
0.741052 0 0.671448
2.33388e-17 0.381151 0.924513
0.879695 0.383789 0.280788
0.53781 0.666494 0.516282
0.593552 0.578216 0.559788
0.287861 6.9549e-18 0.957672
0.859668 0.310891 0.405361
0.793593 0.54093 0.278576
3.81146e-17 0.622459 0.782652
0.681056 0.661935 0.313057
0.684093 0.536738 0.493892
0.701946 2.37126e-17 0.71223
0.430549 0.404635 0.806783
0.349531 0.343841 0.871551
0.366593 0 0.930381
0.926309 0 0.376766
0.758695 0.494844 0.423688
0.343427 0.873792 0.344305
0.889511 0.456914 0
5.50105e-17 0.89839 0.439198
0.655321 0 0.755351
5.83048e-17 0.95219 0.305507
0.828482 0.448252 0.33569
0.547046 0.525171 0.651871
6.05717e-17 8.97059e-18 1
0.740242 0.67234 0
0.531425 0.780911 0.328276
0.499339 0.460456 0.733922
0.192351 4.64731e-18 0.981326
0.421468 0.705972 0.569182
0.55515 0.83175 0
0.415067 0.811176 0.411963
0.437575 0.571155 0.694485
0.497566 0.867426 0
3.10724e-17 0.507451 0.861681
0.627581 0.27939 0.726693
0.387127 0.511743 0.766976
0.282437 0.73461 0.616909
0.476205 0.745806 0.465836
0.62208 0.733034 0.275096
0.972693 0.232095 0
0.541195 0.326187 0.775055
3.47292e-17 0.567171 0.8236
5.30157e-17 0.865812 0.50037
0.605798 0 0.795618
0.69952 0.714613 0
0.89301 3.0167e-17 0.450037
0.333579 0.781195 0.527692
0.721945 0.426451 0.544917
0.638967 0.625389 0.447896
5.96934e-17 0.974867 0.222786
0.303897 0.613398 0.728965
4.87824e-17 0.796678 0.604404
0.195509 0.980702 0
0.825856 0.265516 0.497457
0.91992 0.392106 0
0.818963 0.573846 0
0.95619 0 0.292746
4.09697e-17 0.669085 0.743186
0.293563 0.282614 0.913209
2.7246e-17 0.444962 0.89555
0.294756 0.457299 0.839045
0.344961 0.66608 0.661316
1.89829e-17 0.310014 0.950732
0.947546 0.319619 5.6949e-17
1.38094e-17 0.225524 0.974238
0.435772 0 0.900057
0.778643 0.627467 0
0.727994 0.590341 0.348599
0.856517 0.516118 0
0.642749 0.472389 0.603094
0.557413 0 0.830236
0.857383 0 0.514679
0.582534 0.704869 0.404739
0.602984 0.797753 0
0.652919 0.757428 5.6949e-17
0.818937 0 0.573883
0.594722 0.410711 0.691102
5.08504e-17 0.83045 0.557093
0.284336 0.915445 0.284804
0.756968 0.293405 0.583878
4.62973e-17 0.756093 0.654464
0.685008 0.334573 0.647167
