0.568572 0 0.822633
0.461871 0.426496 0.777674
0.591093 0.806603 0
0.351742 0 0.936097
0.626183 0.615944 0.478026
0.639569 0.768734 0
1.66371e-17 5.89288e-17 1
0.43775 0.575089 0.691121
0.664838 0.664618 0.340988
5.48734e-17 0.896151 0.44375
0.284197 0.740668 0.608805
0.29647 0.955042 0
0.876691 0 0.481054
4.195e-17 0.685095 0.728454
1.97654e-17 0.322793 0.94647
6.12323e-17 1 0
0.431182 0.902265 0
0.787062 0.295616 0.541429
0.365207 0.5336 0.762821
0.545153 0.838337 4.21487e-230
0.616724 0.293398 0.730458
0.738913 0 0.673801
0.471703 0 0.881758
0.346054 0.299455 0.889142
0.533338 0.301405 0.790383
0.510471 0.789968 0.339662
0.959083 1.32722e-164 0.283124
3.90515e-17 0.637759 0.770236
5.64944e-17 0.922624 0.385701
0.758103 0.443412 0.478191
3.59567e-17 0.587218 0.809429
0.274044 0.41984 0.865237
0.904601 8.9939e-10 0.426259
0.363412 0.828424 0.426199
0.659142 0 0.752019
3.26325e-17 0.53293 0.846159
0.587066 0.415456 0.694803
0.198283 0.980145 2.68755e-71
0.57904 0.563871 0.588865
2.87917e-17 0.470204 0.882558
0.834213 0.551442 0
0.280126 0 0.959963
0.981905 0 0.189376
0.29068 0.611867 0.735611
5.12224e-17 0.836525 0.547928
0.774779 0 0.632232
0.45883 0.754368 0.469472
0.314298 0.48222 0.817729
0.829427 0.328212 0.452025
0.701075 0 0.713087
0.80287 0.596154 0
0.933255 0 0.359214
0.568479 0.707724 0.419473
0.86801 0.496547 0
0.528729 0.664526 0.528063
4.9189e-17 0.803318 0.595551
0.724087 0.689709 0
1 0 0
0.317131 0.884765 0.341496
0.952159 0.305604 0
0.482913 0.615622 0.62274
0.974967 0.222351 0
0.338571 0.667196 0.66349
0.614623 0 0.788821
2.45751e-17 0.401342 0.915928
0.73952 0.607117 0.290721
4.68427e-17 0.765 0.644031
5.97067e-17 0.975084 0.221838
0.426488 0.339088 0.838527
0.187145 0 0.982332
0.441756 0.84933 0.288948
0.89926 0.437414 0
5.31243e-17 0.867586 0.497288
0.846786 0 0.531934
0.870126 0.349436 0.347528
0.375166 0.926958 0
0.519622 0 0.854396
0.842188 0.453299 0.291957
0.787931 0.507868 0.348187
5.82045e-17 0.950551 0.310567
0.490417 0.871488 0
0.685245 0.728313 0
0.710844 0.561388 0.423726
0.675949 0.50748 0.534375
0.605553 0.741819 0.288116
0.317997 0.79136 0.522137
0.415198 0 0.909731
1.40652e-17 0.229703 0.973261
0.764787 0.644284 7.16612e-117
0.507049 0.480996 0.715223
0.254337 0.27296 0.927796
0.722182 0.370486 0.584117
0.626528 0.464504 0.625858
0.416434 0.707203 0.571355
4.4342e-17 0.72416 0.689632
0.811924 0 0.583763
0.681667 0.321226 0.657377
0.251449 0.932804 0.258166
0.926947 0.375191 0
0.914163 0.282374 0.29081
