0.227357 0.0943323 5.4139
0.712133 0.712245 3.98308
0.055306 0.226473 5.49924
0.856312 0 4.30738
0.239725 0.691422 4.72389
0.647014 0.857792 3.77925
3.97326e-17 0.684853 5.19833
3.97326e-17 0.100597 5.81769
0.698583 0.129527 4.84323
0.734285 0.240634 4.40368
0.822605 0.858587 2.66602
0.237052 0 5.57617
0.782652 0.783688 3.03915
0.859081 0.249236 3.88027
0.852601 0.210514 3.90551
0.677753 0.23798 4.82736
0.112699 0.112305 5.57868
0.683762 0 5.20654
0.2237 0.711651 4.57974
0.171668 0.244562 5.23073
0.757755 0.854911 2.97653
0.242006 0.77111 4.1611
0.845545 0.840431 2.63552
0.241249 0.730909 4.42779
0.858598 0.0961953 4.13509
0.661738 0.853605 3.67731
0.853938 0.659965 3.68987
0.857884 0.646006 3.78609
0.719996 0 4.93317
0.717083 0.856746 3.26214
0.778698 0.124763 4.30366
0.185857 0.678394 4.8781
0.752517 0.752872 3.40346
0.243386 0.818228 3.94595
0.858287 0.782806 2.82854
0.858666 0.178434 3.95125
0 0.243687 5.57406
0.217124 0.214982 5.18179
0.0938868 0.244223 5.4074
0.675834 0.858077 3.57292
0.133235 0.23516 5.31709
0.858112 0.713265 3.29053
0 0.799754 4.44021
0.799274 0 4.44228
0.788041 0.848949 2.80591
3.97326e-17 4.06498e-17 6
0.803936 0.857248 2.72997
0.85778 0.123228 4.07083
0.854564 0.150283 4.00914
0.21053 0.852298 3.90566
0.0974567 0.849983 4.13557
0.245091 0.0524725 5.4964
0.0386412 0.854915 4.25539
0.77753 0.698862 3.64233
0.703413 0.858062 3.36489
0.069338 0.85864 4.19553
0.151766 0.153761 5.39158
0.849084 0.0699894 4.19829
0.217676 0.751622 4.29816
0.160182 0 5.67994
0.841827 0.72676 3.20232
0.743429 0.858135 3.0715
0.720184 0.194319 4.5497
0.858519 0.817861 2.67999
0.858727 0.0387689 4.2544
0.850159 0.686913 3.49315
0.858134 0.738956 3.10271
0 0.756542 4.67656
0.859123 0.859124 2.61401
0.238626 0.131189 5.32044
0.123963 0.787603 4.2588
0.129724 0.736602 4.56062
0.756706 5.43141e-17 4.67549
0.0911431 5.43141e-17 5.83984
0.858141 0.673424 3.59078
0.689898 0.850304 3.4705
0.730859 0.842754 3.17127
0.699301 0.239409 4.66427
1.87925e-17 0.857702 4.30712
0.798046 0.206604 4.04889
3.97326e-17 0.717462 4.95203
0.17852 0.858667 3.9511
0.249204 0.859077 3.88027
0.772464 0.858253 2.88579
0.856909 0.753105 3.00627
0.856819 0.699884 3.39183
3.97326e-17 0.163746 5.67257
0.698976 0.777604 3.64106
0.150236 0.855979 4.00879
0.123084 0.858582 4.0711
0.244558 0.170313 5.23335
0.248458 0.248454 5.14664
0.85474 0.79946 2.74933
0.81859 0.243445 3.94482
0.235802 0.656349 4.98408
0.754682 0.22574 4.27127
0.774684 0.241586 4.14059
0.216826 0.795073 4.05112
0.849835 0.767923 2.9161
0.656458 0.221741 4.99233
