0.786564 0.733696 3.33508
0.722881 0.239241 4.48713
0.742072 0.854209 3.0819
0.223136 0.678805 4.8283
0.763563 0.699525 3.71938
0.244446 0.0934986 5.40826
0.248685 0.248685 5.1466
1.76417e-17 0.800759 4.43593
0.790291 0.221473 4.0695
0.857119 0.783297 2.82611
0.216342 0.849023 3.90182
0.802566 0.854816 2.7362
0.730553 0.777533 3.40568
0.113194 0.858671 4.09471
0.221502 0.132729 5.3272
0.685585 0 5.19282
0.148495 0.237988 5.28098
0.858122 0.739651 3.09782
0.780227 0.787361 3.03329
0 5.27863e-17 6
0.121723 0.738918 4.56322
0.858467 0.109739 4.10298
0.688064 0.851048 3.48385
0.186634 0.858777 3.93705
0.23555 0.655994 4.9867
0.715186 0.846434 3.28262
0.646319 0.857902 3.78396
0.856913 0.0782179 4.17645
0.680969 0.239633 4.80272
0.0512509 0.150757 5.62512
0.765432 0.239987 4.19568
0.221356 0.743577 4.34945
0.848234 0.753815 3.00622
0.0456974 0.245688 5.50889
0.756181 0.858182 2.98596
0.749352 0.09718 4.54977
0.728055 0.858108 3.18089
0.129705 0.694195 4.87609
0.703362 0.214947 4.65018
0.0850816 0.239533 5.42901
0.789721 0 4.48634
0.856325 0.645886 3.78718
0.851818 0.206838 3.91023
0.228309 0.209318 5.17889
0.0911303 5.27863e-17 5.83987
0.184896 0.24566 5.2066
0.24954 0.859127 3.88025
0.707106 0.704953 4.07603
0.821166 0.85856 2.67009
0.240991 0.765113 4.19732
0.858236 0.7678 2.91331
2.18011e-17 0.112761 5.78872
0.242691 0.814633 3.95765
0.67432 0.858106 3.58415
0.231426 0.721508 4.50088
0.852113 0.799999 2.74825
0.770964 0.849303 2.89847
0.815801 0.242538 3.95384
0.846202 0.673145 3.59959
0.785868 0.858304 2.81265
0.160569 0.85792 3.98622
0.142232 0.119403 5.49214
0.853473 2.35265e-17 4.30838
0.0888738 0.856678 4.15238
2.18011e-17 0.229001 5.58039
0 0.857765 4.30711
0.696166 0.759258 3.77189
0.120751 0.212731 5.3639
0.063 0.858725 4.20877
0.130141 0.786127 4.25163
0.244647 0.166479 5.2409
0.859124 0.859123 2.61401
0.137316 0.850465 4.04072
0.858512 0.818442 2.6782
0.160192 1.76779e-17 5.67991
2.18011e-17 0.719156 4.93942
0.696626 0.104037 4.91881
0.228841 0.0542389 5.49972
0.8554 0.725904 3.19719
0.24314 0 5.57419
2.18011e-17 0.681906 5.22049
0.658373 0.225138 4.97609
0.701457 0.858077 3.37972
0.745155 0.212703 4.34684
0.238953 0.699633 4.66191
0.735313 2.35265e-17 4.82146
2.18011e-17 0.758168 4.66609
0.854074 0.140408 4.03158
0.221 0.78993 4.07166
0.858178 0.65971 3.69057
0.858126 0.685679 3.49918
0.858614 0.0433158 4.24652
0.859019 0.248815 3.8803
0.0355317 0.851904 4.262
0.858106 0.712324 3.2976
0.852805 0.699089 3.39931
0.660508 0.853953 3.68598
0.84412 0.841382 2.63577
0.858541 0.1717 3.96383
0.798528 0.114365 4.23041
