0.655141 0.650174 0.384791
2.80842e-17 0.45865 0.888617
0.486614 0.654457 0.578699
0.750971 0.660335 4.49724e-17
0.701441 5.18626e-18 0.712728
5.82454e-17 0.95122 0.308512
0.812944 0 0.582342
0.283994 0.770244 0.571026
0.846022 0 0.533147
0.407733 0.346044 0.844989
5.49583e-17 0.897537 0.440939
0.688585 0.557694 0.463497
0.825842 0.563901 4.49724e-17
0.51785 0 0.855472
4.1191e-17 0.6727 0.739915
0.27587 0.961195 4.49724e-17
1.88433e-17 0.307734 0.951473
0.659953 0 0.751307
0.3328 0.56616 0.754126
1.20874e-17 6.00274e-17 1
0.39877 0 0.917051
0.335722 0.294886 0.894613
0.874026 0.393709 0.284731
0.5337 0.47814 0.697529
0.515786 0.856717 4.49724e-17
0.727924 0.60698 0.318909
0.727325 0.441181 0.525698
0.423701 0.734477 0.530114
0.637428 0.713906 0.28987
0.958276 0.285846 0
5.11629e-17 0.835553 0.54941
0.569307 0.822125 4.49724e-17
0.442157 0.438284 0.782563
0.981526 0.191327 0
0.600774 0.609004 0.517866
0.946396 0 0.323007
0.919298 0.304236 0.249662
0.566273 0.346158 0.748004
3.51492e-17 0.57403 0.818834
0.464355 0.885649 4.49724e-17
0.8518 0.301089 0.428698
5.31297e-17 0.867673 0.497135
0.320547 0 0.947233
0.896181 0.443688 0
0.45635 0.525388 0.718131
6.12323e-17 1 0
0.765005 0.303727 0.567906
4.88519e-17 0.797812 0.602906
1.2616e-17 0.206035 0.978545
0.308233 0.862622 0.401094
0.614806 0.434061 0.658486
0.227166 0 0.973856
0.339101 0.810179 0.478144
0.777812 0 0.628496
0.54303 0.693399 0.47362
4.40247e-17 0.718978 0.695033
0.50408 0.301233 0.809421
0.667523 0.74459 4.49724e-17
0.285154 0.646187 0.707905
0.698854 0.349857 0.623862
0.794206 0.53774 0.282971
5.66844e-17 0.925727 0.378193
0.552913 0.559154 0.617765
0.880314 0 0.474392
0.184389 0.982853 4.49724e-17
0.619781 0.784775 4.49724e-17
0.647286 0.302954 0.699457
0.345525 0.93841 0
0.52492 0.801876 0.2854
0.615986 0 0.787757
0.825738 0.444693 0.346994
0.799788 0.35955 0.48069
3.8165e-17 0.623282 0.781997
0.76144 0.496946 0.416237
0.272212 0.418521 0.866453
0.861707 0.507407 4.49724e-17
0.571936 0.740146 0.353656
0.463261 0 0.886222
2.38534e-17 0.389555 0.921003
0.29804 0.90721 0.296887
0.896858 0.250135 0.364799
0.972343 0 0.233556
0.31191 0.494468 0.811303
0.469453 0.775183 0.422736
0.568519 0 0.82267
0.407748 0.913094 4.49724e-17
0.787664 0.616104 4.49724e-17
0.424523 0.61345 0.665928
0.928925 0.370269 4.49724e-17
0.712269 0.701906 4.49724e-17
0.740701 0 0.671834
0.256218 0.251601 0.9333
3.19133e-17 0.521183 0.853445
0.42507 0.84441 0.326017
0.649854 0.499768 0.572644
1 0 0
0.915104 0 0.403217
0.339401 0.699682 0.628691
4.63615e-17 0.757141 0.653251
5.9687e-17 0.974762 0.223245
