0.375595 0.421528 0.919599
0.709584 0.632262 0.511033
0.234252 0.208726 1.03246
0.68151 0.764855 0.339059
0.523305 0.466282 0.820459
0.636615 0.567245 0.661342
0.210623 0.187672 1.04156
0.686461 0.611659 0.564857
0.476721 0.424774 0.869899
0.495498 0.556094 0.780808
0.458291 0.514337 0.83057
0.25671 0.228737 1.02284
0.763073 0.762981 6.60456e-17
0.53011 0.594939 0.727634
0.603344 0.677129 0.584716
0.760887 0.677976 0.35471
0.657583 0.738001 0.432851
0.471001 0.528601 0.814346
0.113922 0.127854 1.06541
0.720651 0.642124 0.482451
0.280148 0.314408 0.993521
0.567617 0.505765 0.765789
0.404387 0.453841 0.891582
0.393169 0.350326 0.941865
0.631364 0.708576 0.513536
0.698167 0.62209 0.538504
0.673831 0.756236 0.372128
0.702413 0.788314 0.222703
0.805658 0.717868 0
0.800476 0.71325 0.122203
0.278323 0.247995 1.01265
0.541156 0.607336 0.709023
0.562734 0.631553 0.669993
0.778626 0.693781 0.27718
0.153831 0.137068 1.05923
0.29913 0.266534 1.00195
0.34535 0.387584 0.946008
0.55203 0.61954 0.689821
0.262642 0.294762 1.00427
0.313582 0.351931 0.970686
0.581997 0.518578 0.746175
0.357084 0.318173 0.967304
0.410584 0.365844 0.928439
0.431901 0.48472 0.861933
0.460703 0.410501 0.885247
0.141231 0.158503 1.05799
0.445245 0.499695 0.846453
0.609933 0.54347 0.705011
0.360626 0.404728 0.933041
0.674458 0.600964 0.590227
0.741091 0.74087 0.257518
0.751384 0.669508 0.389359
0.662126 0.589976 0.614766
0.7867 0.700975 0.232717
0.338352 0.301483 0.979309
0.583482 0.654838 0.628614
0.049517 0.0555726 1.07651
0.483365 0.542477 0.797807
0.688889 0.773135 0.303504
0.649518 0.578742 0.638439
0.640303 0.718608 0.487889
0.185374 0.165175 1.05013
0.596131 0.531172 0.725882
0.553063 0.492797 0.784661
0.713643 0.800917 0.116905
0.695879 0.780981 0.26503
0.244581 0.274492 1.01452
0.375366 0.334463 0.954806
0.427688 0.381084 0.914482
0.508072 0.452709 0.837459
0.623433 0.555499 0.6835
0.593529 0.666113 0.60699
0.649086 0.728465 0.460918
0.507386 0.569436 0.763362
0.225901 0.253528 1.02426
0.770003 0.686098 0.317467
0.418278 0.469431 0.876982
0.0952703 0.106921 1.06954
0.297125 0.333461 0.982314
0.329609 0.369918 0.958613
0.0743267 0.0834164 1.07328
0.717868 0.805658 0
0.51892 0.582381 0.745637
0.186358 0.209148 1.04209
0.573217 0.643317 0.649604
0.538307 0.479649 0.802858
0.206517 0.231773 1.03347
0.492594 0.438918 0.853887
0.612933 0.68789 0.56173
0.163899 0.183942 1.05058
0.794024 0.707501 0.182723
0.390139 0.43785 0.905814
0.731276 0.651591 0.452863
0.74151 0.66071 0.421954
0.444377 0.395954 0.900094
0.622261 0.698359 0.538058
4.44621e-17 4.88774e-17 1.07908
0.665837 0.747264 0.403334
0.708382 0.795013 0.174842
0.319042 0.284277 0.990868
