0.686317 0.271803 0.674605
0.810446 0 0.585814
0.230071 0 0.973174
0.278578 0.827839 0.486905
4.98607e-17 0.814286 0.580463
4.75139e-17 0.77596 0.630782
0.666712 0.671148 0.324123
5.60101e-17 0.914714 0.404102
0.520135 0.780638 0.346504
3.94572e-17 0.644385 0.764701
0.70745 0.706764 5.3602e-17
5.21294e-17 0.851338 0.524618
0.89043 0.29735 0.344553
5.79069e-17 0.945691 0.325067
6.12323e-17 1 7.09795e-19
0.532632 0.278172 0.799327
3.63589e-17 0.593787 0.804622
0.546362 0.717368 0.432287
2.20548e-17 0.360183 0.932882
0.795117 0.268806 0.543629
0.314894 0.866287 0.3878
0.860084 0.419618 0.290131
0.481 0.409132 0.775403
0.309439 0.291409 0.905168
0.423147 0.518451 0.743071
0.377308 0.770145 0.514311
0.83719 0.337795 0.430125
0.334923 0.619212 0.710213
0.597523 0.326947 0.732169
0.785174 0.619275 5.3602e-17
0.753161 0.594966 0.280649
0.665301 0.546137 0.509028
0.80153 0.501087 0.326283
0.855321 0.518098 5.3602e-17
5.95658e-17 0.972783 0.23172
0.478558 0.878056 5.3602e-17
1.18031e-17 0.19276 0.981246
0.188002 0.982169 5.3602e-17
0.602726 0.50869 0.614782
0.77828 0.4003 0.483777
0.471877 0.701021 0.534698
3.30255e-17 0.539348 0.842083
0.282605 0.561577 0.777667
0.72103 0 0.692904
0.749404 0.49133 0.443835
0.666863 0.74518 0
0.390633 0 0.920547
0.613591 0.643476 0.457651
0.312833 0.743196 0.591435
0.978429 0.206584 5.3602e-17
0.270546 0.699787 0.661138
0.70746 0.582105 0.400817
2.60542e-17 0.425497 0.90496
0.458346 0.836364 0.300689
0.351953 0.936018 5.3602e-17
0.578157 0.815925 5.3602e-17
0.914348 0 0.40493
0.605484 0.737137 0.300029
0.645693 0.40154 0.649498
0.920498 0.390747 0
0.951158 0.308704 0
0.734257 0.320356 0.59853
5.42249e-17 0.88556 0.464525
0.582318 0.595572 0.553354
5.27744e-17 3.10526e-17 1
1.76264e-17 0.287862 0.957672
0.767234 0 0.641368
0.529861 0.848084 5.3602e-17
4.20478e-17 0.686692 0.726949
0.424831 0.325962 0.844551
0.945674 0 0.325118
0.407158 0.662188 0.62907
0.317076 0 0.9484
0.623847 0.781547 5.3602e-17
0.671538 0 0.74097
1 0 0
0.479752 0.566744 0.669806
0.456188 0 0.889883
2.96875e-17 0.484834 0.874606
0.850533 0 0.525921
0.571069 0 0.820902
4.48786e-17 0.732924 0.680311
0.822532 0.568719 5.3602e-17
0.889262 0.457399 5.3602e-17
0.281179 0.959655 5.3602e-17
0.418503 0.908215 5.3602e-17
0.545232 0.459961 0.700826
0.62513 1.46924e-17 0.780521
0.699487 0.446985 0.557604
0.419229 0.801276 0.426853
0.88217 0 0.470931
0.513082 0.624746 0.588591
0.745569 0.666428 5.3602e-17
0.255247 0.923778 0.285452
0.291679 0.405504 0.866308
0.344384 0.467994 0.813868
0.375042 0.888371 0.26484
0.512864 0 0.85847
0.931235 0.253944 0.261368
0.973114 0 0.230322
