0.0531533 3.92132
0.0464832 3.9338
0.182938 3.63627
0.237302 3.57607
0.729375 2.86422
0.0902273 3.84196
0.813552 2.387
0.738497 2.79888
0.686767 3.18391
0.0395955 3.94597
0.0783131 3.86899
0.841181 2.31994
0.788582 2.49194
0.13025 3.7471
0.777571 2.54979
0.227066 3.58168
0.732408 2.84228
0.723321 2.90855
0.203005 3.60578
0.770542 2.58996
0.218295 3.58875
0.10758 3.80109
0.692927 3.13732
0.735449 2.82048
0.677462 3.25373
0.720286 2.93101
0.655197 3.41549
0.767162 2.61009
0.760525 2.65109
0.848861 2.31135
0.784822 2.51097
0.635092 3.55112
0.726347 2.88631
0.804628 2.42001
0.859346 2.307
0.823384 2.35685
0.196024 3.61541
0.251159 3.5732
0.10187 3.81467
0.645288 3.48385
0.714259 2.976
0.0721957 3.88238
0.828789 2.34318
0.781169 2.53018
0.74775 2.73484
0.641921 3.50643
0.0250269 3.96912
0.66166 3.36955
0.774025 2.56975
0.81834 2.37148
0.189349 3.62561
0.0324643 3.95776
0.64862 3.46117
0.210378 3.59685
0.80901 2.40314
0.0659876 3.89557
0.717265 2.9535
0.674333 3.27699
0.744638 2.75609
0.0960859 3.82831
0.757259 2.67193
0.0089294 3.99032
0.0843133 3.85552
5.20417e-18 4
0.711225 2.9988
0.176721 3.64735
0.695999 3.11403
0.741564 2.77738
0.158783 3.68287
0.147288 3.70787
0.0172186 3.98
0.67119 3.3002
0.113276 3.78749
0.754052 2.69278
0.170619 3.65888
0.705143 3.04472
0.680573 3.23048
0.800424 2.43735
0.118916 3.77401
0.763827 2.63046
0.153014 3.69524
0.796375 2.45508
0.66485 3.34653
0.792434 2.47328
0.141613 3.7207
0.0596472 3.90856
0.683678 3.20717
0.834638 2.33079
0.135915 3.73384
0.708187 3.0217
0.638526 3.52884
0.702113 3.06767
0.68985 3.16062
0.65844 3.39256
0.699061 3.09081
0.65192 3.4384
0.668022 3.32345
0.75089 2.71371
0.164627 3.67078
0.124573 3.76053
