0.580236 0.814448
0.697677 0.716413
0.256523 0.966538
0.39836 0.917229
0.891619 0.452786
0.288178 0.957577
0.9502 0.31164
0.995371 0.0961045
0.706204 0.708008
0.71466 0.699472
0.38571 0.92262
0.410717 0.911763
0.68039 0.73285
0.653977 0.756515
0.91059 0.413311
0.570724 0.821142
0.830359 0.557229
0.120632 0.992697
0.551435 0.834218
0.689081 0.724684
0.671677 0.740844
0.662849 0.748753
0.521599 0.853191
0.635968 0.771715
0.617655 0.786449
0.939616 0.34223
0.303253 0.95291
0.46864 0.883389
0.992417 0.12292
0.645041 0.764148
0.851385 0.524541
0.589651 0.807658
0.928445 0.371471
0.786254 0.617904
0.346046 0.938218
0.808579 0.588387
0.731275 0.682083
0.989185 0.146671
0.955242 0.295826
0.77102 0.636811
0.763275 0.646074
0.960152 0.279478
0.479592 0.877492
0.916672 0.39964
0.204462 0.978875
0.626862 0.77913
0.871868 0.489741
0.239874 0.970804
0.878503 0.477737
0.885095 0.465411
0.143971 0.989582
0.844485 0.53558
0.372805 0.92791
6.12323e-17 1
0.964845 0.26282
0.53166 0.846958
0.815943 0.578132
0.490395 0.871501
0.973731 0.227701
0.977908 0.209034
0.0629873 0.998014
0.934115 0.356971
0.89802 0.439955
0.823173 0.56779
0.317866 0.948136
0.272613 0.962124
0.332149 0.943227
0.185487 0.982647
0.981891 0.189445
0.723012 0.690836
0.985661 0.168739
0.801202 0.598394
0.599074 0.800694
0.0944331 0.995531
0.457484 0.889218
0.837454 0.546508
0.511378 0.859356
0.608435 0.793604
0.446211 0.894928
0.541598 0.840638
0.922629 0.385688
1 6.53975e-17
0.997945 0.064084
0.969375 0.245586
0.865135 0.501539
0.778664 0.627441
0.165434 0.986221
0.422829 0.90621
0.56112 0.827735
0.73944 0.673223
0.222555 0.97492
0.85829 0.513164
0.434629 0.90061
0.94499 0.327099
0.904366 0.426758
0.501009 0.865442
0.793757 0.608236
0.359574 0.933117
0.755429 0.655231
0.747486 0.664277
