0.257015 0.929843 0.263315
0.671478 0.604194 0.42903
0.72977 0.445833 0.518332
4.29653e-17 0.701677 0.712495
0.648714 2.162e-17 0.761033
0.794199 0.420108 0.439042
0.771162 3.21873e-17 0.636638
4.99466e-17 0.815689 0.57849
1 3.33275e-17 0
0.947118 0.320885 6.28907e-17
0.959249 1.79566e-17 0.282563
0.903632 3.01158e-17 0.42831
0.887539 0.460732 6.28907e-17
0.972753 0.231842 6.28907e-17
0.582122 0.484512 0.652979
0.548535 1.82813e-17 0.836128
0.714523 0.637079 0.289115
0.382923 1.59827e-17 0.92378
0.627617 0.547399 0.55358
0.31937 0.727669 0.607043
0.853655 0.520839 0
0.41874 0.479447 0.771225
0.220469 9.20209e-18 0.975394
0.476943 0.346541 0.807734
0.761896 0.550339 0.341528
0.527694 0.779449 0.337638
0.742812 0.6695 6.28907e-17
0.29789 0.336019 0.893506
0.817515 0.282977 0.501591
0.426111 0.800086 0.422246
0.473377 0.541413 0.694828
3.10635e-17 0.507306 0.861766
6.00759e-17 1.18441e-17 1
3.44527e-17 0.562655 0.826692
0.857223 0.323095 0.400972
0.6114 0.791322 7.77201e-17
0.281473 0.528457 0.800941
0.497382 1.65765e-17 0.867532
5.4296e-17 0.886721 0.462305
5.21566e-17 0.851782 0.523896
0.783849 0.620952 2.35477e-17
0.699193 0.714933 0
1.87279e-17 0.30585 0.95208
0.27809 0.868672 0.409969
0.756858 0.32471 0.567211
5.96324e-17 0.973872 0.2271
0.459637 0.840489 0.2869
0.875117 2.91654e-17 0.483912
0.569159 0.286611 0.770657
0.841643 2.80498e-17 0.540034
0.704422 0.289011 0.648276
0.656575 0.754261 6.28907e-17
0.203265 0.979124 7.66574e-17
0.634798 0.683461 0.360434
0.563072 0.826408 6.28907e-17
0.383695 0.92346 6.28907e-17
0.818281 0.574819 7.77201e-17
4.55571e-17 0.744004 0.668175
0.282679 0.672463 0.684022
2.77597e-17 0.45335 0.891333
0.914717 0.272858 0.298063
0.932855 3.10897e-17 0.360251
0.981977 4.09865e-17 0.189001
0.335771 0.589327 0.734814
0.918751 0.394837 6.28907e-17
3.75996e-17 0.614048 0.789269
4.78146e-17 0.780872 0.624692
0.578752 0.64545 0.498438
0.688902 2.87539e-17 0.724855
4.02137e-17 0.65674 0.754117
0.50987 0.725602 0.462097
5.80569e-17 0.948142 0.317847
1.25284e-17 0.204604 0.978845
0.250199 0.253514 0.934415
0.731217 2.43696e-17 0.682144
0.669713 0.424624 0.609245
0.627596 0.341179 0.6998
0.303625 0.952791 7.77201e-17
5.62634e-17 0.918851 0.394604
0.300861 0.824658 0.47898
0.805902 2.68587e-17 0.592049
0.824322 0.475033 0.307956
0.507468 0.861671 6.28907e-17
0.442519 1.4748e-17 0.896759
0.351821 0.885495 0.303513
0.308466 1.02804e-17 0.951235
0.53092 0.59346 0.60492
0.415861 0.295372 0.860125
2.37533e-17 0.38792 0.921693
0.367366 0.765724 0.527929
0.331225 0.430846 0.839441
0.414719 0.636452 0.650336
6.12323e-17 1 7.77201e-17
0.598564 0.74157 0.302979
0.708349 0.52305 0.473983
0.462471 0.685099 0.562814
0.447229 0.894419 6.28907e-17
0.600259 2.50541e-17 0.799805
0.877104 0.390307 0.279907
0.529722 0.425461 0.733742
