0.95844 2.36894e-17 0.285294
0.291893 0.691722 0.660545
0.465808 0.416927 0.780509
5.99774e-17 0.979505 0.201418
0.782973 0.280696 0.555125
0.719831 0.523143 0.456251
0.532663 0.46552 0.706796
0.756688 0.413191 0.506653
0.275098 0.404838 0.872025
0.628209 0.41128 0.660456
0.902849 2.23153e-17 0.429958
0.897994 0.440008 0
0.715106 0.331104 0.615625
0.366609 0.776519 0.512462
0.704871 0.709336 0
0.842743 0 0.538316
0.420675 0.661749 0.620582
0.456971 0.889481 0
0.675914 0.613846 0.40784
0.23019 0.973146 0
0.437204 0.795183 0.420162
4.31395e-17 0.704522 0.709682
0.584101 0.5236 0.620216
2.73605e-17 0.44683 0.894619
0.974712 0.223465 0
2.32759e-17 0.380125 0.924935
0.391947 0.863436 0.317579
0.635318 1.57029e-17 0.77225
0.86792 0.347933 0.354481
0.275955 0.924754 0.262068
0.279639 0.570089 0.772529
0.299076 0.834905 0.462047
0.310161 0.74617 0.589093
0.313144 0.290137 0.904302
0.767164 5.97025e-19 0.641451
0.792152 0.610324 0
0.397736 0.9175 0
5.66516e-17 0.925191 0.379503
0.575662 0.767483 0.282104
0.565118 0.82501 0
0.490973 0.819327 0.296055
0.873846 2.15985e-17 0.486204
0.633171 0.571458 0.522044
0.865214 0.501403 0
3.41901e-18 6.11368e-17 1
0.749862 0.661594 0
5.83934e-17 0.953636 0.300963
0.355503 2.7666e-19 0.934675
5.04043e-17 0.823165 0.567802
0.912795 0.284369 0.293153
0.476318 0.57355 0.666455
0.58687 0 0.809681
0.47916 3.72893e-19 0.877727
0.320891 0.947116 0
0.516007 0.292493 0.805099
0.414763 0.326563 0.84931
3.73698e-17 0.610296 0.792174
4.57074e-17 0.746459 0.665431
0.715711 0.642158 0.274574
0.534977 1.32228e-17 0.844866
0.469763 0.706822 0.528891
0.332263 0.471785 0.816713
0.415864 0.523285 0.743794
0.513107 0.858324 0
6.12323e-17 1 0
5.26177e-17 0.859312 0.511451
0.63523 0.69859 0.329326
5.47204e-17 0.893652 0.448761
4.81292e-17 0.78601 0.618214
0.584147 0.663788 0.467074
0.843305 0.452595 0.289818
0.932131 2.30391e-17 0.36212
0.615824 0.787884 0
0.660204 0.278054 0.697722
0.829912 0.557894 0
0.729418 1.80287e-17 0.684068
0.663398 0.748267 0
0.678198 0.465559 0.568597
1.90766e-17 0.311545 0.950231
0.828503 0.319774 0.459704
3.41247e-17 0.557299 0.830312
0.981662 0 0.190631
0.806257 0 0.591565
1.38248e-17 0.225777 0.974179
0.926095 0.377291 0
0.762081 0.567521 0.311694
1 2.47166e-17 0
0.189204 0 0.981938
4.04079e-17 0.659912 0.751343
0.534787 0.620635 0.573424
0.95163 0.307247 0
0.420229 1.03866e-17 0.907418
3.10875e-17 0.507697 0.861536
0.684002 0 0.72948
0.533047 0.740223 0.409794
0.580883 0.32939 0.744364
0.793189 0.475302 0.380708
0.337201 0.620245 0.708232
0.273462 0.884692 0.377544
0.282731 0 0.959199
