0.806338 0.591455
0.636863 0.770977
0.443966 0.896044
0.456367 0.889792
0.204899 0.978783
0.185671 0.982612
0.972715 0.232003
0.833955 0.551832
0.240687 0.970603
0.350039 0.936735
0.492171 0.870498
0.305527 0.952183
0.944551 0.328365
0.646026 0.763316
0.93432 0.356434
0.36429 0.931286
0.929113 0.369797
0.963824 0.266538
0.405268 0.914198
0.69001 0.7238
0.468524 0.883451
0.912878 0.408232
0.547632 0.836719
0.872338 0.488904
0.514872 0.857267
0.988512 0.151142
0.290012 0.957023
6.12323e-17 1
0.7468 0.665048
0.418437 0.908246
0.618038 0.786148
0.503635 0.863917
0.777221 0.629228
0.90732 0.420441
0.578716 0.815529
0.320721 0.947174
0.866207 0.499686
0.884347 0.466831
0.762174 0.647372
0.738998 0.673708
0.820343 0.571872
0.731088 0.682283
0.923766 0.382957
0.901705 0.432352
0.09434 0.99554
0.791954 0.610581
0.588794 0.808283
0.997805 0.0662279
0.335555 0.942021
0.896013 0.444028
0.968341 0.24963
0.706784 0.70743
0.723093 0.690751
0.627542 0.778583
0.274099 0.961701
0.663927 0.747797
0.847167 0.531326
0.995071 0.0991643
0.25769 0.966228
0.698455 0.715653
0.799192 0.601076
0.954386 0.298574
0.525949 0.850516
0.939492 0.342571
0.769748 0.638348
0.223139 0.974787
0.959157 0.282873
0.536848 0.843679
1 1.2262e-17
0.949532 0.31367
0.598696 0.800976
0.859953 0.510373
0.984853 0.173392
0.0628155 0.998025
0.827203 0.561903
0.980981 0.194103
0.672777 0.739845
0.681474 0.731843
0.655039 0.755595
0.878389 0.477946
0.558167 0.829729
0.568534 0.82266
0.43133 0.902194
0.99195 0.126632
0.120557 0.992706
0.165392 0.986228
0.853608 0.520915
0.391854 0.920028
0.754526 0.65627
0.784627 0.619968
0.976924 0.213588
0.890231 0.455509
0.608421 0.793614
0.143906 0.989591
0.813386 0.581725
0.918378 0.395703
0.714994 0.699131
0.378147 0.925745
0.48045 0.877022
0.840625 0.541617
