0.645383 0.763859 4.89152e-17
5.55524e-17 0.90724 0.420613
4.01692e-17 0.656013 0.754749
0.805373 0.273703 0.525796
0.773829 0.559298 0.29728
0.414697 0.90996 4.89152e-17
0.281909 0.92338 0.26057
0.483628 0.875274 0
0.676283 0.355183 0.645358
0.781249 0.403217 0.476515
0.750005 1.70712e-18 0.661432
0.296883 0.638451 0.710099
0.446469 0.852116 0.273065
0.54398 0.707005 0.451918
0.41832 0.294607 0.859194
1 2.27614e-18 0
4.27706e-17 0.698497 0.715613
5.72147e-17 0.934387 0.35626
1.91363e-17 0.31252 0.949911
0.305072 0.788324 0.534299
0.711574 0.618095 0.334096
0.308233 0.262496 0.914379
0.59072 0.440953 0.675729
0.192077 4.37194e-19 0.98138
5.37475e-17 0.877763 0.479095
0.894092 2.03508e-18 0.447884
0.693816 0.720153 4.89152e-17
4.75125e-17 0.775938 0.63081
5.87083e-17 0.95878 0.28415
0.550834 0.361761 0.752137
0.709738 0.449667 0.542284
0.923451 2.1019e-18 0.383716
0.28711 6.53503e-19 0.957898
6.12317e-17 2.78581e-19 1
0.934969 0.35473 4.89152e-17
0.237301 0.971436 0
0.982235 0.187653 0
0.499574 0.308739 0.809386
0.508911 0.79002 0.341873
0.827159 1.88273e-18 0.561968
2.72648e-17 0.445268 0.895397
3.07708e-17 0.502525 0.864563
0.974156 2.21732e-18 0.225876
3.42087e-17 0.558671 0.829389
0.333567 0.942726 4.89152e-17
0.863477 1.9654e-18 0.504388
0.440046 1.00161e-18 0.897975
0.816695 0.464261 0.34274
0.433231 0.608274 0.665066
0.744826 0.513549 0.426031
0.354891 0.562291 0.746914
0.49051 0.504724 0.71039
0.6318 0.288026 0.719632
0.54139 0.561731 0.625584
4.52194e-17 0.738489 0.674266
0.84783 0.530268 0
0.436605 0.451709 0.778033
0.661542 1.50576e-18 0.749908
0.546179 0.837669 0
2.34361e-17 0.382741 0.923856
6.12323e-17 1 4.89152e-17
5.18027e-17 0.846003 0.533179
0.633987 0.502446 0.587885
0.629906 0.658739 0.411439
0.597473 0.801889 4.89152e-17
6.01166e-17 0.981779 0.190028
4.97166e-17 0.811934 0.58375
0.350273 0.423204 0.835588
3.74017e-17 0.610816 0.791772
0.557754 1.26953e-18 0.830006
0.788282 1.79424e-18 0.615314
0.950089 2.16254e-18 0.311978
0.907494 0.420065 4.89152e-17
0.368072 0.724471 0.582808
0.664154 0.694809 0.275935
0.87878 0.477227 0
0.84865 0.319728 0.421386
0.587265 0.6134 0.528072
0.739159 0.673531 0
0.959695 0.281045 0
0.869095 0.391544 0.30227
1.39096e-17 0.227162 0.973857
0.777683 0.628656 0
0.911936 0.290993 0.289303
0.285391 0.843792 0.454497
0.740841 0.315158 0.593153
0.487976 0.663345 0.567321
0.709562 1.61506e-18 0.704643
0.814051 0.580793 4.89152e-17
0.331477 0.880871 0.33792
0.403946 0.816368 0.412761
0.58689 0.746818 0.312767
0.501261 1.14094e-18 0.865296
0.368649 8.39098e-19 0.929569
0.316483 0.694181 0.646492
0.6102 0 0.792247
0.6727 0.565243 0.477468
0.283705 0.373786 0.88306
0.447849 0.750139 0.486542
0.283679 0.52005 0.805652
