0.287019 1.07365
1.18018 0.125979
0.533298 0.872688
1.08079 0.277102
0.546788 0.860458
0.519662 0.884933
0.599632 0.811495
1.22473 0.0480211
0.214773 1.12391
0.0876713 1.20263
0.747251 0.666524
0.759223 0.654248
1.24173 0.0160649
0.184247 1.14393
0.396916 0.98948
0.979095 0.409698
0.451623 0.944192
1.20737 0.0793334
0.625251 0.787179
0.807559 0.603806
0.711377 0.702831
0.918028 0.48211
0.819704 0.590894
0.199577 1.13396
0.967096 0.424284
0.586658 0.823668
1.0373 0.335979
0.30094 1.06351
7.65404e-17 1.25
1.18943 0.110407
1.21611 0.0637403
0.328509 1.04297
0.244267 1.10388
0.893237 0.510339
0.0359899 1.23122
0.831876 0.577851
0.272923 1.08378
0.637856 0.775082
1.05932 0.306626
0.880833 0.524243
1.16144 0.156608
0.120821 1.18326
0.492527 0.908942
1.17089 0.141302
0.355964 1.02193
0.369705 1.01118
0.168796 1.15379
1.15172 0.172061
0.383348 1.00037
1.13226 0.202173
0.955022 0.438776
0.229586 1.11393
1.01442 0.365587
1.04834 0.321369
1.02595 0.350773
0.723325 0.690817
0.424296 0.967087
0.942748 0.453326
0.844053 0.564694
0.868649 0.537768
1.09133 0.262263
0.258657 1.09386
0.612551 0.799279
0.437949 0.955715
0.905634 0.496299
1.14196 0.187303
0.795418 0.616614
1.19847 0.0949138
0.66268 0.751009
1.12221 0.217308
0.314751 1.05329
1.23329 0.0321048
1.07014 0.291862
1.00282 0.380278
1.25 0
0.93042 0.467764
0.478966 0.920756
0.0535791 1.2217
0.650323 0.763033
0.699338 0.71486
0.783226 0.62938
0.137054 1.17349
0.410622 0.978339
0.0181332 1.24065
0.687225 0.726883
0.573486 0.835927
0.152968 1.16371
0.771127 0.641957
0.506153 0.896946
0.465326 0.932512
0.104328 1.193
0.735283 0.678716
0.560195 0.848194
1.11206 0.232341
0.991018 0.39501
0.675029 0.73891
0.856244 0.551409
0.342263 1.0325
1.10177 0.247318
0.070711 1.21222
