0.516198 0.428129 0.914816
0.386058 0.465473 0.959655
0.774311 0.774513 0.295323
0.478503 0.396865 0.948777
0.684611 0.82544 0.369595
0.261849 0.315713 1.05755
0.0682515 0.0566071 1.13083
0.867646 0.719616 0.126436
0.53427 0.443117 0.897133
0.844821 0.700685 0.286292
0.816428 0.677136 0.401964
0.618494 0.512972 0.800605
0.692604 0.835077 0.331044
0.199638 0.240705 1.09034
0.569098 0.472003 0.860223
5.21999e-17 4.58183e-17 1.1343
0.303912 0.252061 1.06337
0.873087 0.724129 4.94538e-17
0.527535 0.636052 0.777038
0.15676 0.130015 1.11587
0.335858 0.404946 1.00492
0.747406 0.61989 0.586314
0.805951 0.668447 0.436194
0.585949 0.48598 0.840911
0.515018 0.620961 0.797375
0.563266 0.679134 0.712848
0.432479 0.521443 0.909782
0.502178 0.60548 0.817224
0.707311 0.85281 0.243041
0.126662 0.152718 1.11682
0.374867 0.31091 1.02443
0.461465 0.556392 0.874141
0.7837 0.649992 0.499969
0.693392 0.575091 0.689291
0.734705 0.609356 0.612812
0.447165 0.53915 0.892191
0.835835 0.693232 0.327802
0.676221 0.815325 0.405726
0.152725 0.184142 1.10879
0.648772 0.78223 0.503841
0.713812 0.860649 0.190788
0.759841 0.630203 0.558685
0.794962 0.659332 0.469
0.664407 0.551052 0.735901
0.3285 0.272454 1.05095
0.222082 0.184192 1.09699
0.396927 0.329206 1.01031
0.679064 0.563208 0.712961
0.707435 0.586739 0.664769
0.241956 0.291728 1.06911
0.853207 0.70764 0.240682
0.190937 0.158361 1.10685
0.281057 0.338873 1.04538
0.700205 0.844242 0.289157
0.618593 0.745842 0.589666
0.539732 0.650759 0.756205
0.768211 0.834563 9.89075e-17
0.459014 0.380701 0.964892
0.608152 0.733253 0.615739
0.719542 0.867557 0.127471
0.802083 0.802064 9.89075e-17
0.658192 0.793586 0.472915
0.602348 0.499581 0.821121
0.628854 0.758214 0.562404
0.299839 0.361518 1.03249
0.649422 0.538624 0.758142
0.71283 0.712889 0.51991
0.724129 0.873087 9.89075e-17
0.638936 0.77037 0.533793
0.771867 0.640178 0.53013
0.83458 0.768193 4.94538e-17
0.586067 0.706625 0.666222
0.278158 0.230702 1.0752
0.221122 0.266608 1.08012
0.551878 0.457721 0.878958
0.551617 0.665089 0.73486
0.352092 0.292021 1.03798
0.250973 0.208154 1.08643
0.634181 0.525983 0.779615
0.318095 0.383529 1.019
0.597209 0.72006 0.641482
0.721213 0.598166 0.639292
0.0900309 0.108551 1.1255
0.574754 0.692985 0.689981
0.418185 0.346838 0.995725
0.475401 0.573194 0.85562
0.497546 0.412659 0.932096
0.860882 0.714005 0.189005
0.176972 0.213377 1.09991
0.401937 0.484618 0.943523
0.117746 0.0976573 1.12394
0.438968 0.364075 0.98051
0.826378 0.685388 0.366042
0.417416 0.503281 0.926885
0.488958 0.58954 0.836664
0.369753 0.445814 0.975283
0.746211 0.746141 0.416036
0.669691 0.669454 0.624491
0.667355 0.804635 0.440276
0.353006 0.425622 0.990392
