0.0861729 0.244595 5.42515
0.717771 0.856724 3.25701
0.244804 0.0851316 5.42749
0.85845 0.814836 2.68972
0.857979 0 4.30708
0.767647 0.747343 3.34477
0.184995 0.858769 3.93978
0.858056 0.733386 3.14232
0.110868 0.858672 4.10027
0.727662 0 4.87669
0.858543 0.171958 3.96333
0.186929 0.677487 4.88309
0.214625 0.851125 3.90199
0.787042 0.241433 4.07428
0.656291 0.225739 4.9904
0.763489 0.223476 4.21687
0.127798 0.784102 4.26758
0.858018 0.691205 3.45744
0.851297 0.763324 2.94315
0.773934 0.851125 2.87996
0 0.715777 4.96462
0.0522335 0.217824 5.51226
0.855191 0.0441091 4.24578
0.74577 0.846296 3.06205
0.24828 0.248295 5.14667
0.101465 0.728152 4.68875
0.239701 0.690943 4.72752
0.859018 0.248806 3.8803
0.676045 0.85806 3.57135
0.744697 0.127966 4.50817
0.712788 0.705747 4.02719
0.159317 0.85483 3.98957
0.0629564 0.858732 4.20886
0.794088 0.134877 4.20178
0.850878 0.207168 3.91042
0.662241 0.848804 3.67677
0.0885853 0.848302 4.15758
0.034564 0.858285 4.26143
0.145995 0.149079 5.41466
0.856072 0.647307 3.77759
0.695019 0.758212 3.78726
0.815221 0.233071 3.95944
0.764357 3.35232e-17 4.62719
0.69086 0.10807 4.9529
0 0.684086 5.20411
0.848171 0.83747 2.63763
0.740855 0.240099 4.35736
0.776977 0.696184 3.66572
0.106015 0.107508 5.60609
0.229566 0.121954 5.3468
0.245905 0.192991 5.19356
0.70414 0.852692 3.36108
0.824661 0.858611 2.66046
0.223745 0.711048 4.58424
0.845593 0.719938 3.24805
0.162126 0.228804 5.25642
0.124243 0.240873 5.33611
0.235947 0.655886 4.98729
0.241833 0.769223 4.17227
0.134877 0.857947 4.04334
0.858508 0.07852 4.17557
0.856638 0.705572 3.34877
5.1069e-17 4.76599e-17 6
0.20082 0.240558 5.18357
0 0.238303 5.57568
0.249526 0.859125 3.88025
0.678414 0.239701 4.8218
0 0.13178 5.7435
0.700567 0.21139 4.67511
0.853187 0.110137 4.10351
0.209045 0.750183 4.31681
0.731618 0.858098 3.15504
0.856752 0.748117 3.03963
0.243056 0.816881 3.95024
0.851472 0.677061 3.56618
0.858053 0.662358 3.67161
0 0.764305 4.62751
0.858213 0.778893 2.84957
0.859105 0.859103 2.61402
0.805939 0.854967 2.72261
0.719286 0.237368 4.51448
0.854423 0.795966 2.7649
0.759165 0.858182 2.96678
0.788939 0.858343 2.79723
0.239095 0.155524 5.26519
0.221198 0.0512102 5.5112
0.0828498 4.76599e-17 5.85883
0.682359 0 5.21709
0.720455 0.784084 3.44455
0.154276 3.35232e-17 5.6925
0.240517 0.72983 4.43582
0.804895 0 4.41895
0.216492 0.793491 4.05876
0.787128 0.785775 3.00528
0.85745 0.140313 4.03083
0.647221 0.857822 3.77783
4.26379e-17 0.855604 4.30757
0.690235 0.856704 3.46499
0.24212 3.35232e-17 5.57444
0 0.80348 4.42463
