0.238199 0 0.971216
0.593225 0.725372 0.34917
3.84906e-17 0.6286 0.777729
0.898074 0.439845 0
0.610888 0.34546 0.712372
0.646504 0 0.762911
0.562331 0.495516 0.662003
0.667325 0.675697 0.313227
0.55851 0.277884 0.781567
3.21552e-17 0.525134 0.851019
0.934291 0 0.356512
0.312597 0.429345 0.847317
0.427554 0.591786 0.683365
0.309495 0.61098 0.72864
0.34292 0.67587 0.652384
0.506717 0.862112 0
0.68388 0.303867 0.663305
0.84465 0 0.535319
0.837156 0.546964 0
0.98215 0 0.188102
0.536158 3.16401e-18 0.844118
0.263189 0.885039 0.383977
0.283777 0.535839 0.795203
0.40225 0.779714 0.479835
0.810277 0 0.586047
0.33721 0.834809 0.435182
0.974846 0.22288 0
0.876848 0 0.480768
0.306868 0.742943 0.594868
5.63641e-17 2.39268e-17 1
0.481003 2.83852e-18 0.876719
0.340557 0.940224 2.66178e-17
2.54272e-17 0.415257 0.909704
1.15172e-17 0.188091 0.982152
0.600019 0.799986 0
0.5934 0 0.804908
0.913886 0.283797 0.290294
0.926145 0.377168 2.66178e-17
0.73824 0.335011 0.585465
0.769727 0.528711 0.35775
0.405406 0.473785 0.781776
0.270532 0.806627 0.525515
0.906138 0 0.422983
0.824924 0.475599 0.305461
0.712333 0.459445 0.530558
0.459555 0.334494 0.822754
0.684829 0.728703 0
4.38602e-17 0.716291 0.697802
0.272763 0.962081 0
0.647715 0.439719 0.622183
0.590707 0.572552 0.568551
0.733297 0 0.679908
0.554704 0.832048 0
5.94575e-17 0.971015 0.239017
4.6351e-17 0.756969 0.65345
0.765422 0.643529 0
4.87232e-17 0.79571 0.605678
0.517476 0.415878 0.74784
0.70744 0.574726 0.411361
0.691278 0 0.722589
5.56795e-17 0.909316 0.416107
0.800253 0.293607 0.522867
5.34244e-17 0.872487 0.488638
0.284686 0.262671 0.921932
3.54243e-17 0.578523 0.815666
0.415796 0 0.909458
0.782179 0.422058 0.458327
0.422807 0.847958 0.319689
2.15596e-17 0.352095 0.935964
0.497685 0.754677 0.427519
0.363283 0.309317 0.878834
0.643051 0.765823 0
0.439721 0.708332 0.552188
4.12565e-17 0.67377 0.738941
0.77309 4.5622e-18 0.634296
0.868698 0.495342 2.66178e-17
0.869057 0.3728 0.325208
2.89168e-17 0.472246 0.881467
0.84651 0.313224 0.430477
0.526301 0.793451 0.305684
1 0 2.31468e-17
0.951703 0.307021 0
0.803754 0.594962 0
0.627978 0.635508 0.449192
0.492428 0.624125 0.606616
0.959573 0 0.281459
0.461333 0.523069 0.716638
0.724561 0.68921 0
0.306235 0.909188 0.28213
0.544632 0.674949 0.497815
5.11662e-17 0.835607 0.549327
0.334384 1.97328e-18 0.942437
0.670676 0.540177 0.508334
0.401224 0.91598 0
0.182382 0.983228 0
1.72224e-17 0.281264 0.95963
0.736664 0.615761 0.27958
5.77133e-17 0.94253 0.334122
6.12323e-17 1 2.66178e-17
0.456838 0.88955 2.66178e-17
