0.757835 2.66822
0.140395 3.72349
0.701421 3.07291
0.181995 3.63791
0.112258 3.78992
0.808473 2.40514
0.195215 3.61659
0.237083 3.57616
0.68088 3.22818
0.707329 3.02818
0.129116 3.74977
0.638139 3.53138
0.79537 2.45963
0.716313 2.96061
0.134739 3.73658
0.677938 3.25018
0.719328 2.93813
0.841126 2.32001
0.226683 3.58194
0.0777511 3.87024
0.202268 3.60674
4.6597e-17 4
0.737942 2.80279
0.669045 3.31596
0.725436 2.89298
0.692605 3.13976
0.106635 3.80335
0.710322 3.0056
0.0172234 3.97999
0.751026 2.71281
0.731655 2.8477
0.783293 2.51892
0.117873 3.7765
0.660018 3.38132
0.0394411 3.94623
0.683815 3.20615
0.151839 3.6978
0.634898 3.55237
0.663043 3.3596
0.0655995 3.89638
0.787233 2.49868
0.653896 3.42462
0.169574 3.66091
0.764821 2.62434
0.00893478 3.99031
0.0323843 3.95788
0.100968 3.81681
0.672021 3.29408
0.704371 3.05056
0.689669 3.16198
0.775694 2.56028
0.695536 3.11754
0.818028 2.37244
0.644537 3.48892
0.834544 2.33097
0.666057 3.33777
0.73478 2.82526
0.823163 2.35745
0.747703 2.73516
0.713314 2.98309
0.828632 2.34355
0.779458 2.53942
0.647679 3.46761
0.741149 2.78027
0.803971 2.42265
0.744407 2.75768
0.722365 2.91561
0.799615 2.44081
0.0528766 3.92185
0.0593099 3.90924
0.0717528 3.88334
0.123494 3.7631
0.188471 3.62702
0.698473 3.09527
0.175706 3.64923
0.046271 3.93418
0.768375 2.60281
0.656968 3.403
0.0895361 3.84356
0.157647 3.68528
0.754405 2.69047
0.163562 3.67295
0.791256 2.4789
0.0952821 3.8302
0.728549 2.87022
0.674985 3.27215
0.20974 3.59757
0.859346 2.307
0.813152 2.38836
0.761301 2.6462
0.848841 2.31137
0.146082 3.71058
0.217787 3.58922
0.686744 3.18408
0.0836838 3.85695
0.0249901 3.96918
0.772004 2.58141
0.650801 3.44615
0.641353 3.51021
0.251146 3.5732
