0.634773 3.55318
0.0523843 3.92279
0.711226 2.99879
0.75688 2.67437
0.841421 2.3196
0.251134 3.5732
0.133546 3.73936
0.064967 3.89769
0.671488 3.29801
0.208856 3.59858
0.717503 2.95173
0.127965 3.75249
0.144821 3.71342
0.834971 2.33016
0.0170163 3.98027
0.0587547 3.91035
0.683585 3.20787
0.662415 3.36412
0.72068 2.92809
0.22613 3.58233
0.823848 2.35559
0.767256 2.60953
0.150541 3.70065
0.0943735 3.83232
0.156328 3.68809
0.72707 2.88101
0.818853 2.36991
0.829178 2.34228
0.105681 3.80562
0.793049 2.47038
0.650255 3.44993
0.674513 3.27565
0.73681 2.81081
0.0390803 3.94685
0.743407 2.76458
0.689682 3.16188
0.00882212 3.99045
0.0828832 3.85876
0.111276 3.79227
0.714358 2.97526
0.801079 2.43457
0.122408 3.76568
0.705005 3.04577
0.100055 3.81897
0.23675 3.57629
0.680572 3.23049
0.0458398 3.93497
0.217043 3.58992
0.805275 2.41744
0.777968 2.5476
0.116862 3.77891
0.760311 2.65244
0.76377 2.63081
0.0710284 3.8849
0.168238 3.66354
0.789175 2.48902
0.686633 3.18492
0.665452 3.34217
0.723869 2.90451
0.770789 2.5885
0.785375 2.50812
0.809624 2.40088
0.194109 3.61824
0.774353 2.56788
0.647175 3.47105
0.656338 3.40746
0.0247164 3.96958
0.659359 3.38602
0.644104 3.49184
0.750096 2.71903
0.733537 2.83416
0.730293 2.85755
0.201261 3.60808
0.849011 2.31123
0.753476 2.69657
0.708109 3.02229
0.692732 3.1388
0.81413 2.38504
0.781644 2.52764
0.180735 3.64012
0.698851 3.0924
0.0886803 3.84553
0.139163 3.72632
0.668465 3.3202
0.0770067 3.87188
0.187293 3.62894
0.859348 2.307
0.174399 3.65166
0.740096 2.78763
0.701925 3.06909
0.653305 3.42875
0.695806 3.1155
0.677546 3.2531
0.746746 2.74166
0.637894 3.53297
0.032054 3.95841
0.641015 3.51246
2.8047e-17 4
0.162228 3.67569
0.79701 2.45223
