0.676295 0.676295 0.291978
0.220596 0.220596 0.950092
0.614847 0.614847 0.493889
0.430633 0.430633 0.793165
0.275008 0.275008 0.921272
0.323757 0.323757 0.889023
0.331451 0.331451 0.883335
0.609773 0.609773 0.506313
0.339066 0.339066 0.877535
0.689911 0.689911 0.219193
0.390004 0.390004 0.834143
0.157901 0.157901 0.974748
0.486981 0.486981 0.725051
0.510714 0.510714 0.691623
0.449962 0.449962 0.771406
0.368631 0.368631 0.853359
0.108212 0.108212 0.988221
0.56736 0.56736 0.596829
0.504851 0.504851 0.700179
0.315955 0.315955 0.89462
0.683359 0.683359 0.256983
0.647986 0.647986 0.400284
0.474841 0.474841 0.740981
0.417413 0.417413 0.807176
0.40386 0.40386 0.82085
0.522348 0.522348 0.674022
0.561848 0.561848 0.607168
0.24865 0.24865 0.936133
0.396963 0.396963 0.827551
0.12152 0.12152 0.985122
0.672598 0.672598 0.308582
0.516552 0.516552 0.682896
0.550718 0.550718 0.627232
0.257593 0.257593 0.931285
0.0940238 0.0940238 0.99112
0.629586 0.629586 0.45524
0.705482 0.705482 0.0677522
0.456274 0.456274 0.763956
0.200834 0.200834 0.958818
0.594221 0.594221 0.542036
0.599454 0.599454 0.530386
0.528112 0.528112 0.664979
0.266394 0.266394 0.92632
0.533824 0.533824 0.655793
4.32978e-17 4.32978e-17 1
0.361361 0.361361 0.859556
0.643547 0.643547 0.41436
0.239503 0.239503 0.940891
0.134163 0.134163 0.981835
0.210852 0.210852 0.954507
0.169122 0.169122 0.970977
0.0786565 0.0786565 0.993794
0.180026 0.180026 0.967048
0.703451 0.703451 0.101554
0.539498 0.539498 0.646439
0.604637 0.604637 0.518486
0.468703 0.468703 0.748756
0.701138 0.701138 0.129656
0.634332 0.634332 0.441868
0.230168 0.230168 0.94554
0.498943 0.498943 0.708599
0.695869 0.695869 0.177573
0.668791 0.668791 0.324709
0.660801 0.660801 0.355927
0.679889 0.679889 0.274777
0.619854 0.619854 0.481208
0.686699 0.686699 0.238516
0.572809 0.572809 0.586328
0.6986 0.6986 0.154645
0.664819 0.664819 0.340632
0.346579 0.346579 0.871646
0.354012 0.354012 0.865651
0.146269 0.146269 0.978371
0.190592 0.190592 0.96299
0.462518 0.462518 0.756409
0.556291 0.556291 0.617317
0.38295 0.38295 0.840653
0.545132 0.545132 0.636916
0.375824 0.375824 0.847062
0.638992 0.638992 0.428229
0.291793 0.291793 0.910886
0.443593 0.443593 0.77875
0.588936 0.588936 0.553453
0.04086 0.04086 0.998329
0.410675 0.410675 0.814059
0.299949 0.299949 0.905572
0.578199 0.578199 0.575648
0.656632 0.656632 0.371037
0.624742 0.624742 0.468397
0.283482 0.283482 0.91612
0.0614428 0.0614428 0.996218
0.65237 0.65237 0.38578
0.583587 0.583587 0.56467
0.424071 0.424071 0.800204
0.480938 0.480938 0.733074
0.492973 0.492973 0.716907
0.692972 0.692972 0.198944
0.707107 0.707107 0
0.30801 0.30801 0.900144
0.437134 0.437134 0.78602
