0.643834 3.49365
0.859342 2.307
0.75197 2.70653
0.0640645 3.89956
0.799553 2.44108
0.163078 3.67394
0.769032 2.59889
0.795421 2.4594
0.817727 2.37338
0.236992 3.57619
0.640809 3.51382
0.201978 3.60713
0.755312 2.68454
0.637769 3.53379
0.791408 2.47817
0.251145 3.5732
0.226517 3.58206
0.0701822 3.88671
0.116881 3.77887
0.151279 3.69903
0.661807 3.3685
0.688831 3.16832
0.217559 3.58943
0.0241045 3.97047
0.0578249 3.9122
0.194886 3.61708
0.679775 3.23646
0.787462 2.49753
0.732395 2.84237
0.697983 3.09899
0.655854 3.41087
0.673805 3.2809
0.676777 3.25883
0.828321 2.34428
0.00858181 3.99072
0.822847 2.35832
0.157146 3.68634
0.652858 3.43187
0.701053 3.07571
0.772589 2.57802
0.69189 3.14518
0.707202 3.02914
0.710302 3.00575
0.169135 3.66178
0.704115 3.0525
0.694926 3.12217
0.745363 2.75111
0.0880681 3.84694
0.0762254 3.8736
0.0939117 3.8334
0.729191 2.86555
0.84871 2.31148
0.71341 2.98237
0.105452 3.80616
0.145472 3.71195
0.128265 3.75178
0.765534 2.61997
0.748654 2.72873
0.670799 3.30308
0.81286 2.38937
0.719687 2.93546
0.664804 3.34686
0.181592 3.63861
0.776201 2.55743
0.0382454 3.94827
0.111171 3.79252
0.122575 3.76528
0.80825 2.40598
0.646855 3.47322
0.72283 2.91217
0.80381 2.4233
0.0997005 3.81981
0.738848 2.7964
0.0821788 3.86035
0.735613 2.81932
0.658829 3.3898
0.133985 3.73834
0.783636 2.51712
0.834266 2.3315
0.175277 3.65002
0.762083 2.6413
0.685812 3.19111
0.0449604 3.93655
0.139705 3.72508
0.840895 2.32035
0 4
0.667815 3.32496
0.0165647 3.98086
0.779879 2.53714
0.0312967 3.95961
0.188105 3.62762
0.20947 3.59787
0.051474 3.92452
0.726002 2.88884
0.6828 3.21378
0.742097 2.77367
0.758681 2.6628
0.649854 3.45269
0.634705 3.55361
0.716544 2.95889
