0.347808 0.937566 0
0.264876 0.851311 0.452891
0.751606 0.316279 0.57884
0.540116 0.719358 0.436805
0.639555 1.22919e-60 0.768746
0.33784 0.532549 0.776051
0.564691 0.825302 3.98978e-316
0.834471 0 0.551051
0.268404 0.279117 0.921983
0.580635 0.402536 0.707692
0.435377 0.571395 0.695668
0.800056 0.356806 0.482286
0.835461 0.549549 0
0.756037 0.501391 0.420732
0.689668 0.303046 0.657663
0.359913 0.663652 0.655766
2.45195e-17 0.400433 0.916326
0.300396 0.790231 0.534132
5.36031e-17 0.875405 0.483391
4.64998e-17 0.759399 0.650625
0.764868 0 0.644188
0.730859 0.682529 0
0.185635 0.982619 0
0.784855 0.543156 0.298303
0.51663 0.856209 1.86413e-229
0.956558 0.291543 0
0.27777 0.960648 0
0.286133 0 0.95819
0.543589 0 0.839351
0.302379 0.616423 0.727042
0.44861 0.283235 0.84766
5.1277e-17 0.837417 0.546565
1 0 0
0.684852 0 0.728682
0.97433 0 0.225123
0.477841 0.468555 0.743051
0.730009 0.441271 0.521887
0.669491 0.484051 0.563451
0.593891 0.745156 0.303375
0.525279 0.329703 0.78446
0.609807 0.79255 1.39431e-283
0.5912 0 0.806525
0.924856 0 0.380318
0.825957 0.449157 0.340665
0.930759 0.365634 1.78315e-214
0.854581 0.310528 0.41625
0.410044 0.912066 0
0.486547 9.19567e-88 0.873654
0.547382 0.518188 0.657156
0.896 0 0.444055
0.800695 0 0.599073
0.328039 0.350691 0.877158
0.578823 0.647435 0.495774
0.461637 0.690492 0.556878
0.980782 0.195109 0
0.191297 0 0.981532
0.442367 0.847696 0.292784
0.866974 0.498353 0
3.53615e-17 0.577496 0.816393
0.314923 0.731236 0.605076
3.1888e-17 0.520771 0.853696
6.12323e-17 1 0
0.465303 0.885151 0
5.95038e-17 0.971771 0.235926
0.866275 0 0.499567
1.97775e-17 0.322991 0.946402
0.506883 0.790963 0.342707
0.900277 0.435318 0
0.644259 0.675889 0.357917
0.80207 0.59723 2.35711e-28
0.5033 0.613826 0.608199
0.39083 0.819604 0.418929
0.424608 0 0.905377
0.615647 0.281799 0.735913
0.911601 0.280835 0.300191
0.256083 0.925078 0.28045
0.6931 0.720842 0
0.278771 0.472422 0.836124
0.410795 0.415864 0.81136
0.879114 0.391044 0.272476
4.3894e-17 0.716843 0.697235
0.359437 0 0.933169
0.609178 0.567524 0.553912
4.89678e-17 0.799704 0.600394
0.640437 0.43162 0.635252
2.81197e-17 0.459229 0.888318
0.677997 0.577432 0.454853
0.951119 1.87158e-285 0.308823
5.7748e-17 0.943097 0.332519
0.652464 0.757819 0
0.726012 0 0.687682
1.41922e-17 0.231777 0.972769
0.76674 0.641957 0
6.12078e-17 1.73503e-18 1
5.5737e-17 0.910255 0.414048
3.83896e-17 0.626949 0.77906
0.431479 0.758321 0.488645
0.71693 0.61814 0.322358
0.326772 0.882993 0.336962
4.12257e-17 0.673267 0.739399
