0.262048 0.262048 0.928796
0.587731 0.587731 0.556008
0.0634565 0.0634565 0.995965
0.234542 0.234542 0.943388
0.642308 0.642308 0.418189
0.383763 0.383763 0.839912
0.304969 0.304969 0.902213
0.661976 0.661976 0.351534
0.705451 0.705451 0.0684022
0.353218 0.353218 0.866299
0.205187 0.205187 0.956973
0.194867 0.194867 0.961277
0.669408 0.669408 0.322157
0.701037 0.701037 0.13074
0.522706 0.522706 0.673467
0.461127 0.461127 0.758105
0.376244 0.376244 0.846688
0.646359 0.646359 0.405513
0.243882 0.243882 0.938639
0.707107 0.707107 0
0.561822 0.561822 0.607216
0.528464 0.528464 0.664419
0.686631 0.686631 0.238904
0.270874 0.270874 0.923718
0.39863 0.39863 0.825947
0.337463 0.337463 0.87877
0.63396 0.63396 0.442933
0.0422215 0.0422215 0.998216
0.173356 0.173356 0.969482
0.215216 0.215216 0.952557
0.698472 0.698472 0.155799
0.592694 0.592694 0.545369
0.434225 0.434225 0.789238
0.454541 0.454541 0.766019
0.658159 0.658159 0.365587
0.150319 0.150319 0.977143
0.607147 0.607147 0.512587
0.329467 0.329467 0.884818
0.689784 0.689784 0.219989
0.467659 0.467659 0.75006
0.125161 0.125161 0.98421
0.162059 0.162059 0.973382
0.313238 0.313238 0.896529
0.505057 0.505057 0.699882
0.556418 0.556418 0.617087
0.427272 0.427272 0.796792
0.550949 0.550949 0.626826
0.321407 0.321407 0.890727
0.474109 0.474109 0.741917
0.54541 0.54541 0.636441
0.447859 0.447859 0.773851
0.510997 0.510997 0.691204
0.6297 0.6297 0.454925
0.368615 0.368615 0.853373
0.420258 0.420258 0.804218
0.577573 0.577573 0.576905
0.111558 0.111558 0.987476
0.534162 0.534162 0.655241
0.602388 0.602388 0.523696
0.480452 0.480452 0.733711
0.638167 0.638167 0.430682
0.673034 0.673034 0.306676
0.620891 0.620891 0.478529
4.32978e-17 4.32978e-17 1
0.692809 0.692809 0.200079
0.539815 0.539815 0.64591
0.138006 0.138006 0.980769
0.683364 0.683364 0.256957
0.695716 0.695716 0.178772
0.441085 0.441085 0.781594
0.360966 0.360966 0.859888
0.679997 0.679997 0.274241
0.184245 0.184245 0.965457
0.611789 0.611789 0.501427
0.296628 0.296628 0.907757
0.279563 0.279563 0.918526
0.492888 0.492888 0.717023
0.516888 0.516888 0.682388
0.0811809 0.0811809 0.993388
0.572406 0.572406 0.587114
0.567141 0.567141 0.597245
0.253069 0.253069 0.933762
0.665723 0.665723 0.337086
0.676567 0.676567 0.290713
0.0969877 0.0969877 0.990549
0.616383 0.616383 0.490044
0.654292 0.654292 0.379216
0.582687 0.582687 0.566526
0.625343 0.625343 0.46679
0.224996 0.224996 0.948026
0.703392 0.703392 0.102368
0.597576 0.597576 0.534608
0.288153 0.288153 0.913201
0.345405 0.345405 0.872577
0.391237 0.391237 0.832987
0.486721 0.486721 0.7254
0.405938 0.405938 0.818797
0.413151 0.413151 0.811549
0.49899 0.49899 0.708532
0.650337 0.650337 0.392587
