0.550465 0.483826 0.805809
0.282059 0.247912 1.02245
0.529304 0.602208 0.737299
0.762871 0.670517 0.393525
0.563587 0.641213 0.676493
0.731268 0.64274 0.488424
0.680204 0.773892 0.353328
0.540947 0.615454 0.717649
0.535298 0.470495 0.823722
0.616347 0.70124 0.561076
0.714561 0.812981 0.12203
0.685072 0.602136 0.595429
0.660361 0.580417 0.643014
0.708924 0.806567 0.182492
0.454968 0.517633 0.843497
0.114885 0.130709 1.07524
0.519713 0.456796 0.841227
0.626191 0.71244 0.535482
0.517442 0.588712 0.756372
0.606218 0.689716 0.585848
0.470511 0.41355 0.89108
0.607762 0.534186 0.729176
0.784492 0.755645 0
0.303178 0.266475 1.01168
0.634575 0.557753 0.687498
0.12216 0.107371 1.07702
0.59592 0.677999 0.609609
0.697028 0.612646 0.570302
0.708694 0.622899 0.544221
0.806223 0.708621 0.185173
0.436182 0.383377 0.921517
0.213187 0.242551 1.04026
0.324294 0.368961 0.972177
0.307472 0.349821 0.984639
0.742092 0.652254 0.458575
0.253389 0.28829 1.01937
0.755661 0.784477 0
0.671971 0.764526 0.387791
0.702532 0.799295 0.232385
0.0540115 0.0614508 1.08616
0.340586 0.387497 0.959309
0.79874 0.702044 0.235745
0.503709 0.442729 0.858309
0.400867 0.456081 0.90428
0.168144 0.191303 1.05904
0.579796 0.509605 0.768483
0.213881 0.187988 1.05135
0.41849 0.367827 0.935947
5.00899e-17 4.40385e-17 1.08923
0.752635 0.66152 0.427036
0.645234 0.734105 0.480822
0.35633 0.405409 0.946097
0.585377 0.666004 0.632613
0.688076 0.782849 0.316426
0.290114 0.330072 0.996651
0.647593 0.569195 0.665633
0.487251 0.428264 0.874988
0.719088 0.818132 0
0.621309 0.546093 0.70865
0.371594 0.422775 0.932527
0.453513 0.39861 0.906567
0.772526 0.679003 0.358587
0.467879 0.532323 0.827133
0.441868 0.502729 0.859327
0.414928 0.472078 0.889609
0.323677 0.284493 1.00036
0.663329 0.754693 0.420548
0.381943 0.335705 0.963249
0.635827 0.723403 0.508763
0.260235 0.22873 1.03266
0.746405 0.746183 0.269292
0.139675 0.158913 1.06849
0.233779 0.265979 1.03006
0.188973 0.166096 1.05978
0.57456 0.653698 0.654971
0.237541 0.208784 1.04231
0.565303 0.496867 0.78739
0.343595 0.301999 0.988517
0.818132 0.719088 6.06943e-18
0.71511 0.715223 0.404353
0.552362 0.628442 0.697412
0.191429 0.217795 1.04993
0.386448 0.439676 0.91857
0.363008 0.319062 0.976141
0.493096 0.561012 0.792811
0.480579 0.546772 0.810254
0.812832 0.71443 0.123782
0.672888 0.591427 0.619567
0.654439 0.744578 0.451376
0.695541 0.791342 0.276454
0.781787 0.687143 0.321048
0.400421 0.351946 0.949855
0.0811961 0.0923797 1.08227
0.50537 0.574978 0.774873
0.272102 0.30958 1.00824
0.162554 0.142875 1.06752
0.428607 0.487641 0.874603
0.720101 0.632925 0.516999
0.790531 0.694828 0.280538
0.593935 0.522032 0.7491
