0.726073 2.88831
0.735572 2.81961
0.765337 2.62118
0.647815 3.46668
0.00841854 3.99091
0.644609 3.48843
0.162132 3.67588
0.65733 3.40044
0.150498 3.70075
0.25113 3.5732
0.208672 3.5988
0.738768 2.79697
0.0502104 3.92691
0.768844 2.6
0.106728 3.80313
0.660474 3.37805
0.0959491 3.82864
0.676149 3.2635
0.834225 2.33158
0.755118 2.68581
0.174277 3.65189
0.776015 2.55847
0.772395 2.57913
0.79122 2.47907
0.0162664 3.98125
0.0905 3.84133
0.722928 2.91145
0.0622867 3.90321
0.193897 3.61856
0.669893 3.30974
0.128307 3.75168
0.156254 3.68824
0.634911 3.55229
0.751786 2.70775
0.719797 2.93465
0.822757 2.35857
0.812789 2.38961
0.704209 3.05179
0.748492 2.72982
0.0236672 3.9711
0.0374604 3.94959
0.11748 3.77744
0.710433 3.00476
0.0563308 3.91515
0.682401 3.21678
0.654168 3.42271
0.799408 2.4417
0.216894 3.59006
0.663614 3.35548
0.043927 3.9384
0.716669 2.95795
0.685518 3.19332
0.180553 3.64044
0.697986 3.09896
0.201039 3.60838
0.641395 3.50993
0.729228 2.86529
0.691757 3.14618
0.808164 2.4063
0.101346 3.81591
0.803696 2.42376
0.187092 3.62927
0.139279 3.72606
0.70732 3.02826
0.713549 2.98133
0.650988 3.44486
0.112106 3.79029
0.13374 3.73891
0.694873 3.12257
0.16813 3.66376
0.0307076 3.96053
0.679276 3.24019
0.828244 2.34446
0.859344 2.307
0 4
0.0738062 3.8789
0.758471 2.66414
0.848684 2.3115
0.779699 2.53811
0.795259 2.46014
0.840849 2.32041
0.7011 3.07535
0.761877 2.64259
0.68864 3.16976
0.817618 2.37372
0.666751 3.33272
0.732393 2.84239
0.225982 3.58244
0.78727 2.49849
0.23666 3.57633
0.0681058 3.89112
0.144845 3.71336
0.0794525 3.86646
0.673017 3.28672
0.741983 2.77446
0.783441 2.51815
0.745223 2.75207
0.0850023 3.85395
0.638165 3.53121
0.122871 3.76458
