0.802028 0 0.597286
0.351199 0.726616 0.590499
0.487582 0.873077 0
0.595148 0.748519 0.292435
0.430375 0.90265 0
0.926103 0.377271 0
0.686675 0.361523 0.630697
0.504531 0 0.863394
0.950221 5.73365e-302 0.311575
0.491137 0.678509 0.546269
0.974889 0 0.222693
0.888101 0.34569 0.302943
0.721742 0.692162 0
0.304073 0 0.952649
0.362646 0.931927 0
0.759852 0.650096 0
0.547564 0.579568 0.603552
0.555711 0 0.831376
0.922146 0 0.386842
0.437575 0.756762 0.485632
0.292514 0.870727 0.395309
0.286011 0.958226 0
5.18968e-17 0.84754 0.530732
3.39489e-17 0.554427 0.832232
0.895205 0 0.445654
4.72891e-17 0.772289 0.635271
0.640681 0.678131 0.360093
5.37385e-17 0.877616 0.479364
0.540494 0.841348 0
0.20337 0 0.979102
0.641011 0.513259 0.570676
0.833467 0.552569 0
0.310315 0.309708 0.898769
0.19126 0.981539 0
0.427067 0.643422 0.635312
6.12323e-17 0 1
1.91658e-17 0.313001 0.949753
0.309361 0.9091 0.278987
0.595688 0.6286 0.500017
0.483962 0.301159 0.821635
5.54489e-17 0.905549 0.424243
0.677848 0.575826 0.457108
0.719872 0.445821 0.532003
1 0 0
0.603604 0 0.797284
0.509248 0.476106 0.716931
0.49874 0.794218 0.347099
0.247755 0.249711 0.936088
0.449436 0 0.893312
0.306982 0.476629 0.823764
0.546999 0.716769 0.432476
0.754554 0.307369 0.579804
3.96675e-17 0.64782 0.761794
0.808269 0.51717 0.281488
4.49125e-17 0.733477 0.679714
0.767032 0 0.641609
2.38608e-17 0.389677 0.920952
0.70826 0.635327 0.307778
3.68182e-17 0.601286 0.799034
0.898481 0.439013 0
0.586019 0.810297 0
0.385492 0 0.922711
4.96721e-17 0.811206 0.58476
0.800534 0.343582 0.491016
3.08881e-17 0.504441 0.863446
0.424342 0.852127 0.306291
6.12323e-17 1 0
0.635236 0.772318 0
0.866148 0 0.499787
0.835029 0 0.550206
4.23674e-17 0.691911 0.721982
0.856707 0.295393 0.422843
0.355638 0.821344 0.445998
0.932255 0.252969 0.258666
0.648182 0 0.761485
0.442297 0.427047 0.788673
5.84297e-17 0.95423 0.299074
0.766955 0.472333 0.434374
0.556972 0.342467 0.756636
5.70314e-17 0.931393 0.364016
0.954494 0.29823 0
0.681313 0.731992 0
0.690225 0 0.723594
0.370399 0.360937 0.855879
0.636543 0.309599 0.706372
0.464235 0.561205 0.685227
0.36055 0.535283 0.763856
1.35979e-17 0.222071 0.975031
0.313487 0.614731 0.723762
0.599403 0.448924 0.662709
0.288064 0.787913 0.544255
0.835526 0.425033 0.348201
0.795794 0.605567 0
0.729949 0 0.683502
2.76146e-17 0.45098 0.892534
0.29616 0.684661 0.665979
0.747915 0.559809 0.356705
5.97541e-17 0.975859 0.218403
0.979899 0.199493 0
0.868545 0.49561 0
