0.131597 0.2361 5.3205
0.135323 0.802173 4.16521
0.248381 0.248371 5.14666
0.835462 0.851195 2.63889
0.751235 0.213137 4.30526
0.855823 0.716803 3.26446
0.857227 0.806683 2.71914
0.794895 0.848984 2.77306
0.812934 0.858423 2.69615
0.859079 0.249225 3.88027
0.243157 0.817471 3.94836
0 0.165495 5.66902
0 0.684717 5.19936
0.0690999 0.852546 4.19786
0.69094 0.853989 3.46053
0.24135 0.690943 4.72701
0.236963 2.4793e-17 5.57621
0.686025 2.4793e-17 5.1895
0.777878 0.858209 2.85515
0.845935 0.774649 2.88029
0.707091 0.71232 4.02054
0.770074 0.240943 4.16749
0.853679 0.661569 3.67849
0.244506 0.170498 5.233
0.852961 0.745013 3.06215
0.178546 0.858673 3.95105
0.737719 0.761296 3.4506
0 0.755556 4.68296
0.730548 0.240615 4.43059
0.662238 0.853103 3.67395
0.817551 0.243303 3.94807
0.236034 0.131493 5.32078
0.712751 0.21334 4.58095
0.798169 0.115288 4.22978
0 0.856306 4.30738
0.217495 0.09754 5.41439
0.858021 0.0686289 4.19709
0.126326 0.127002 5.51113
0.0964226 0.858023 4.1346
0.737271 5.54603e-17 4.80754
0.857808 0.646894 3.78007
0.226384 0.79248 4.05521
0 0.719828 4.93442
4.33507e-17 0.799245 4.44241
0.852813 0.124029 4.07053
0.691416 0.779426 3.68836
0.732394 0.858066 3.14945
0.858074 0.675629 3.57444
0.749265 0.101528 4.54009
0.159384 2.4793e-17 5.68161
0.858165 0.759417 2.96518
0.23574 0.710699 4.57949
0.858089 0.730758 3.16126
0.215719 0.215863 5.18227
0.647253 0.857771 3.77763
0.128384 0.706008 4.78967
0.762074 0.85682 2.94862
0.0975589 0.218183 5.4137
0.693099 0.23983 4.71115
0.240995 0.768985 4.17393
0 0.238541 5.57559
0.719159 0.845039 3.25445
0.704977 0.858035 3.35306
0.857712 0.15048 4.0079
0.775653 0.789948 3.04574
0.859085 0.859085 2.61402
0.205669 0.730486 4.45856
0.852128 0.0386494 4.25666
0 0.105159 5.80686
0.764514 0.6979 3.72583
0.85567 0.789475 2.79509
0.205214 0.6743 4.88019
0.244883 0.0544646 5.4926
0.676618 0.858042 3.56709
0.249204 0.859076 3.88027
0.0545899 0.244883 5.49236
0.654586 0.236617 4.99614
0.15048 0.855141 4.0085
0.701178 0.0907636 4.91548
0.857158 2.4793e-17 4.3072
0.858035 0.70291 3.3687
0.85867 0.178947 3.95033
0.113063 0.769506 4.38407
0.747044 0.854416 3.04762
0.67549 0.208974 4.86685
0.858593 0.096843 4.13357
0.0906884 2.36775e-17 5.8409
0.210762 0.851572 3.90582
0.858601 0.826202 2.65649
0.790327 2.4793e-17 4.48338
0.236697 0.653713 5.00221
0.123403 0.858581 4.07034
0.0382658 0.858738 4.25525
4.79141e-17 2.36775e-17 6
0.170469 0.244515 5.23306
0.851584 0.211 3.90555
0.84749 0.689647 3.4747
0.234676 0.747875 4.31122
0.79363 0.220554 4.05439
0.792777 0.732976 3.30985
