0.627762 0.627762 0.46025
0.497739 0.497739 0.71029
0.531396 0.531396 0.659724
0.681935 0.681935 0.264442
0.428731 0.428731 0.795222
0.5528 0.5528 0.623557
0.670802 0.670802 0.316306
0.479931 0.479931 0.734393
0.421918 0.421918 0.802478
0.198667 0.198667 0.95972
0.0607891 0.0607891 0.996298
0.386435 0.386435 0.837458
0.0777976 0.0777976 0.993929
0.340473 0.340473 0.876445
0.455088 0.455088 0.765369
0.393765 0.393765 0.830601
0.536815 0.536815 0.650891
0.623075 0.623075 0.472816
0.588865 0.588865 0.553602
0.678331 0.678331 0.282373
0.461425 0.461425 0.757743
0.291039 0.291039 0.911368
0.282452 0.282452 0.916756
0.70537 0.70537 0.0700549
0.636961 0.636961 0.434237
0.666886 0.666886 0.332453
0.246836 0.246836 0.937093
0.618342 0.618342 0.485085
0.442092 0.442092 0.780455
0.22814 0.22814 0.946522
0.120196 0.120196 0.985447
0.177965 0.177965 0.96781
0.598853 0.598853 0.531742
0.503508 0.503508 0.70211
0.107024 0.107024 0.98848
0.356193 0.356193 0.863859
0.273746 0.273746 0.922023
0.167202 0.167202 0.971641
0.188437 0.188437 0.963838
0.371535 0.371535 0.850837
0.692032 0.692032 0.205386
0.650292 0.650292 0.392734
0.299536 0.299536 0.905845
0.332463 0.332463 0.882574
0.379038 0.379038 0.844192
0.568456 0.568456 0.59474
0.707107 0.707107 0
0.658769 0.658769 0.363384
0.307924 0.307924 0.900203
0.573625 0.573625 0.58473
0.514853 0.514853 0.685458
0.520434 0.520434 0.676976
0.695103 0.695103 0.183479
0.645925 0.645925 0.406894
0.208705 0.208705 0.95545
0.0930066 0.0930066 0.991312
0.316203 0.316203 0.894445
0.509216 0.509216 0.693829
0.485949 0.485949 0.726435
0.414981 0.414981 0.80968
0.473835 0.473835 0.742267
0.407972 0.407972 0.816773
0.608684 0.608684 0.508927
0.448634 0.448634 0.772952
0.641482 0.641482 0.420715
0.525936 0.525936 0.668418
0.435481 0.435481 0.787853
0.700729 0.700729 0.134006
0.7032 0.7032 0.104976
0.491875 0.491875 0.718414
0.156092 0.156092 0.975331
0.14461 0.14461 0.978865
0.542198 0.542198 0.641905
0.237558 0.237558 0.941877
0.632383 0.632383 0.447419
0.40094 0.40094 0.823708
0.603792 0.603792 0.520452
0.348379 0.348379 0.870209
0.654575 0.654575 0.378236
0.547526 0.547526 0.632796
4.32978e-17 4.32978e-17 1
0.255926 0.255926 0.932204
0.46771 0.46771 0.749997
0.324402 0.324402 0.888553
0.674618 0.674618 0.299636
0.662874 0.662874 0.348132
0.578734 0.578734 0.574573
0.558049 0.558049 0.614136
0.563242 0.563242 0.604581
0.593875 0.593875 0.542794
0.685431 0.685431 0.245702
0.688797 0.688797 0.226089
0.264907 0.264907 0.927172
0.0404466 0.0404466 0.998363
0.5838 0.5838 0.564229
0.613545 0.613545 0.497118
0.132661 0.132661 0.982243
0.363905 0.363905 0.857407
0.698017 0.698017 0.159826
0.218539 0.218539 0.951042
