0.911893 0.410428
0.984031 0.177996
0.0958975 0.995391
0.851758 0.523935
0.864685 0.502314
0.739815 0.67281
0.277878 0.960616
0.932831 0.360315
0.714051 0.700094
0.969147 0.246483
0.998176 0.0603737
0.942613 0.333889
0.339942 0.940446
0.435529 0.900174
0.7564 0.65411
0.611889 0.790944
0.602062 0.79845
0.226467 0.974019
0.472378 0.881396
0.244268 0.969708
0.810291 0.586027
0.731351 0.682001
6.12323e-17 1
0.188619 0.98205
0.422721 0.90626
0.956441 0.291927
0.448057 0.894005
0.764523 0.644597
0.640825 0.767687
0.518451 0.855107
0.965042 0.262096
0.368746 0.92953
0.917304 0.398188
0.659698 0.75153
0.696305 0.717746
0.650339 0.759644
0.722761 0.691098
0.678201 0.734877
0.168179 0.985756
0.877152 0.480213
0.12258 0.992459
0.993291 0.115637
0.858269 0.5132
0.90636 0.422505
0.947337 0.320238
0.87098 0.491318
0.817515 0.575907
0.409637 0.912249
0.582054 0.81315
0.621654 0.783292
0.293953 0.95582
0.922592 0.385776
0.460323 0.887751
0.063951 0.997953
0.937779 0.347234
0.396316 0.918114
0.787977 0.615705
0.838392 0.545067
0.146338 0.989235
0.987325 0.15871
1 0
0.995894 0.0905261
0.631297 0.775541
0.973104 0.230365
0.49582 0.868425
0.687298 0.726376
0.550943 0.834543
0.976911 0.213648
0.895024 0.446019
0.824596 0.565721
0.980552 0.196258
0.990423 0.138065
0.748167 0.663511
0.571835 0.820369
0.845152 0.534527
0.883236 0.468929
0.354468 0.935068
0.772438 0.63509
0.507269 0.861788
0.780264 0.625451
0.207988 0.978131
0.325019 0.945707
0.795538 0.605904
0.831552 0.555448
0.900753 0.434332
0.66898 0.74328
0.705228 0.70898
0.529455 0.848338
0.484225 0.874944
0.889155 0.457607
0.382671 0.923885
0.960798 0.277251
0.261332 0.965249
0.92777 0.373152
0.95195 0.306255
0.30969 0.950838
0.540297 0.841475
0.802954 0.596041
0.561491 0.827483
0.59212 0.80585
