0.397574 0.102426
0.0969736 0.403026
0.30716 0.19284
0.327678 0.172322
0.0770634 0.422937
0.153987 0.346013
0.426927 0.0730734
0.412251 0.0877487
0.446548 0.0534521
0.332765 0.167235
0.322557 0.177443
0.377886 0.122114
0.362982 0.137018
0.0575346 0.442465
0.0287718 0.471228
0.387743 0.112257
0.148695 0.351305
0.436734 0.0632657
0.490365 0.00963492
0.286586 0.213414
0.392669 0.107331
0 0.5
0.180838 0.319162
0.382833 0.117167
0.245052 0.254948
0.0430994 0.456901
0.49518 0.00482042
0.271125 0.228875
0.250302 0.249698
0.127675 0.372325
0.422032 0.0779677
0.0478849 0.452115
0.132867 0.367133
0.5 0
0.0335484 0.466452
0.470977 0.0290235
0.342914 0.157086
0.0048041 0.495196
0.37293 0.12707
0.456341 0.0436589
0.26077 0.23923
0.35797 0.14203
0.213196 0.286804
0.112217 0.387783
0.191667 0.308333
0.302015 0.197985
0.0919103 0.40809
0.407364 0.0926357
0.0383262 0.461674
0.475845 0.0241552
0.138131 0.361869
0.102013 0.397987
0.1434 0.3566
0.23451 0.26549
0.451447 0.0485527
0.367972 0.132028
0.337843 0.162157
0.291729 0.208271
0.281442 0.218558
0.0819769 0.418023
0.207827 0.292173
0.175449 0.324551
0.276278 0.223722
0.12248 0.37752
0.170075 0.329925
0.0672469 0.432753
0.255542 0.244458
0.347957 0.152043
0.461231 0.0387686
0.223899 0.276101
0.317428 0.182572
0.229198 0.270802
0.485532 0.0144684
0.3123 0.1877
0.466104 0.0338957
0.164714 0.335286
0.352954 0.147046
0.15933 0.34067
0.402477 0.0975233
0.117342 0.382658
0.0721432 0.427857
0.0623701 0.43763
0.0143996 0.4856
0.41714 0.0828599
0.107094 0.392906
0.239774 0.260226
0.480699 0.0193014
0.00960211 0.490398
0.186255 0.313745
0.218544 0.281456
0.202459 0.297541
0.02399 0.47601
0.441644 0.0583558
0.197082 0.302918
0.0527003 0.4473
0.0869364 0.413064
0.431827 0.0681726
0.265949 0.234051
0.0191945 0.480805
0.29687 0.20313
