0.982922 0.184021
0.986454 0.164039
0.962501 0.271279
0.761823 0.647786
0.910539 0.413422
0.904683 0.426086
0.537372 0.843345
0.145643 0.989337
0.258236 0.966082
0.668135 0.74404
0.737703 0.675126
0.360298 0.932837
0.493513 0.869738
0.867722 0.49705
0.753918 0.656969
0.411262 0.911517
0.957932 0.286996
0.639693 0.76863
0.784831 0.619709
0.861299 0.508099
0.346902 0.937901
0.289637 0.957137
0.799584 0.600554
0.18738 0.982288
0.712637 0.701533
0.423497 0.905897
0.620089 0.784531
0.579564 0.814927
0.600044 0.799967
0.834687 0.550725
0.686383 0.72724
0.721142 0.692788
1 0
0.745887 0.666072
0.241708 0.970349
6.12323e-17 1
0.435529 0.900175
0.447465 0.894301
0.93288 0.360186
0.526596 0.850116
0.7696 0.638526
0.892695 0.450662
0.94332 0.331883
0.629955 0.776632
0.206387 0.978471
0.953204 0.302328
0.274168 0.961682
0.841426 0.540372
0.16727 0.985911
0.989758 0.142756
0.482143 0.876092
0.854739 0.519057
0.848137 0.529777
0.677325 0.735684
0.558707 0.829365
0.0637855 0.997964
0.386242 0.922398
0.459183 0.888341
0.97526 0.22106
0.470767 0.882257
0.0956319 0.995417
0.995617 0.0935194
0.373398 0.927671
0.948329 0.317289
0.77726 0.629179
0.998053 0.0623682
0.971202 0.238257
0.966937 0.255015
0.695309 0.71871
0.504655 0.863321
0.649311 0.760523
0.56916 0.822227
0.813943 0.580945
0.806836 0.590776
0.548064 0.836437
0.304561 0.952493
0.979202 0.202885
0.589887 0.807486
0.224467 0.974482
0.704029 0.710172
0.122107 0.992517
0.916284 0.400528
0.886577 0.462582
0.792275 0.610164
0.927482 0.373868
0.333143 0.942876
0.820946 0.571006
0.398875 0.917005
0.938179 0.346151
0.729475 0.684008
0.319057 0.947736
0.658797 0.752321
0.921954 0.387299
0.87408 0.485782
0.827858 0.560938
0.880355 0.474316
0.610129 0.792302
0.992826 0.119571
0.898728 0.438508
0.515691 0.856774
