0.354219 0.959868
0.95924 0.355916
0.973699 0.31421
6.26493e-17 1.02314
0.810612 0.62428
0.794462 0.644708
0.743083 0.70331
1.01611 0.119706
0.926921 0.43317
0.339725 0.965094
0.59643 0.831318
0.460251 0.913776
0.564224 0.853504
0.687299 0.757917
0.208291 1.00172
0.447854 0.919916
0.472474 0.907517
0.496317 0.8947
0.542131 0.867705
0.188917 1.00555
0.948932 0.382551
0.696877 0.74912
0.530906 0.874618
1.00293 0.202359
0.422399 0.931878
0.99124 0.253498
0.409304 0.937704
0.368403 0.954514
0.382319 0.949026
0.954136 0.369383
0.760726 0.684188
0.841318 0.58224
0.777811 0.664702
0.667829 0.775127
0.855885 0.560606
0.987057 0.269327
0.244534 0.99349
0.72496 0.721978
1.01312 0.14282
1.02314 8.92146e-17
0.309697 0.975144
0.769334 0.674495
0.324934 0.970173
1.02123 0.0625095
0.168404 1.00919
0.637862 0.799969
0.751962 0.69381
0.0960236 1.01863
1.00991 0.163987
0.606971 0.823653
0.294115 0.979957
0.932582 0.420843
0.964183 0.342301
1.00651 0.183733
0.818489 0.613917
0.43524 0.925951
0.261652 0.989119
0.395945 0.943423
0.575102 0.846213
0.786198 0.654761
0.802594 0.634556
0.51954 0.881417
0.915152 0.45751
0.627652 0.808004
0.938138 0.408309
0.278153 0.984606
0.896595 0.492885
0.55324 0.860665
0.883544 0.515915
0.995279 0.237148
0.657989 0.783498
0.146573 1.01259
0.0640401 1.02114
0.876795 0.527303
0.921103 0.445408
0.617383 0.815878
0.715712 0.731146
0.999181 0.220125
0.585798 0.838844
0.122698 1.01576
0.226774 0.997693
0.826242 0.603442
0.734083 0.7127
0.507979 0.888131
0.943584 0.39556
0.833888 0.592831
0.869937 0.538543
0.706356 0.740189
0.848671 0.571468
0.677602 0.766599
0.484478 0.901166
0.909076 0.469468
0.969001 0.328415
0.902919 0.481203
0.890087 0.504543
0.647974 0.7918
1.01884 0.0937434
0.978287 0.299621
0.98275 0.284641
0.862968 0.54964
