3.60754e-17 0.589156 0.808019
0.275377 0 0.961336
0.311881 0.288132 0.905378
0.516519 0 0.856276
0.578156 0.289525 0.762831
1.85925e-17 0.303638 0.952787
4.44347e-17 0.725674 0.688039
0.875617 0.37706 0.30186
0.375446 0.637666 0.672624
6.01368e-17 0.982108 0.188316
0.281578 0.914778 0.289645
0.523238 0.432953 0.734012
0.407663 0 0.913132
0.821701 0.465962 0.328157
0.564646 2.44831e-17 0.825333
5.87525e-17 0.959502 0.281703
1.34724e-17 0.220021 0.975495
1 5.62404e-17 1.22091e-17
0.711009 0.472826 0.520482
0.423881 0.735852 0.528059
0.363827 0.803491 0.471202
0.38592 0.507919 0.77012
0.320713 0.706289 0.631109
0.706917 0.621792 0.337109
0.554383 0.781876 0.285183
0.491191 0.76577 0.415124
0.6711 0.417566 0.612587
4.91567e-17 0.80279 0.596262
0.600962 0.718702 0.349733
0.469504 0.665899 0.579779
0.855428 0.315138 0.411012
0.837344 0 0.546676
2.9899e-17 0.488288 0.872683
0.46483 0 0.8854
0.300583 0.599725 0.741606
0.795584 0 0.605844
0.459058 0.545904 0.700895
0.306964 0.951721 3.46699e-17
0.496587 0.867987 0
0.625476 0.53315 0.569676
0.377164 0.926146 3.46699e-17
0.184044 7.98015e-18 0.982918
0.773344 0.56172 0.293956
5.54378e-17 0.905368 0.424628
0.633544 0.337702 0.696118
0.815566 0.578664 3.46699e-17
3.91072e-17 0.638669 0.769481
0.650266 0.759707 3.46699e-17
0.358812 0.871568 0.334101
0.920282 0.265772 0.287134
0.958702 0.284412 1.22091e-17
4.19497e-17 0.68509 0.728458
0.788467 0.4102 0.458318
0.664994 0.587563 0.461035
0.697441 0.716642 3.46699e-17
4.13145e-18 6.10928e-17 1
0.75273 0 0.658329
0.345382 0 0.938462
0.545329 0.695393 0.468023
0.668094 0.68572 0.288857
0.548941 0.835861 3.46699e-17
0.816503 0.269709 0.510471
0.287607 0.77295 0.565536
5.71819e-17 0.933852 0.35766
0.745377 0.521572 0.415182
0.478292 0.364876 0.798813
0.876016 0 0.482282
0.439871 0.898061 1.22091e-17
0.665083 2.88381e-17 0.746769
0.941809 0 0.336148
3.3108e-17 0.540695 0.841219
0.601298 0.799025 3.46699e-17
0.586135 0.627947 0.511985
2.64354e-17 0.431723 0.902006
0.741492 0.670962 3.46699e-17
0.779662 0.626201 0
0.286858 0.852014 0.437933
0.322527 0.470296 0.821461
0.460633 0.831629 0.310178
6.12323e-17 1 8.54694e-17
0.981751 0.190172 0
0.879346 0.476183 0
0.970884 0 0.239551
0.908607 0 0.417652
5.13902e-17 0.839266 0.543721
5.34934e-17 0.873613 0.486621
0.522643 0.585325 0.61987
4.67687e-17 0.76379 0.645464
0.423578 0.317681 0.848328
0.907824 0.419352 3.46699e-17
0.706868 3.06499e-17 0.707345
0.716223 0.280372 0.639074
0.754908 0.335992 0.563226
0.848972 0.528438 0
0.934604 0.35569 3.46699e-17
0.222906 0.97484 0
0.616472 2.67303e-17 0.787377
0.578328 0.479235 0.660205
2.2651e-17 0.369918 0.929064
0.289271 0.400732 0.869331
