1.03253 0.353253
0.644008 0.880999
1.00555 0.423999
0.665009 0.865256
0.891074 0.629994
0.576897 0.926334
0.993911 0.450607
0.999809 0.437363
0.318522 1.04377
0.402008 1.01454
0.762419 0.780783
1.04732 0.30665
0.705278 0.832759
0.142279 1.08197
1.052 0.290182
1.07693 0.176423
0.564972 0.933655
0.816432 0.724116
0.949333 0.538211
1.03758 0.338131
0.515226 0.962002
0.675308 0.857242
0.921221 0.585027
0.962687 0.513945
0.842235 0.693934
0.734261 0.807321
0.695417 0.841011
0.588601 0.918942
1.08042 0.153583
1.08663 0.100727
0.622451 0.896359
0.61137 0.903953
0.475073 0.982451
1.08922 0.0671478
0.540602 0.947974
0.60005 0.911507
0.987912 0.46361
0.488769 0.97571
0.633334 0.888703
0.194798 1.07376
0.833727 0.704134
0.942516 0.550062
0.654594 0.873162
0.753099 0.789776
1.0693 0.217934
1.06521 0.237135
0.300093 1.04921
0.353462 1.03246
0.789831 0.753041
0.432288 1.00201
0.240119 1.06454
1.09129 0
0.370142 1.0266
0.883212 0.640969
0.528019 0.95504
0.218173 1.06925
0.715032 0.8244
0.875266 0.651778
1.02208 0.382428
0.461218 0.989031
1.07321 0.197779
0.26106 1.0596
0.33634 1.03816
0.281034 1.05448
0.969196 0.501562
0.724721 0.815895
0.981795 0.476427
0.552909 0.940849
0.446972 0.995551
0.97557 0.489049
0.111427 1.08558
1.08367 0.128696
0.913912 0.596381
0.502083 0.968926
0.867166 0.662516
0.825107 0.714216
1.02736 0.368005
0.956069 0.526152
1.05654 0.273169
0.935574 0.561788
6.6822e-17 1.09129
0.16965 1.07802
0.850655 0.683586
1.06095 0.2555
0.898825 0.618885
0.685431 0.84917
1.01669 0.396551
0.0743369 1.08875
0.90643 0.607692
1.01118 0.410398
0.743729 0.798606
0.780782 0.76242
0.807649 0.733899
0.386284 1.02063
0.771639 0.771672
1.04251 0.322603
0.928482 0.573434
0.858967 0.673113
0.417307 1.00835
0.798795 0.743526
