0.182733 3.63662
0.785858 2.50565
0.824457 2.35397
0 4
0.102611 3.81292
0.113754 3.78635
0.164468 3.6711
0.0799543 3.86534
0.0160997 3.98147
0.147196 3.70808
0.682549 3.21566
0.704781 3.04746
0.119301 3.77309
0.757196 2.67233
0.685696 3.19198
0.226938 3.58176
0.0623308 3.90312
0.774721 2.56579
0.814803 2.38279
0.654175 3.42267
0.733897 2.83158
0.097013 3.82614
0.688861 3.16809
0.695211 3.12001
0.237233 3.57609
0.78208 2.52532
0.141569 3.7208
0.849233 2.31105
0.679389 3.23935
0.210159 3.59709
0.0562704 3.91527
0.829733 2.34101
0.810287 2.39846
0.218106 3.58892
0.124844 3.75989
0.767574 2.60761
0.72738 2.87875
0.73063 2.85512
0.176492 3.64777
0.673077 3.28628
0.189134 3.62596
0.666826 3.33217
0.663664 3.35512
0.0856824 3.8524
0.63816 3.53124
0.859349 2.307
0.819513 2.36792
0.644604 3.48847
0.0304635 3.96091
0.743779 2.76201
0.0913692 3.83932
0.0741649 3.87811
0.714431 2.97471
0.15863 3.68319
0.717661 2.95055
0.797613 2.44955
0.202765 3.60609
0.0437191 3.93877
0.771121 2.58655
0.647794 3.46682
0.760617 2.65051
0.692035 3.14408
0.698397 3.09585
0.130404 3.74673
0.747106 2.73921
0.841797 2.31908
0.789698 2.48645
0.0500601 3.92719
0.195788 3.61575
0.720898 2.92647
0.778375 2.54535
0.669967 3.3092
0.251152 3.5732
0.805932 2.41486
0.73718 2.80819
0.0371987 3.95003
0.0234477 3.97141
0.634911 3.55229
0.740464 2.78506
0.0682984 3.89071
0.00833233 3.99101
0.707987 3.02321
0.676229 3.26291
0.152883 3.69552
0.764076 2.62893
0.750446 2.71668
0.657342 3.40035
0.835453 2.32926
0.75381 2.69437
0.660499 3.37787
0.135972 3.73371
0.724135 2.90255
0.801712 2.43192
0.650997 3.44479
0.641383 3.51001
0.711205 2.99895
0.701591 3.07162
0.793607 2.46776
0.170421 3.65927
0.108187 3.79965
