0.847603 0.530632
0.769732 0.638368
0.973113 0.230329
0.754501 0.656298
0.542243 0.840222
0.791887 0.610668
0.122414 0.992479
0.954346 0.298705
0.308327 0.951281
0.477677 0.878535
0.638069 0.769979
0.243618 0.969871
0.746758 0.665096
0.730995 0.682382
0.977359 0.211589
0.722966 0.690883
0.777206 0.629246
0.454627 0.890682
0.62908 0.77734
0.562527 0.826779
1 0
0.992178 0.12483
0.188222 0.982127
0.664429 0.747352
0.488886 0.872348
0.655733 0.754993
0.92778 0.373128
0.922138 0.386861
0.886292 0.463127
0.582203 0.813043
0.910571 0.413352
0.988836 0.149007
0.225991 0.974129
0.418274 0.908321
0.610722 0.791845
0.867278 0.497825
0.510732 0.85974
0.997874 0.0651676
0.799115 0.601179
0.167864 0.98581
0.968682 0.248304
0.880001 0.474972
0.95929 0.282423
0.466276 0.884639
0.981397 0.191987
0.69003 0.72378
0.146102 0.989269
0.499876 0.866097
0.813332 0.5818
0.854251 0.51986
0.337943 0.941167
0.827264 0.561814
0.276996 0.960871
0.0957376 0.995407
0.904646 0.426164
0.442752 0.896644
0.898607 0.438754
0.552464 0.833536
0.260592 0.965449
0.673026 0.739619
0.601337 0.798996
0.933319 0.359047
0.43065 0.902519
0.784587 0.620019
0.860789 0.508962
0.892492 0.451062
0.995213 0.0977283
0.207522 0.97823
0.706666 0.707547
0.938754 0.344588
0.698382 0.715726
0.834122 0.55158
0.366019 0.930607
0.714844 0.699284
0.84089 0.541206
0.405715 0.914
0.646948 0.762534
0.063846 0.99796
0.806266 0.591553
0.619968 0.784627
0.323336 0.946284
0.820316 0.57191
0.591829 0.806064
6.12323e-17 1
0.949274 0.31445
0.379566 0.925165
0.762162 0.647387
0.392789 0.919629
0.87367 0.486519
0.738924 0.673789
0.916402 0.400259
0.944079 0.32972
0.521392 0.853317
0.985236 0.171202
0.964075 0.265631
0.292891 0.956146
0.352121 0.935955
0.572437 0.819948
0.681563 0.73176
0.531894 0.846811
