0.780215 0.304185 0.546567
0.418516 0.687881 0.593012
0.663991 0.306998 0.681812
0.938008 5.60466e-17 0.346614
0.543145 0.752222 0.373036
0.323342 0.87747 0.354253
0.982753 4.31122e-17 0.184922
5.34176e-17 0.872376 0.488836
5.70318e-17 0.931401 0.363996
0.521325 0.503303 0.689135
0.274186 0.440554 0.85483
5.52887e-17 0.902933 0.429782
0.471634 0.731522 0.492379
0.53285 0.84621 8.31207e-17
0.294842 0.720776 0.627335
0.316353 0.521937 0.792151
0.452458 0.276643 0.847792
0.885036 5.28815e-17 0.465522
0.59543 3.55773e-17 0.803407
0.790048 0.498847 0.356336
2.89796e-17 0.473273 0.880916
0.314073 0.650832 0.691213
0.531073 0.644929 0.549572
0.47365 0.880713 0
0.584061 0.680948 0.441795
0.955774 0.294103 0
0.819258 0.355011 0.450315
4.16816e-17 0.680712 0.732551
0.976773 0.214277 0
5.13926e-17 0.839305 0.543661
0.630311 0.776343 0
0.251026 0.267426 0.930306
0.745391 0.59225 0.305994
0.583034 0.812448 0
0.676952 0.646959 0.350971
0.85207 0.523428 0
0.632348 0.596728 0.494016
0.435052 1.90852e-17 0.900405
0.713323 0.546947 0.4382
0.715932 0.69817 0
0.960987 4.21573e-17 0.276594
0.845847 0.431535 0.313562
0.639103 2.80367e-17 0.769121
0.494557 2.16956e-17 0.869145
0.329027 0.94432 0
0.578634 0.552024 0.600376
0.235328 0.971916 8.31207e-17
0.463914 0.457656 0.758508
0.334197 0.771343 0.541611
0.719688 3.15718e-17 0.694298
0.673645 0.489737 0.553498
0.512794 0.799138 0.31372
0.292042 0.833309 0.46937
3.88468e-17 0.634416 0.772991
0.199976 8.77272e-18 0.979801
0.791222 4.7276e-17 0.611529
1.9921e-17 0.325335 0.945599
0.674374 0.73839 0
0.582275 0.362574 0.727665
0.85536 3.75236e-17 0.518034
0.375509 0.570505 0.730423
0.527036 0.317087 0.788472
4.43568e-17 0.724402 0.689378
0.788777 0.614679 0
6.00716e-17 0.981043 0.193788
5.86046e-17 0.957085 0.289807
0.872054 0.293199 0.391863
0.680597 4.06661e-17 0.732658
0.905648 0.424029 0
0.756361 4.51931e-17 0.654155
0.715113 0.351017 0.604484
0.299249 1.31277e-17 0.954175
3.59104e-17 0.586462 0.809977
6.12323e-17 5.78479e-20 1
0.908924 0.307494 0.28161
0.624402 0.719512 0.304014
0.280917 0.922072 0.266212
0.408126 0.912925 0
0.751067 0.438584 0.4935
0.753549 0.657392 0
6.12323e-17 1 0
0.332538 0.322045 0.8864
0.912617 5.45295e-17 0.408815
1 7.5053e-17 8.31207e-17
4.68714e-17 0.765468 0.643474
0.463765 0.603925 0.648225
0.436484 0.854525 0.281545
0.93195 0.362586 0
4.92254e-17 0.803912 0.594748
0.822289 0.56907 0
0.624155 0.440517 0.645271
3.27602e-17 0.535015 0.844843
0.403941 0.403468 0.821003
0.879757 0.475423 0
1.41214e-17 0.23062 0.973044
0.824238 3.61583e-17 0.566244
0.41145 0.808063 0.421596
0.549087 2.40878e-17 0.835765
2.48052e-17 0.4051 0.914273
0.377198 2.83098e-17 0.926133
