0.290269 0.569682 0.768899
0.925715 0.378223 0
0.398096 0.386494 0.831951
0.357993 0.739926 0.569518
0.88394 0 0.467601
0.835813 0.549015 0
0.282659 0.422129 0.861343
0.547485 0.619415 0.562659
0.316064 0.798737 0.51198
0.789626 0 0.613589
1 0 0
0.634903 0.772592 0
4.73916e-17 0.773964 0.63323
0.82281 0 0.568317
2.63697e-17 0.43065 0.902519
0.189697 0.981843 0
0.341161 0.623816 0.70318
0.726808 0.686841 0
4.49084e-17 0.733409 0.679787
1.76533e-17 0.288301 0.95754
0.690224 0.623748 0.366783
0.897521 0.440972 0
0.635424 0.484276 0.601426
0.852876 0 0.522113
0.799708 0.600389 0
0.344318 0.485658 0.803481
5.68344e-17 0.928176 0.372141
0.764361 0.644788 0
0.982713 0 0.185136
0.481925 0.876212 0
0.784314 0.454995 0.4217
0.754392 0 0.656424
0.23172 0 0.972783
3.97621e-17 0.649364 0.760478
3.34652e-17 0.546529 0.83744
0.811403 0.511094 0.283563
6.12323e-17 0 1
0.512583 0.388142 0.765901
0.717117 0 0.696952
0.710758 0.429679 0.556955
0.584112 0 0.811673
0.308577 0.902689 0.299888
0.937999 0 0.346638
0.419648 0.907687 0
3.67335e-17 0.599903 0.800073
5.51919e-17 0.901352 0.433087
5.97086e-17 0.975115 0.221699
0.289952 0.701615 0.650895
0.574706 0.432506 0.694731
0.86954 0.493862 0
0.651512 0.564861 0.506422
0.463701 0 0.885992
0.528283 0 0.849068
4.22601e-17 0.69016 0.723656
1.18053e-17 0.192795 0.981239
0.848875 0.409325 0.334463
0.435166 0.85802 0.272824
6.12323e-17 1 0
0.392272 0 0.919849
0.951329 0.308177 0
0.67869 0 0.734425
0.294146 0.304583 0.905929
0.43286 0.661369 0.612554
0.960871 0 0.276995
0.419612 0.258484 0.870121
0.539128 0.842224 0
0.476162 0.573537 0.666577
0.751673 0.57675 0.319918
5.83131e-17 0.952325 0.305086
5.14804e-17 0.840738 0.541442
0.974806 0.223056 0
0.682303 0.73107 0
0.726415 0.510251 0.460397
0.602793 0.299059 0.739732
0.454441 0.767272 0.452523
0.745201 0.306845 0.592049
0.355723 0.934592 0
0.492263 0.300062 0.817093
0.400257 0.829107 0.390354
0.560218 0.535734 0.631779
5.34084e-17 0.872226 0.489104
0.442073 0.51154 0.736817
0.588527 0.808477 0
0.669468 0.34089 0.660005
0.802562 0.334638 0.493874
0.650549 0.700189 0.294144
0.286712 0.859892 0.422353
0.605036 0.658859 0.447031
0.569671 0.737282 0.363166
2.2287e-17 0.363975 0.931409
4.94974e-17 0.808354 0.588697
0.912695 0 0.408642
0.864198 0.287532 0.412901
0.907564 0.30018 0.29363
0.283668 0.958923 0
3.00589e-17 0.490899 0.871217
0.500604 0.701344 0.507457
0.632887 0 0.774244
0.319847 0 0.947469
0.518169 0.796203 0.312349
