0.0236612 0.476339
0.0428097 0.45719
0.269373 0.230627
0.166755 0.333245
0.48483 0.01517
0.331803 0.168197
0.161658 0.338342
0.243623 0.256377
0.12623 0.37377
0.479751 0.0202487
0.264213 0.235787
0.316267 0.183733
0.403063 0.0969374
0.0284438 0.471556
0.347231 0.152769
0.259053 0.240947
0.372685 0.127315
0.253912 0.246088
0.362543 0.137457
0.352357 0.147643
0.0669665 0.433034
0.233373 0.266627
0.22825 0.27175
0.0380168 0.461983
0.141306 0.358694
0.131251 0.368749
0.290144 0.209856
0.106252 0.393748
0.0963509 0.403649
0.336955 0.163045
0.22313 0.27687
0.00470843 0.495292
0.438839 0.0611611
0.151454 0.348546
0.0524353 0.447565
0.116233 0.383767
0.0718485 0.428152
0.2385 0.2615
0.248762 0.251238
0.146363 0.353637
0.433711 0.0662887
0.367614 0.132386
0.37775 0.12225
0.326662 0.173338
0.413247 0.086753
0.357456 0.142544
0.207771 0.292229
0.18212 0.31788
0.454247 0.0457525
0.12123 0.37877
0.443978 0.0560218
0.423459 0.076541
0.212893 0.287107
0.0815948 0.418405
0.342093 0.157907
0.274557 0.225443
0.218011 0.281989
0.0141716 0.485828
0 0.5
0.464481 0.0355187
0.0864995 0.413501
0.469588 0.030412
0.449115 0.0508849
0.392936 0.107064
0.136272 0.363728
0.284942 0.215058
0.321475 0.178525
0.0914263 0.408574
0.5 0
0.387875 0.112125
0.176989 0.323011
0.418352 0.0816478
0.202647 0.297353
0.156543 0.343457
0.197519 0.302481
0.0189112 0.481089
0.305831 0.194169
0.0621109 0.437889
0.459376 0.0406235
0.279754 0.220246
0.0476047 0.452395
0.0767283 0.423272
0.408146 0.0918539
0.489889 0.0101105
0.428581 0.0714192
0.494943 0.00505696
0.31105 0.18895
0.382815 0.117185
0.05727 0.44273
0.101304 0.398696
0.295373 0.204627
0.300603 0.199397
0.111238 0.388762
0.397999 0.102001
0.192386 0.307614
0.00942478 0.490575
0.474673 0.0253274
0.0332403 0.46676
0.187252 0.312748
0.171872 0.328128
