0.351267 0.33892 0.899389
0.320229 0.308973 0.921491
0.577297 0.598329 0.596563
0.63562 0.658777 0.457336
0.0735636 0.0762436 1.01781
0.704416 0.679655 0.298366
0.11247 0.116567 1.01041
0.499428 0.481872 0.752015
0.201392 0.208729 0.98134
0.621182 0.599347 0.54961
0.535297 0.516481 0.702752
0.683287 0.70818 0.280634
0.523027 0.542081 0.692638
0.511573 0.530211 0.710159
0.652879 0.676664 0.403772
0.425176 0.440666 0.819875
0.461718 0.445488 0.79719
0.448792 0.433017 0.811319
0.129388 0.134102 1.0062
0.696069 0.721428 0.20539
0.367017 0.354116 0.887162
0.732784 0.707026 0.101472
0.0941249 0.097554 1.01429
4.48217e-17 4.37861e-17 1.02331
0.523518 0.505116 0.719683
0.701683 0.727246 0.160967
0.689906 0.71504 0.244751
0.322981 0.334748 0.911473
0.336766 0.324929 0.910036
0.580196 0.559801 0.6302
0.289308 0.299848 0.934638
0.384243 0.398241 0.860766
0.303131 0.292476 0.932591
0.398195 0.412702 0.847511
0.463618 0.480508 0.775452
0.717252 0.69204 0.231919
0.597621 0.619393 0.553497
0.728227 0.70263 0.15216
0.487061 0.469941 0.767517
0.617105 0.639587 0.507214
0.180815 0.174459 0.991981
0.438251 0.454217 0.805468
0.639983 0.617487 0.506249
0.697419 0.672905 0.328575
0.395047 0.381161 0.863603
0.511576 0.493594 0.736078
0.558176 0.538555 0.667498
0.369948 0.383426 0.873658
0.474488 0.457809 0.782578
0.607469 0.6296 0.530792
0.214216 0.22202 0.975692
0.611325 0.589837 0.570552
0.422348 0.407502 0.838284
0.45106 0.467493 0.790665
0.145218 0.150509 1.00171
0.723009 0.697594 0.194361
0.569294 0.549283 0.649113
0.408794 0.394425 0.851159
0.23493 0.226672 0.969837
0.668823 0.693189 0.345429
0.54685 0.527628 0.685361
0.644405 0.667881 0.431083
0.630727 0.608556 0.528204
0.188167 0.195022 0.98677
0.682447 0.658459 0.384517
0.0489423 0.0507254 1.02088
0.587556 0.608962 0.575412
0.661024 0.685106 0.375278
0.25294 0.262155 0.95627
0.545326 0.565193 0.655997
0.56684 0.587491 0.617011
0.648917 0.626108 0.483788
0.590801 0.570034 0.610878
0.674466 0.650758 0.410811
0.247502 0.238802 0.96378
0.340296 0.352693 0.898311
0.306461 0.317626 0.923229
0.60121 0.580077 0.590942
0.534276 0.553741 0.674593
0.626515 0.64934 0.482692
0.35531 0.368254 0.886171
0.475932 0.49327 0.759822
0.711051 0.686057 0.266251
0.736414 0.710528 3.64884e-17
0.275307 0.285336 0.943369
0.7066 0.732342 0.107457
0.488027 0.505807 0.743737
0.435664 0.42035 0.82502
0.65763 0.634514 0.46051
0.381106 0.36771 0.875616
0.266822 0.257443 0.953774
0.710528 0.736414 0
0.160194 0.16603 0.996959
0.690091 0.665834 0.357206
0.411828 0.426832 0.833887
0.281413 0.271521 0.945642
0.499905 0.518117 0.727191
0.676261 0.700898 0.313958
0.556182 0.576445 0.636811
0.66618 0.642763 0.436137
