0.339234 1.07496
1.08345 0.311054
0.421173 1.04557
0.548233 0.984911
0.716212 0.87043
0.851301 0.738847
0.535006 0.992158
0.915623 0.657453
0.465753 1.02649
1.0383 0.438797
0.242328 1.10086
0.959243 0.591998
1.00015 0.519911
1.0981 0.25455
0.966235 0.580516
0.283515 1.09098
0.778041 0.815635
0.980065 0.55685
0.574177 0.970016
0.480078 1.01987
0.494115 1.01314
1.12199 0.108405
0.787796 0.806217
0.405648 1.05169
0.737475 0.85249
0.923107 0.646902
1.09337 0.274123
1.11114 0.189651
0.636182 0.930527
0.436355 1.03933
1.11868 0.138456
0.930502 0.636219
0.263348 1.09602
0.321365 1.08043
1.00672 0.50707
0.797329 0.796791
1.06744 0.3622
0.824922 0.768188
0.72692 0.861508
0.81586 0.777805
0.993492 0.532524
0.561306 0.97752
1.08849 0.292931
0.705309 0.879288
0.671539 0.905343
0.945022 0.614445
0.90035 0.678218
0.806689 0.787314
1.06183 0.378322
1.0132 0.493998
0.86818 0.718938
1.01964 0.480573
0.884506 0.698755
0.112502 1.12158
0.973154 0.568842
0.0750675 1.12471
0.892479 0.688542
0.682999 0.896728
0.952185 0.603285
1.12489 0.0722901
0.599455 0.954601
0.859831 0.728903
1.12721 9.82893e-17
0.220132 1.10551
0.87642 0.70887
0.659926 0.913842
0.833826 0.758514
0.196568 1.10994
0.758196 0.834115
1.0561 0.394035
0.611835 0.946714
0.356553 1.06934
1.10265 0.234035
6.90219e-17 1.12721
0.302851 1.08577
1.07291 0.345649
1.02597 0.466896
0.842657 0.748691
0.521577 0.999283
0.171221 1.11413
0.747964 0.843302
1.10701 0.212474
0.908041 0.667885
0.507917 1.00629
1.04433 0.42424
1.07824 0.328632
0.62407 0.938694
0.373332 1.06359
0.768134 0.824973
0.143603 1.11803
1.05025 0.409361
0.937807 0.625402
1.11505 0.165171
0.586901 0.96237
0.451191 1.03297
0.648134 0.922242
0.694242 0.888052
1.03218 0.452996
0.986852 0.544731
0.389712 1.0577
