0.748134 0.663548
0.915299 0.402775
0.984628 0.174666
0.547899 0.836544
0.937656 0.347564
0.201163 0.979558
0.715462 0.698651
0.235726 0.971819
0.440584 0.897712
0.851926 0.523662
0.942988 0.332827
0.891237 0.453538
0.740119 0.672476
0.577896 0.81611
0.845025 0.534727
0.756095 0.654461
0.858743 0.512406
0.698457 0.715652
0.794487 0.607281
0.963021 0.269427
0.932224 0.361881
0.21881 0.975768
0.763929 0.6453
0.958213 0.286054
0.626162 0.779693
0.32644 0.945218
0.182623 0.983183
0.162976 0.98663
0.921064 0.389411
0.517087 0.855933
0.878588 0.47758
0.663096 0.748534
0.926698 0.375808
0.771675 0.636017
0.452052 0.891992
0.557969 0.829862
1 8.71967e-17
0.485215 0.874395
0.884964 0.46566
0.283019 0.959114
0.897408 0.441201
0.312334 0.949972
0.537736 0.843113
0.65402 0.756478
0.0621536 0.998067
0.838042 0.545606
0.689771 0.724028
0.816602 0.577201
0.404884 0.914368
0.980679 0.195621
0.527455 0.849583
0.474334 0.880345
0.86546 0.500979
0.495954 0.868349
0.506551 0.86221
0.36695 0.930241
0.635534 0.772073
0.379881 0.925035
0.587761 0.809035
0.353735 0.935346
0.903472 0.428648
0.953264 0.302138
0.948186 0.317716
0.340224 0.940344
0.267749 0.963489
0.64483 0.764326
0.118977 0.992897
0.0932003 0.995647
0.991833 0.127544
0.46328 0.886212
0.997778 0.0666192
0.80192 0.597432
0.723785 0.690025
0.597485 0.80188
0.972184 0.234217
0.732024 0.681279
0.872078 0.489367
0.417002 0.908905
0.830971 0.556316
6.12323e-17 1
0.967682 0.252174
0.428908 0.903348
0.297866 0.954608
0.809271 0.587435
0.607086 0.794636
0.392509 0.919748
0.78697 0.616991
0.995001 0.0998699
0.707027 0.707187
0.988359 0.152138
0.976526 0.215398
0.14194 0.989875
0.252008 0.967725
0.567986 0.823038
0.823796 0.566886
0.680984 0.732298
0.672096 0.740464
0.616685 0.78721
0.77936 0.626577
0.909434 0.415848
