0.245228 0.232843 0.0219286
0.211458 0.126402 0.16214
0 0.0336833 0.466317
0.113872 0.11319 0.272939
0.0132054 0.368565 0.11823
0.224209 0.0174245 0.258367
0.202652 0 0.297348
0.138832 0.0644432 0.296725
0.225207 0.153151 0.121642
0.319651 0.0741502 0.106199
0.0684879 0.136896 0.294617
0.128888 0.208783 0.162329
0.301863 0.11347 0.0846677
0.112038 0.365365 0.0225971
0.26217 0.190583 0.0472469
0.13515 0.243938 0.120912
0.158499 0.0916774 0.249823
0.257841 0.1368 0.105359
0.262019 0 0.237981
0.0578202 0.44218 0
0.455935 0 0.0440647
0.0171097 0.46654 0.0163502
0.420571 0.00592294 0.0735061
0.198257 0.279741 0.0220015
0.244678 0.079053 0.176269
0.00867998 0.308934 0.182386
0.391169 0 0.108831
0.207802 0.193806 0.098392
0.0141089 0.119152 0.366739
0.0956833 0.404317 0
0.316058 0 0.183942
0.0404612 0.419426 0.0401124
0.10965 0.185231 0.205119
0.164457 0.0148438 0.320699
0.082446 0.234972 0.182583
0.350179 0.0936386 0.0561829
0.140421 0 0.359579
0.463363 0.0291785 0.00745872
0.0926506 0.337115 0.0702339
0.285894 0.214106 0
0.0636052 0.315539 0.120856
0.158554 0.158379 0.183067
0.307165 0.17676 0.0160752
0.179835 0.177893 0.142272
0.270201 0.0964233 0.133376
0.294158 0.0508775 0.154965
0 0.405287 0.0947132
0.11895 0.0385706 0.342479
0.101672 0 0.398328
0.111532 0.293088 0.09538
0.15416 0.275764 0.0700758
0.278399 0.0231682 0.198433
0.0391974 0.256781 0.204021
0.137135 0.319024 0.0438406
1.07249e-17 0.5 0
0.0169407 0.0523973 0.430662
0.233628 0.266372 0
0.049971 0.288178 0.161851
0.0647504 0.382873 0.0523765
0.181115 0.0454577 0.273428
0.327532 0.13317 0.0392976
0.394114 0.0814993 0.024387
0.381455 0.118545 0
0.185575 0.111554 0.202872
0.353588 0 0.146412
0.0217037 0.16521 0.313086
0.0415808 0.0729591 0.38546
0.0118185 0.235918 0.252264
0.0945332 0.264255 0.141212
0.202222 0.070758 0.227021
0.344615 0.155385 0
0.5 0 0
0.149749 0.350251 0
0.0622493 0.210436 0.227314
0 0.442981 0.0570186
0.279364 0.155468 0.0651675
0.0631982 0.0223132 0.414489
0.169515 0.223889 0.106597
0 0.345045 0.154955
0 0.276405 0.223595
0.190301 0.252189 0.0575101
0 0.15264 0.34736
0.18463 0.31537 0
0.368081 0.0508578 0.0810608
0.0442353 0.185918 0.269847
0.136205 0.13702 0.226775
0.0498141 0.357068 0.0931183
0.054589 0.106905 0.338506
2.30515e-17 4.70405e-18 0.5
0.434194 0.065806 0
0.237066 0.0488412 0.214093
0.221895 0.211878 0.0662273
0.409225 0.0413764 0.0493986
0.0895965 0.161115 0.249289
0.0801856 0.0534325 0.366382
0.338228 0.0341723 0.1276
0.0458155 0 0.454185
0 0.0927339 0.407266
0.0955811 0.0861122 0.318307
0 0.208425 0.291575
