0.0514742 3.92452
0.132098 3.74275
0.179984 3.64145
0.00865531 3.99064
0.700021 3.08353
0.672807 3.28828
0.824517 2.35381
0.126459 3.75605
0.0815247 3.86182
0.744188 2.75919
0.251133 3.5732
0.718532 2.94406
0.115274 3.78271
0.801874 2.43124
0.715402 2.96743
0.669769 3.31065
0.782362 2.52383
0.721668 2.92077
0.814893 2.38249
0.754185 2.69191
0.0638561 3.89999
0.641523 3.50908
0.109711 3.79601
0.693949 3.12958
0.651161 3.44366
0.161187 3.67784
0.0757329 3.87469
0.77867 2.54373
0.193548 3.61908
0.786104 2.50439
0.63496 3.55197
0.675839 3.26581
0.724832 2.89742
0.810406 2.39803
0.757573 2.6699
0.737647 2.80488
0.819587 2.36769
0.79382 2.46677
0.647973 3.4656
0.0242695 3.97023
0.829764 2.34094
0.806076 2.4143
0.687911 3.17527
0.703073 3.06039
0.775042 2.56397
0.66056 3.37744
0.690937 3.15239
0.657448 3.3996
0.0985372 3.82255
0.841782 2.3191
0.01669 3.9807
0.0450452 3.9364
0.684886 3.19809
0.767932 2.60546
0.681871 3.22075
0.0383851 3.94803
0.155203 3.6905
0.186627 3.63004
0.208489 3.59901
0.057736 3.91237
0.0314732 3.95933
0.666723 3.33292
0.740905 2.78197
0.143495 3.71642
0.797804 2.4487
0.137777 3.72952
0.120859 3.76937
0.173549 3.65327
0.0929136 3.83573
0.663656 3.35518
0.225947 3.58246
0.771462 2.58456
0.149312 3.70337
0.638256 3.53061
0.764442 2.62667
0.835451 2.32926
0.236669 3.57633
0.167294 3.66541
0.849231 2.31105
0.76099 2.64815
0.747496 2.73656
0.678854 3.24335
0.2008 3.6087
0.104138 3.80929
0 4
0.712309 2.99064
0.789922 2.48535
0.0698493 3.88742
0.696984 3.10656
0.731197 2.85101
0.654311 3.42171
0.216773 3.59018
0.644766 3.48738
0.728008 2.87417
0.734412 2.82789
0.0872472 3.84883
0.85935 2.307
0.709212 3.01397
0.750826 2.71414
0.706132 3.03724
