0.0281871 0.471813
0.316236 0.183764
0.182112 0.317888
0.07706 0.42294
0.276659 0.223341
0.447972 0.0520281
0.330769 0.169231
0.149725 0.350275
0.225033 0.274967
0.0425375 0.457462
0.139098 0.360902
0.0720912 0.427909
0.0572265 0.442774
0.256348 0.243652
0.128551 0.371449
0.354682 0.145318
0.340361 0.159639
0.176701 0.323299
0.463461 0.0365385
0.479026 0.0209735
0.489493 0.0105071
0.5 0
0.296563 0.203437
0.35945 0.14055
0.246004 0.253996
0.378596 0.121404
0.442849 0.0571508
0.133822 0.366178
0.45312 0.0468795
0.427667 0.0723331
0.12329 0.37671
0.0140328 0.485967
0.144412 0.355588
0.240792 0.259208
0.369 0.131
0.306452 0.193548
0.281655 0.218345
0.235565 0.264435
0.00935269 0.490647
0.0377253 0.462275
0.473828 0.026172
0.321091 0.178909
0.291612 0.208388
0.402885 0.0971151
0.417678 0.0823215
0.484258 0.0157418
0.311351 0.188649
0.407771 0.0922295
0.0871694 0.412831
0.230342 0.269658
0.251156 0.248844
0.0922899 0.40771
0.393106 0.106894
0.0621368 0.437863
0.112854 0.387146
0.28664 0.21336
0.171276 0.328724
0.432693 0.0673072
0.458299 0.0417008
0.160443 0.339557
0.373808 0.126192
0.383433 0.116567
0.468623 0.0313774
0.388253 0.111747
0.15508 0.34492
0.0234555 0.476544
0.349919 0.150081
0.26656 0.23344
0.0187328 0.481267
0.192963 0.307037
0.397976 0.102024
0.203729 0.296271
0.165857 0.334143
0.345151 0.154849
0.214432 0.285568
0.364209 0.135791
0.0523246 0.447675
0.261459 0.238541
0.00467804 0.495322
0.107704 0.392296
0.219746 0.280254
0.209103 0.290897
0.0474413 0.452559
0.198352 0.301648
6.93889e-18 0.5
0.494746 0.00525436
0.412697 0.0873033
0.301524 0.198476
0.335556 0.164444
0.0973993 0.402601
0.0820887 0.417911
0.271621 0.228379
0.118077 0.381923
0.102539 0.397461
0.422671 0.0773287
0.187537 0.312463
0.0670873 0.432913
0.0329516 0.467048
0.325922 0.174078
0.437758 0.0622424
