0.837694 5.30689e-17 0.54614
4.79337e-17 0.782816 0.622253
0.295288 0.560301 0.773866
0.194709 0.980861 6.26229e-17
1.17527e-17 0.191935 0.981408
0.685197 4.34081e-17 0.728357
0.696019 0.718023 6.26229e-17
0.389102 0.276896 0.878595
0.9733 0.229537 6.26229e-17
0.413189 0.733086 0.54024
0.565935 0.74393 0.355367
0.911818 0.273369 0.306361
4.26683e-17 0.696826 0.71724
3.0144e-17 0.492289 0.870432
0.959028 0 0.28331
0.515388 0.367418 0.774196
0.358099 0.886294 0.293679
0.904002 5.72695e-17 0.427529
0.371711 0 0.928349
0.782728 0.622364 4.72378e-17
0.948375 0.317152 4.72378e-17
0.310735 0.413021 0.856071
0.872107 5.5249e-17 0.489314
0.331337 0.807525 0.487974
0.981892 0 0.189441
0.758351 0.480655 0.440312
1.75502e-17 0.286617 0.958045
0.520037 0.695373 0.496002
0.891559 0.452904 4.72378e-17
0.740764 0.671765 4.72378e-17
6.12323e-17 1 6.26229e-17
4.53922e-17 0.741312 0.671161
0.798312 0.353182 0.487812
0.304602 1.92969e-17 0.95248
3.66872e-17 0.599147 0.800639
0.494135 0.869385 4.72378e-17
2.66268e-17 0.434848 0.900504
0.27888 0.762345 0.584
0.645453 0.371127 0.667574
5.22773e-17 0.853753 0.520677
0.703711 0.317627 0.635535
0.510919 0.553862 0.657418
0.859444 0.511231 6.26229e-17
0.932948 5.91033e-17 0.360012
5.03176e-17 0.821749 0.56985
3.33925e-17 0.545341 0.838214
0.495379 0 0.868677
5.96128e-17 0.973551 0.22847
0.800443 0.529252 0.281397
0.710663 0.647616 0.274868
0.464187 0.773731 0.431126
0.827064 0.43663 0.354005
0.291104 0.956691 6.26229e-17
0.744065 0.571394 0.346231
0.618802 0.493769 0.610963
0.370051 0.463381 0.805196
0.433971 0.900927 0
0.877441 0.38186 0.290311
0.682741 0.602847 0.412843
0.284118 0.665015 0.690675
0.66347 0.543265 0.514462
0.60745 0.652892 0.452479
0.570063 0.600456 0.560786
0.516884 0.808 0.282784
0.801208 5.07574e-17 0.598386
0.652762 0.757563 6.26229e-17
0.552812 0.833306 6.26229e-17
1 8.2394e-17 0
0.92122 0.389041 6.26229e-17
0.222276 1.40814e-17 0.974984
0.762642 4.83143e-17 0.64682
3.97483e-17 0.649139 0.76067
0.260079 0.926261 0.272764
0.716982 0.431705 0.547328
5.98915e-17 1.27437e-17 1
0.280511 0.864104 0.417897
0.639457 4.05103e-17 0.768827
0.822262 0.569109 6.26229e-17
0.378578 0.59757 0.706816
0.590899 3.74341e-17 0.806746
5.80213e-17 0.94756 0.319579
0.46571 0.646052 0.604758
0.639751 0.701489 0.314055
2.23879e-17 0.365622 0.930764
0.853186 0.292175 0.432096
0.420209 0.837526 0.349249
0.449771 0.500236 0.739913
0.724988 4.59288e-17 0.688761
5.62045e-17 0.917889 0.396837
0.271414 0.306497 0.912357
0.607199 0.79455 6.26229e-17
0.559069 0.444219 0.70008
0.6045 0.294961 0.739985
0.344324 0.695369 0.630795
0.461711 0.320714 0.827022
0.766957 0.290118 0.572372
5.43215e-17 0.887138 0.461504
0.436479 0 0.899715
0.366734 0.930326 4.72378e-17
0.544584 3.45e-17 0.838706
