0.635881 0.635881 0.43739
0.396547 0.396547 0.82795
0.45158 0.45158 0.769513
0.501749 0.501749 0.704625
0.389364 0.389364 0.83474
0.574025 0.574025 0.583945
0.321682 0.321682 0.890529
0.68958 0.68958 0.221264
0.698418 0.698418 0.15628
0.507708 0.507708 0.696035
0.374812 0.374812 0.847958
0.305701 0.305701 0.901717
0.568861 0.568861 0.593964
0.382109 0.382109 0.841419
0.598987 0.598987 0.531442
0.640201 0.640201 0.4246
0.245237 0.245237 0.937932
0.33722 0.33722 0.878957
0.344883 0.344883 0.87299
0.495739 0.495739 0.713082
0.70545 0.70545 0.0684171
0.513607 0.513607 0.687325
0.558313 0.558313 0.613655
0.125575 0.125575 0.984105
0.138542 0.138542 0.980618
0.272151 0.272151 0.922967
0.60858 0.60858 0.509175
0.150917 0.150917 0.976959
0.489635 0.489635 0.721468
0.313744 0.313744 0.896175
0.584179 0.584179 0.563445
4.32978e-17 4.32978e-17 1
0.695633 0.695633 0.179418
0.692677 0.692677 0.200993
0.682997 0.682997 0.258902
0.280765 0.280765 0.917792
0.359998 0.359998 0.860699
0.195926 0.195926 0.960846
0.26338 0.26338 0.928042
0.174213 0.174213 0.969175
0.444972 0.444972 0.777174
0.47094 0.47094 0.745943
0.67953 0.67953 0.276545
0.289218 0.289218 0.912527
0.297518 0.297518 0.907175
0.0971647 0.0971647 0.990514
0.206316 0.206316 0.956487
0.660816 0.660816 0.355873
0.703375 0.703375 0.102599
0.622527 0.622527 0.474259
0.111838 0.111838 0.987413
0.648649 0.648649 0.398133
0.57913 0.57913 0.573773
0.431516 0.431516 0.792205
0.542052 0.542052 0.642152
0.162808 0.162808 0.973133
0.686353 0.686353 0.240499
0.329504 0.329504 0.88479
0.530886 0.530886 0.660546
0.536505 0.536505 0.651402
0.675964 0.675964 0.293505
0.235832 0.235832 0.942744
0.0422251 0.0422251 0.998215
0.552961 0.552961 0.623273
0.668546 0.668546 0.325718
0.644458 0.644458 0.41152
0.25438 0.25438 0.93305
0.613292 0.613292 0.497741
0.18531 0.18531 0.965049
0.226237 0.226237 0.947435
0.367453 0.367453 0.854375
0.424657 0.424657 0.799582
0.477241 0.477241 0.73789
0.594108 0.594108 0.542283
0.589171 0.589171 0.552951
0.701011 0.701011 0.13102
0.563616 0.563616 0.603883
0.656825 0.656825 0.370354
0.46457 0.46457 0.75389
0.664711 0.664711 0.341053
0.672292 0.672292 0.309914
0.0812597 0.0812597 0.993375
0.617941 0.617941 0.486105
0.603809 0.603809 0.520413
0.458113 0.458113 0.761751
0.627042 0.627042 0.462208
0.40366 0.40366 0.821046
0.352451 0.352451 0.866924
0.547534 0.547534 0.632781
0.438286 0.438286 0.784736
0.707107 0.707107 0
0.519436 0.519436 0.678508
0.21643 0.21643 0.952006
0.417727 0.417727 0.806851
0.631491 0.631491 0.449931
0.525177 0.525177 0.66961
0.483467 0.483467 0.72974
0.652776 0.652776 0.384403
0.063468 0.063468 0.995964
0.410728 0.410728 0.814006
