0.931007 0 0.365001
0.564119 0.638214 0.523882
5.39545e-17 0.881144 0.472848
5.88189e-17 0.960586 0.277983
0.521528 0.303584 0.797399
0.621281 0.683333 0.383491
0.828815 0.372854 0.417188
0.28269 0.627731 0.725286
0.629719 0 0.776823
0.452313 0.672279 0.586049
0.738892 0.562817 0.370508
0.699029 0.64155 0.315869
0.917099 0.282692 0.281095
0.904694 0 0.426062
0.378317 0.870437 0.314985
5.73208e-17 0.93612 0.351681
0.656075 0.299693 0.69264
0.504435 0.71792 0.479725
0.295202 0.806497 0.512269
0.469283 0.440676 0.76523
0.712694 0 0.701475
0.361468 0 0.932385
0.352793 0.305053 0.884579
0.50633 0.584511 0.634016
1.40569e-17 0.229566 0.973293
0.361267 0.748308 0.556347
0.97613 0 0.217188
0.954943 0 0.296789
0.228725 0.973491 0
0.849399 0 0.527752
0.656551 0.596242 0.461992
0.830909 0.556408 0
0.317012 0.948421 0
0.800658 0.511311 0.312264
0.786278 0 0.617873
5.2088e-17 0.850662 0.525713
0.394896 0.621067 0.677003
3.7536e-17 0.613009 0.790076
6.12323e-17 1 0
2.43823e-17 0.398193 0.917302
4.79685e-17 0.783385 0.621537
5.56584e-17 0.90897 0.416862
2.8082e-17 0.458614 0.888636
0.818747 0 0.574155
0.981153 0.193231 0
0.71813 0.695909 0
4.3645e-17 4.29478e-17 1
0.677309 0.735698 0
6.01658e-17 0.982582 0.18583
0.63236 0.436907 0.639713
0.878166 0 0.478356
4.32392e-17 0.706149 0.708063
0.902518 0.430653 0
1.96504e-17 0.320915 0.947108
0.528785 0.76911 0.358966
0.478625 0.829411 0.288089
3.14768e-17 0.514055 0.857757
1 0 0
0.456409 0.88977 0
3.46279e-17 0.565517 0.824737
0.287327 0 0.957833
0.485575 0 0.874195
0.51886 0.854859 0
0.260623 0.27393 0.925764
0.390662 0.920534 0
0.584629 0 0.811301
0.325972 0.507435 0.797654
0.793175 0.608994 0
0.536716 0 0.843763
0.296966 0.429661 0.852762
0.851475 0.447135 0.273971
0.576493 0.817102 0
0.957314 0.28905 0
0.875692 0.323513 0.358473
0.86817 0.496268 0
0.315686 0.850445 0.420815
0.580491 0.353795 0.733389
0.427495 0.787168 0.444537
0.426848 0.355775 0.831399
0.711034 0.320607 0.625812
0.192102 0 0.981375
0.765901 0.455691 0.453587
5.00917e-17 0.818059 0.575134
0.672355 0 0.740229
0.691656 0.498339 0.522752
0.312478 0.701331 0.640697
0.285017 0.914127 0.288334
0.427148 0 0.904182
0.738216 0.378098 0.55864
0.537742 0.487785 0.687677
0.931323 0.364195 0
0.750798 0 0.660532
4.04761e-17 0.661024 0.750365
0.801598 0.309586 0.511465
0.598443 0.746061 0.291992
0.628568 0.777755 0
0.604261 0.543427 0.582714
0.405444 0.547158 0.732279
0.756733 0.653724 0
4.56763e-17 0.745951 0.666001
