0.589582 0.807709
0.862053 0.506818
0.449721 0.893169
0.784596 0.620007
0.66424 0.747519
0.673127 0.739527
0.971189 0.238311
0.953491 0.301422
0.754806 0.655948
0.0663957 0.997793
0.979188 0.202956
0.917631 0.397433
0.269074 0.963119
0.425223 0.905089
0.53894 0.842344
0.88799 0.459863
0.618361 0.785894
0.699078 0.715045
0.806435 0.591323
0.975291 0.220925
0.723646 0.690171
0.855316 0.518107
0.982944 0.183903
0.989824 0.142297
0.54933 0.835606
0.938958 0.344032
0.285359 0.958421
0.958104 0.28642
0.777201 0.629253
0.933803 0.357788
0.928525 0.37127
0.707338 0.706876
0.39963 0.916677
0.636922 0.770928
0.473258 0.880924
0.900271 0.435331
0.599356 0.800482
0.79919 0.601078
0.995668 0.0929774
0.992883 0.119092
0.841632 0.540052
0.827768 0.561071
0.894181 0.447705
0.437623 0.899159
0.373006 0.927829
0.8687 0.495339
0.681922 0.731425
0.559638 0.828737
0.569738 0.821826
0.96696 0.254929
6.12323e-17 1
0.251874 0.96776
0.998078 0.0619652
0.099566 0.995031
0.495883 0.868389
0.345376 0.938464
0.412556 0.910932
0.881659 0.471886
0.608892 0.793253
0.30114 0.95358
0.94391 0.330203
0.386459 0.922306
0.715581 0.698529
0.46157 0.887104
0.484672 0.874696
0.655232 0.755428
0.174439 0.984668
0.923191 0.38434
0.579759 0.814788
0.127203 0.991877
0.215237 0.976562
0.528393 0.849
0.791943 0.610595
0.31629 0.948662
0.834733 0.550655
0.64612 0.763235
1 8.71967e-17
0.762338 0.647179
0.506881 0.862016
0.769796 0.63829
0.195462 0.980711
0.731614 0.681719
0.331093 0.943598
0.906229 0.422787
0.911979 0.410237
0.962586 0.270976
0.690586 0.72325
0.517689 0.855569
0.948764 0.315987
0.986484 0.16386
0.820684 0.571382
0.73942 0.673244
0.359386 0.933189
0.813589 0.58144
0.151813 0.988409
0.74716 0.664644
0.848511 0.529178
0.627703 0.778453
0.875253 0.483666
0.233981 0.972241
