0.169278 3.6615
0.717787 2.94961
0.849336 2.31097
0.723996 2.90358
0.0165362 3.9809
0.859352 2.307
0.702218 3.06687
0.648137 3.46448
0.730203 2.85821
0.661036 3.37403
0.00856714 3.99074
0.676993 3.25722
0.8357 2.32881
0.0762147 3.87363
0.0997398 3.81971
0.0880843 3.84691
0.790577 2.48217
0.7724 2.57911
0.105514 3.80602
0.680163 3.23356
0.638303 3.53031
0.692806 3.13824
0 4
0.708461 3.01963
0.815316 2.38109
0.111236 3.79236
0.742733 2.76925
0.134055 3.73817
0.14557 3.71173
0.711572 2.99619
0.664239 3.35096
0.758843 2.66177
0.739584 2.79122
0.699091 3.09058
0.209605 3.59772
0.217671 3.58933
0.237021 3.57618
0.128342 3.7516
0.786803 2.50085
0.806566 2.4124
0.181795 3.63826
0.762167 2.64077
0.779469 2.53937
0.139801 3.72486
0.64488 3.48661
0.749088 2.7258
0.0821836 3.86034
0.670638 3.30427
0.657832 3.39688
0.755554 2.68297
0.0939369 3.83334
0.705338 3.04324
0.654606 3.41964
0.830071 2.34025
0.819965 2.36657
0.0640487 3.89959
0.0449506 3.93657
0.683328 3.20981
0.733321 2.83572
0.175469 3.64966
0.765535 2.61997
0.163234 3.67362
0.641606 3.50853
0.634973 3.55189
0.122656 3.76509
0.714674 2.97288
0.798364 2.44624
0.202108 3.60695
0.116942 3.77872
0.752305 2.70431
0.226589 3.58201
0.802406 2.42904
0.68965 3.16213
0.0382415 3.94827
0.0701588 3.88676
0.0313117 3.95958
0.794429 2.46395
0.67382 3.28079
0.157254 3.68611
0.0514673 3.92454
0.72088 2.92661
0.151367 3.69884
0.251146 3.5732
0.745898 2.74745
0.727096 2.88082
0.0578185 3.91221
0.667443 3.32767
0.695955 3.11437
0.775907 2.55908
0.0240807 3.9705
0.82486 2.35291
0.195046 3.61684
0.651375 3.44218
0.736453 2.81334
0.188314 3.62728
0.76894 2.59944
0.841975 2.31884
0.783102 2.51992
0.686492 3.18599
0.810862 2.39639
