0.750805 0.493123 0.439456
0.902805 0.43005 7.04364e-17
0.854237 0.277733 0.43948
0.551735 0.467179 0.690893
0.840721 2.0975e-17 0.541468
0.66904 1.66917e-17 0.743226
0.327069 0.444215 0.834086
5.69238e-17 0.929637 0.368478
0.971807 3.4742e-17 0.235777
0.877643 6.81958e-17 0.479315
0.386264 1.38089e-17 0.922388
0.305406 0 0.952222
0.833565 0.552421 0
0.677532 0.735493 0
0.911573 2.27426e-17 0.411138
0.516427 0 0.856331
0.576327 0.817219 4.58416e-17
0.801508 0 0.597984
0.291214 0.350544 0.89012
0.783841 0.539972 0.306632
0.454471 0 0.890761
0.391321 0.62691 0.673686
0.427509 0.516269 0.742093
0.84621 0.461415 0.266505
4.8515e-17 0.79231 0.610119
1.40339e-17 0.229191 0.973382
0.672479 0.677348 0.298281
4.11541e-17 0.672097 0.740463
0.704356 0.455796 0.54418
0.380835 0.861378 0.336144
0.472446 0.656072 0.588527
0.32036 0.605066 0.728879
3.84289e-17 0.627591 0.778543
0.980996 0.194027 0
0.507092 0.566905 0.649212
0.448284 0.356126 0.819888
3.53029e-17 0.576541 0.817068
2.8616e-17 0.467335 0.88408
0.923315 0.26253 0.280297
3.19398e-17 0.521616 0.85318
0.77724 0.275379 0.565742
1 0 4.58416e-17
0.505622 0.761552 0.405444
0.575865 0.608286 0.546231
0.7982 0.602393 0
0.488992 0.41998 0.764528
0.542352 0.691192 0.477607
0.600045 0.728059 0.331476
5.49966e-17 0.898162 0.439665
0.957117 0.289702 0
5.28851e-17 0.863679 0.504043
0.30068 0.765888 0.568337
4.37174e-17 0.71396 0.700187
0.388662 0.92138 7.04364e-17
0.287647 0.539706 0.791187
0.670956 0.558755 0.487454
0.572807 1.42908e-17 0.81969
1.97773e-17 0.322987 0.946403
0.793606 0.357678 0.492195
0.252848 0.261682 0.931445
0.40748 0.798001 0.444021
6.12323e-17 1 0
0.51622 0.856456 0
0.541303 0.279415 0.793044
0.869548 0.493849 7.04364e-17
0.943677 2.35436e-17 0.330869
5.85329e-17 0.955915 0.293645
0.550961 0.791919 0.263261
0.632463 0.644719 0.429335
0.471387 0.830852 0.295769
0.931394 0.364014 7.04364e-17
0.293079 0.823727 0.485365
0.625269 0 0.780409
0.725051 0.336631 0.600817
0.431702 0.730528 0.529115
0.315145 0.949043 7.04364e-17
6.00398e-17 0.980525 0.196394
0.297756 0.912228 0.281393
0.819 0.42154 0.389285
0.715742 2.55877e-17 0.698365
0.720439 0.693518 4.58416e-17
5.07776e-17 0.829261 0.558861
0.600477 0.331837 0.727538
0.631804 0.775128 0
0.6459 0.411651 0.642928
0.454041 0.890981 0
0.204314 7.3042e-18 0.978905
0.881435 0.344489 0.323109
0.759494 1.89484e-17 0.650515
0.2571 0.877985 0.403784
0.682997 0.276294 0.676148
0.719918 0.600543 0.347946
4.61163e-17 0.753136 0.657864
0.228897 0.973451 4.58416e-17
2.46118e-17 0.401942 0.915665
0.61315 0.51729 0.597041
6.12323e-17 8.16385e-20 1
0.4061 0.281289 0.869459
0.328453 0.699188 0.635023
0.760675 0.649133 0
