0.518205 0.855257
0.619713 0.784829
0.560957 0.827845
0.539903 0.841727
0.697976 0.716121
0.738209 0.674572
0.761489 0.648178
0.964352 0.264622
0.892507 0.451034
0.976469 0.215658
0.216556 0.97627
0.806373 0.591407
0.998154 0.0607298
0.27178 0.962359
0.550547 0.834804
1 4.35984e-17
6.12323e-17 1
0.127781 0.991802
0.366783 0.930307
0.959998 0.280005
0.813589 0.581441
0.610407 0.792088
0.628929 0.777463
0.100016 0.994986
0.99584 0.0911169
0.43491 0.900474
0.529179 0.84851
0.909745 0.415167
0.381128 0.924522
0.880492 0.474062
0.646896 0.762578
0.827835 0.560971
0.799057 0.601255
0.28887 0.957368
0.936273 0.351272
0.9555 0.294991
0.898355 0.439271
0.254109 0.967176
0.987096 0.160132
0.459978 0.887931
0.990253 0.139278
0.421992 0.9066
0.395125 0.918628
0.904105 0.42731
0.972572 0.232603
0.950882 0.309552
0.980222 0.1979
0.886553 0.462628
0.730293 0.683134
0.689739 0.724058
0.352064 0.935976
0.75375 0.657162
0.915268 0.402845
0.993185 0.116549
0.745992 0.665955
0.472034 0.881581
0.17519 0.984535
0.664394 0.747382
0.336967 0.941516
0.946124 0.323804
0.637958 0.770071
0.834792 0.550566
0.44752 0.894274
0.305411 0.95222
0.791645 0.610982
0.841672 0.539988
0.235759 0.971812
0.983751 0.17954
0.920679 0.39032
0.868021 0.496528
0.655716 0.755008
0.874326 0.48534
0.706172 0.708041
0.152465 0.988309
0.0667161 0.997772
0.591067 0.806622
0.776662 0.629918
0.714296 0.699844
0.861597 0.507592
0.408785 0.912631
0.925986 0.377558
0.495559 0.868574
0.600811 0.799391
0.483901 0.875123
0.571154 0.820843
0.855085 0.518488
0.968547 0.248831
0.784177 0.620537
0.722352 0.691526
0.321462 0.946922
0.506974 0.861961
0.931182 0.364554
0.6814 0.731911
0.672932 0.739705
0.820763 0.571269
0.941263 0.337673
0.76911 0.639117
0.848434 0.529301
0.581183 0.813773
0.196473 0.980509
