0.240629 0.729432 4.43868
0.788486 0.858337 2.79947
0.245316 0.0465096 5.50748
0.233151 0.0889035 5.42301
0.762739 0 4.63721
0.179011 0.858673 3.95021
0.752257 0.753338 3.4021
0 0.857537 4.30714
0.24854 0.248501 5.14663
1.86609e-17 0.158026 5.68447
0.129957 0.800355 4.18543
0.853923 0.746947 3.04848
0.858044 0.732102 3.15156
0.744614 0.239854 4.33138
0.730627 0.8568 3.16241
0.856937 0.795386 2.7668
4.31229e-19 0.716382 4.9601
1.86609e-17 0 6
0.205885 0.713372 4.58479
0.243414 0.817774 3.94735
0.842936 0.719008 3.25809
0.856645 0.690406 3.46371
0.223038 2.76636e-17 5.58467
0.847314 0.837867 2.63775
0.850651 0.778395 2.85525
0.241236 0.769743 4.16936
0.858118 0.762224 2.94749
0.815717 0.242916 3.95402
0.113401 0.763887 4.41728
0.249226 0.859078 3.88027
0.150623 0.857707 4.00759
0.77305 0.855135 2.88307
0.790531 0.122693 4.2474
0.681309 0.218327 4.81369
0.0387511 0.852112 4.2565
0.712042 0.711215 3.99152
0.857891 4.37295e-17 4.30709
0.226339 0.793115 4.05225
0.858678 0.180081 3.9483
0.72677 3.3029e-17 4.88321
0.661884 0.856475 3.67528
0.805268 0.850542 2.72755
0.850181 0.212068 3.90532
0.119145 0.221574 5.35933
0.723357 0.22958 4.48832
4.31229e-19 0.796678 4.45371
0.236767 0.653468 5.0039
4.31229e-19 0.751363 4.71056
0.859099 0.859099 2.61402
0.690203 0.858046 3.46502
0.084152 0.245091 5.42966
0.789802 0.229236 4.06618
0.698014 0.776864 3.65247
0.123866 0.854463 4.07017
0.185504 0.245784 5.20556
0.857825 0.0984321 4.1299
0.691975 0.105884 4.94967
0.657814 0.234973 4.97409
0.704188 0.845136 3.3669
0.241123 0.692966 4.71175
0.758291 0.858188 2.97236
0.858624 0.0701988 4.1937
0.851316 0.676359 3.57151
0.739322 0.132588 4.53467
0.238152 0.165123 5.2455
0.858424 0.814741 2.69004
0.216693 0.674128 4.86876
0.149746 0.237787 5.27828
0.682342 3.3029e-17 5.21722
0.823591 0.858583 2.66332
0.244479 0.126082 5.33084
4.31229e-19 0.681761 5.22158
1.53376e-17 0.0899307 5.84265
0.856246 0.647022 3.77948
0.116287 9.06112e-18 5.78029
0.701768 0.239054 4.64568
0.0968473 0.857837 4.13363
0.858072 0.661841 3.67532
0.783147 0.784034 3.03474
0.85196 0.125518 4.06746
0.228167 0.207841 5.18071
0.859082 0.24925 3.88027
0.12652 0.0872014 5.60484
0.776451 0.698626 3.65014
0.716851 0.85809 3.26367
0.128097 0.699643 4.83857
0.676255 0.852354 3.57167
3.87668e-17 0.230899 5.57924
0.223293 0.749894 4.30485
0.857724 0.151736 4.00514
0.0686508 0.858643 4.19699
0.803205 0 4.42576
0.853561 0.0394005 4.25464
0.767394 0.21799 4.19772
0.211041 0.851486 3.90557
0.0459937 0.240974 5.50946
0.858029 0.704578 3.35607
0.151573 0.14338 5.41506
0.647068 0.85779 3.77888
0.744614 0.848874 3.0676
