0.550503 0.701024 0.453334
0.74071 0.671825 5.27933e-17
0.710769 5.84435e-17 0.703425
1.17046e-17 0.191151 0.981561
0.728742 0.607751 0.315553
5.94802e-17 0.971386 0.237508
4.03825e-17 0.659496 0.751708
0.81475 0.579812 5.27933e-17
0.460011 0.601225 0.65339
0.850612 0.525795 5.27933e-17
0.33967 0.486899 0.804707
0.501557 0.655456 0.56464
0.858673 0.320811 0.399701
5.35839e-17 0.875092 0.483957
0.783461 6.44206e-17 0.621441
0.850858 6.99624e-17 0.525396
0.935118 7.68907e-17 0.354337
2.2013e-17 0.3595 0.933145
0.563091 1.93124e-17 0.826395
0.415197 0.535715 0.73527
5.5737e-17 0.910254 0.41405
1.74964e-17 0.285738 0.958308
5.77296e-17 0.942797 0.333368
0.339708 0.800001 0.494568
2.59985e-17 0.424588 0.905387
0.649889 0.760029 5.27933e-17
0.36358 0.30626 0.879781
0.263367 0.922556 0.282007
0.729598 0.451148 0.513957
0.414809 0.816081 0.402424
0.563761 0.552487 0.613948
0.671476 0.687469 0.276597
0.555709 0.831377 5.27933e-17
0.665477 2.2824e-17 0.746418
0.696475 0.717581 5.27933e-17
4.61632e-17 0.753903 0.656986
3.86115e-17 4.75242e-17 1
0.365729 0.930721 5.27933e-17
0.270114 0.855175 0.442396
0.695767 0.349949 0.627251
0.946028 0.324086 5.27933e-17
0.778674 0.627429 5.27933e-17
0.309164 2.54213e-17 0.951009
0.428535 0.350114 0.832933
0.908404 4.27288e-17 0.418093
0.459351 0.845957 0.270839
0.643829 0.288132 0.708847
0.604246 0.796798 5.27933e-17
0.337574 0.623026 0.705608
0.371476 0.70261 0.606914
0.759805 0.310555 0.571185
0.82771 0.471011 0.305034
0.224249 1.84391e-17 0.974532
0.60291 0.606551 0.518262
4.88004e-17 0.79697 0.604018
0.432138 0.901808 5.27933e-17
0.768052 0.526037 0.365213
2.99706e-17 0.489457 0.872027
5.12599e-17 0.837138 0.546992
0.381572 1.79481e-17 0.924339
0.504683 1.73092e-17 0.863305
0.282161 0.278153 0.918159
0.878444 0.381987 0.287094
0.444698 0.738492 0.506826
0.981983 8.07442e-17 0.188972
3.71132e-17 0.606104 0.795386
0.279868 0.683211 0.67446
0.496443 0.86807 5.27933e-17
0.570837 0.348627 0.743374
0.522426 0.488729 0.698724
0.194921 0.980819 5.27933e-17
0.343516 0.880415 0.326903
0.446468 2.10006e-17 0.894799
0.654337 0.496281 0.570568
0.513683 0.782326 0.352273
0.592427 0.741384 0.315246
0.794125 0.414349 0.444612
0.972621 0.232397 5.27933e-17
0.88461 0.466331 5.27933e-17
3.36117e-17 0.548921 0.835874
0.640981 0.651938 0.405119
0.915973 0.40124 5.27933e-17
0.691029 0.560024 0.457003
0.613383 0.431727 0.661342
6.12323e-17 1 0
1 4.70372e-17 6.64674e-17
0.815745 0.289978 0.500472
0.291259 0.956644 6.64674e-17
0.525568 0.278127 0.804005
0.818239 6.72802e-17 0.574879
0.470909 0.42645 0.77226
0.271518 0.575125 0.771693
0.617108 2.1165e-17 0.786879
0.746842 6.14096e-17 0.665001
0.881398 4.14585e-17 0.472375
0.920884 0.281752 0.269421
4.33748e-17 0.708364 0.705848
0.281041 0.43533 0.85528
0.28286 0.768101 0.574466
0.959209 7.88716e-17 0.282698
