0.671564 5.74643e-16 0.740947
0.403348 0.462042 0.789827
0.584951 0.703985 0.402786
0.532007 0.788673 0.308162
0.459411 0 0.888224
5.21542e-17 0.851743 0.523959
0.890469 0.455045 0
0.448293 0.661281 0.601449
0.275299 0.50567 0.817624
0.377902 0.889093 0.258273
0.330334 0.943864 0
0.647488 0.601466 0.467972
3.29079e-17 0.537426 0.843311
0.724337 0.549589 0.416279
5.88594e-17 0.961246 0.275691
5.39558e-17 0.881166 0.472808
0.866656 0 0.498906
0.376121 0.736535 0.562182
0.291619 0.791413 0.537237
0.548732 0.277636 0.788551
5.56366e-17 0.908615 0.417635
5.01075e-17 0.818317 0.574767
0.610606 0.334003 0.718055
0.512623 0.69518 0.503927
0.360837 0.627608 0.689858
0.956933 0 0.290309
1 0 0
0.566095 0.628271 0.533677
0.61922 0.735569 0.274782
0.831436 0 0.55562
0.758635 0 0.651515
0.575753 5.56838e-293 0.817624
2.61019e-17 0.426277 0.904593
0.822692 0.568487 0
0.48377 0.875195 0
0.236883 0.971538 0
0.765419 0.4342 0.474979
0.974253 0.225457 0
0.506012 0.579909 0.638481
0.264339 0.918307 0.294681
6.01816e-17 0.98284 0.184462
0.231149 0 0.972918
0.313126 0.575138 0.755757
0.541252 0.840861 0
1.15583e-17 0.188762 0.982023
0.457326 0.331228 0.825313
0.388325 0.281047 0.87762
0.47324 0.764004 0.438568
0.738497 0.674257 0
0.45124 0.529426 0.718394
3.60575e-17 0.588864 0.808232
0.302903 0.865253 0.399484
4.12918e-17 0.674346 0.738416
0.782023 0.623249 0
0.879643 0.274634 0.388335
0.754192 0.593535 0.28091
0.512123 0.413289 0.752942
0.67895 0.654429 0.33279
0.272915 0.298314 0.914618
0.906873 0.321486 0.272448
0.359566 0.812647 0.458604
0.793689 0 0.608323
0.801513 0.287553 0.5243
0.688456 0.28442 0.667183
0.931595 0 0.363498
0.393769 0 0.919209
0.309214 0.699939 0.643795
0.647516 0.762052 0
0.829069 0.355347 0.43171
0.851836 0.426694 0.303822
5.73312e-17 0.936289 0.35123
0.32028 0 0.947323
0.7976 0.499568 0.338032
0.900601 0 0.434646
0.44171 0.835358 0.327214
4.79253e-17 0.782679 0.622425
0.716611 0 0.697473
0.628547 0 0.777771
1.72358e-17 0.281482 0.959567
0.563759 0.473842 0.676498
0.736232 0.342164 0.583854
0.980976 0 0.194129
6.12323e-17 1 0
0.857763 0.514045 0
0.318019 0.405551 0.856967
2.19719e-17 0.358828 0.933404
0.95091 0.309468 0
2.95053e-17 0.481858 0.876249
0.609498 0.536831 0.583373
0.92223 0.386641 0
0.692551 0.486687 0.532456
4.5834e-17 0.748525 0.663106
0.653535 0.421292 0.628812
0.519093 0 0.854718
6.12323e-17 2.76796e-22 1
0.411704 0.911318 0
0.696945 0.717124 0
0.594646 0.803988 9.6475e-151
3.87494e-17 0.632826 0.774294
4.36261e-17 0.712468 0.701704
