0.604754 0.604754 0.518214
0.275576 0.275576 0.920932
0.450675 0.450675 0.770574
0.652279 0.652279 0.386087
0.219061 0.219061 0.950802
0.284322 0.284322 0.915599
0.333773 0.333773 0.881585
0.238693 0.238693 0.941303
0.372079 0.372079 0.850361
0.648322 0.648322 0.399195
0.514567 0.514567 0.685887
0.537768 0.537768 0.649316
0.309643 0.309643 0.899023
0.422948 0.422948 0.801392
0.690599 0.690599 0.214816
0.47723 0.47723 0.737904
0.674451 0.674451 0.300386
0.559671 0.559671 0.611177
0.436942 0.436942 0.786234
0.58544 0.58544 0.560822
0.55432 0.55432 0.620853
0.082387 0.082387 0.993189
0.113316 0.113316 0.987076
0.349324 0.349324 0.869451
0.502432 0.502432 0.70365
0.543349 0.543349 0.639956
4.32978e-17 4.32978e-17 1
0.266621 0.266621 0.926189
0.548882 0.548882 0.630443
0.18757 0.18757 0.964176
0.325843 0.325843 0.887498
0.687569 0.687569 0.233448
0.464126 0.464126 0.754436
0.640175 0.640175 0.42468
0.248162 0.248162 0.936393
0.364581 0.364581 0.856833
0.595228 0.595228 0.539823
0.614014 0.614014 0.495957
0.609418 0.609418 0.507167
0.67787 0.67787 0.28458
0.208842 0.208842 0.95539
0.0643694 0.0643694 0.995848
0.52048 0.52048 0.676906
0.681208 0.681208 0.268162
0.152833 0.152833 0.976363
0.401483 0.401483 0.823178
0.140307 0.140307 0.980116
0.386889 0.386889 0.837039
0.663703 0.663703 0.344959
0.496271 0.496271 0.712342
0.532091 0.532091 0.658603
0.69351 0.69351 0.19516
0.703572 0.703572 0.0998666
0.176429 0.176429 0.968373
0.570206 0.570206 0.591379
0.696278 0.696278 0.174339
0.483652 0.483652 0.729494
0.429972 0.429972 0.793882
0.627396 0.627396 0.461248
0.0428309 0.0428309 0.998164
0.659974 0.659974 0.358982
0.257459 0.257459 0.931359
0.618544 0.618544 0.48457
0.457436 0.457436 0.762565
0.198393 0.198393 0.959834
0.656172 0.656172 0.372662
0.64429 0.64429 0.412046
0.670948 0.670948 0.315686
0.622999 0.622999 0.473015
0.37951 0.37951 0.843768
0.600027 0.600027 0.529089
0.489996 0.489996 0.720977
0.701343 0.701343 0.127415
0.698896 0.698896 0.151952
0.443832 0.443832 0.778477
0.59036 0.59036 0.550409
0.526294 0.526294 0.667855
0.301364 0.301364 0.904632
0.408691 0.408691 0.816054
0.341588 0.341588 0.875577
0.229028 0.229028 0.946093
0.127193 0.127193 0.983689
0.580442 0.580442 0.571116
0.56498 0.56498 0.601328
0.164837 0.164837 0.972449
0.508552 0.508552 0.694802
0.684439 0.684439 0.251171
0.415861 0.415861 0.808776
0.575346 0.575346 0.581338
0.705536 0.705536 0.0666114
0.317807 0.317807 0.893307
0.0984884 0.0984884 0.990253
0.707107 0.707107 0
0.667363 0.667363 0.330536
0.39422 0.39422 0.830169
0.292918 0.292918 0.910164
0.470714 0.470714 0.746229
0.356999 0.356999 0.863194
0.631724 0.631724 0.449277
0.635982 0.635982 0.437098
