0.360531 0.139469
0 0.5
0.250492 0.249508
0.380205 0.119795
0.176692 0.323308
0.454248 0.0457523
0.459268 0.0407317
0.484652 0.0153475
0.320702 0.179298
0.434237 0.0657626
0.160488 0.339512
0.214158 0.285842
0.240277 0.259723
0.155106 0.344894
0.340715 0.159285
0.255591 0.244409
0.33072 0.16928
0.032917 0.467083
0.149741 0.350259
0.097183 0.402817
0.350648 0.149352
0.182063 0.317937
0.144367 0.355633
0.171296 0.328704
0.260696 0.239304
0.26573 0.23427
0.123134 0.376866
0.198181 0.301819
0.028112 0.471888
0.5 0
0.370391 0.129609
0.295717 0.204283
0.409552 0.0904481
0.325706 0.174294
0.0718944 0.428106
0.037692 0.462308
0.449224 0.0507764
0.102329 0.397671
0.052127 0.447873
0.375294 0.124706
0.219415 0.280585
0.0233651 0.476635
0.192807 0.307193
0.107468 0.392532
0.2351 0.2649
0.0186871 0.481313
0.0425046 0.457495
0.280778 0.219222
0.270754 0.229246
0.0870158 0.412984
0.389984 0.110016
0.117881 0.382119
0.44419 0.0558099
0.208851 0.291149
0.0819005 0.4181
0.345695 0.154305
0.469382 0.0306182
0.139034 0.360966
0.315697 0.184303
0.404647 0.0953533
0.0619249 0.438075
0.133713 0.366287
0.394865 0.105135
0.474459 0.0255409
0.429281 0.0707194
0.0768602 0.42314
0.0092707 0.490729
0.203521 0.296479
0.245425 0.254575
0.275786 0.224214
0.224672 0.275328
0.439212 0.0607876
0.112676 0.387324
0.00463718 0.495363
0.399756 0.100244
0.0472972 0.452703
0.092132 0.407868
0.494882 0.00511772
0.385099 0.114901
0.300705 0.199295
0.305694 0.194306
0.479542 0.0204576
0.33572 0.16428
0.285756 0.214244
0.424344 0.0756557
0.128421 0.371579
0.165892 0.334108
0.414461 0.0855389
0.229895 0.270105
0.290738 0.209262
0.0139678 0.486032
0.187423 0.312577
0.36546 0.13454
0.0570061 0.442994
0.464329 0.0356712
0.0668843 0.433116
0.35559 0.14441
0.419396 0.0806042
0.310696 0.189304
0.489759 0.0102406
