0.48014 0.877192
0.623821 0.781567
0.679392 0.733776
0.78081 0.624768
0.0961212 0.99537
0.731621 0.681711
0.523501 0.852025
0.360167 0.932888
0.944461 0.328624
0.652036 0.758188
0.958827 0.28399
0.963316 0.26837
0.274623 0.961552
0.533994 0.845488
0.614227 0.78913
0.81923 0.573465
0.788705 0.614771
0.848034 0.529941
0.917637 0.397419
0.422684 0.906277
0.697171 0.716905
0.544374 0.838842
0.939352 0.342956
0.373172 0.927762
6.12323e-17 1
0.502094 0.864813
0.861743 0.507345
0.512856 0.858475
0.242324 0.970195
0.934126 0.356944
0.874987 0.484147
0.594768 0.803897
0.840994 0.541045
0.574889 0.818232
0.923245 0.384212
0.434525 0.90066
0.258806 0.965929
0.410651 0.911792
0.804186 0.594378
0.833843 0.552002
0.826582 0.562816
0.900066 0.435754
0.811754 0.583999
0.993027 0.117889
0.911881 0.410455
0.979725 0.200345
0.58486 0.811135
0.714568 0.699566
0.723131 0.690711
0.207097 0.97832
0.971851 0.235594
0.995729 0.0923189
0.188063 0.982157
0.954188 0.299209
0.304826 0.952408
0.887774 0.460279
0.868421 0.495827
0.983364 0.181648
0.906068 0.423132
0.990044 0.140759
0.661231 0.750182
0.986813 0.161862
0.796502 0.604636
0.554619 0.832105
0.756609 0.653868
1 0
0.333207 0.942854
0.949411 0.314035
0.446184 0.894941
0.12269 0.992445
0.928746 0.370717
0.670349 0.742046
0.748366 0.663286
0.705916 0.708295
0.975875 0.21833
0.967675 0.252201
0.385917 0.922533
0.764754 0.644322
0.29001 0.957024
0.225162 0.974321
0.346852 0.93792
0.998109 0.0614748
0.45765 0.889132
0.893955 0.448156
0.491167 0.871065
0.56482 0.825214
0.398402 0.917211
0.167928 0.985799
0.881434 0.472307
0.772835 0.634607
0.688322 0.725405
0.633304 0.773903
0.31924 0.947674
0.64272 0.766101
0.604571 0.796551
0.740047 0.672555
0.854953 0.518706
0.468983 0.883207
0.146289 0.989242
0.0641697 0.997939
