0.657328 0.753605
0.997832 0.0658129
0.469876 0.882732
0.458015 0.888944
0.788037 0.615628
0.824303 0.566149
0.119007 0.992893
0.972974 0.230916
0.939741 0.341887
0.52682 0.849977
0.408991 0.912539
0.870796 0.491644
0.700914 0.713246
0.201888 0.979409
0.559364 0.828922
0.810086 0.586311
0.717527 0.696531
0.934528 0.355891
0.733755 0.679414
0.883216 0.468966
0.838072 0.54556
0.709271 0.704936
0.219785 0.975548
0.537813 0.843064
0.912649 0.408745
0.580219 0.814461
0.877045 0.480408
0.356809 0.934177
0.383379 0.923591
0.569889 0.821721
0.0930908 0.995658
0.504478 0.863425
0.481541 0.876423
0.142109 0.989851
0.269479 0.963006
0.648279 0.761403
0.725701 0.68801
1 0
0.831236 0.555919
0.493082 0.869983
0.548658 0.836047
0.515724 0.856755
0.329111 0.944291
0.757498 0.652837
0.977171 0.212453
0.692455 0.721461
0.60046 0.799655
0.91826 0.395979
0.988665 0.150136
0.851473 0.524399
0.923782 0.382918
0.396312 0.918116
0.995122 0.0986545
0.683847 0.729626
0.183184 0.983079
0.421496 0.90683
0.433829 0.900995
0.675135 0.737695
0.949849 0.312708
6.12323e-17 1
0.741739 0.670688
0.446062 0.895002
0.666277 0.745704
0.844825 0.535043
0.629599 0.77692
0.343101 0.939298
0.236929 0.971527
0.944857 0.327483
0.954723 0.297496
0.895266 0.445532
0.780523 0.625127
0.906954 0.421229
0.929202 0.369573
0.37022 0.928944
0.985043 0.172306
0.76526 0.643721
0.300048 0.953924
0.0620706 0.998072
0.610334 0.792144
0.63904 0.769174
0.968621 0.248542
0.590418 0.807098
0.772946 0.634471
0.858015 0.513625
0.314771 0.949168
0.964128 0.265437
0.253452 0.967348
0.284987 0.958531
0.959491 0.281738
0.981193 0.193028
0.864454 0.502711
0.749642 0.661843
0.802825 0.596215
0.163343 0.986569
0.889292 0.457339
0.90116 0.433486
0.81725 0.576283
0.795466 0.605999
0.62002 0.784586
0.992048 0.125857
