0.986305 0.164933
0.982748 0.184952
0.492537 0.870292
0.41362 0.91045
0.47084 0.882219
0.93731 0.348498
0.544815 0.838557
0.123774 0.99231
0.974999 0.222211
0.661564 0.749889
0.789077 0.614294
0.741139 0.671352
0.853557 0.521
0.437153 0.899387
0.425489 0.904964
0.897801 0.440402
0.866705 0.498821
0.732723 0.680527
0.825995 0.563677
0.885628 0.464395
0.715579 0.698532
0.995573 0.0939966
0.909569 0.415552
0.503201 0.86417
0.565089 0.82503
0.833055 0.55319
0.966511 0.256626
0.706815 0.707398
0.35005 0.936731
0.227253 0.973836
0.970837 0.23974
0.749428 0.662086
0.931969 0.362539
0.804158 0.594416
0.524204 0.851593
0.147614 0.989045
0.604584 0.796541
0.189832 0.981817
0.840004 0.542579
0.891745 0.452538
0.957372 0.288859
0.513707 0.857966
0.942532 0.334116
0.307826 0.951443
0.57506 0.818112
0.989646 0.143528
0.860189 0.509976
0.0969947 0.995285
0.92095 0.38968
0.169486 0.985533
0.322301 0.946637
0.277312 0.96078
0.594738 0.803919
0.670769 0.741666
0.724215 0.689574
0.534562 0.845129
0.962021 0.272976
0.0646537 0.997908
0.336402 0.941718
0.873126 0.487495
0.244569 0.969632
0.811544 0.584292
0.20898 0.97792
0.652236 0.758016
0.448568 0.893748
0.926521 0.376244
0.459793 0.888026
0.765622 0.643291
0.998034 0.0626715
0.915305 0.402761
0.554988 0.831858
0.947613 0.319421
0.952575 0.304305
0.781364 0.624075
0.978962 0.204044
0.401526 0.915848
0.642869 0.765976
0.796672 0.604412
0.292786 0.956178
0.481767 0.8763
0.688993 0.724768
0.992759 0.120122
0.614241 0.789119
0.879424 0.47604
0.90373 0.428103
0.36336 0.931649
1 3.03145e-17
0.773551 0.633734
0.633366 0.773853
0.389164 0.921169
0.623798 0.781585
0.679932 0.733275
0.757591 0.652729
0.37639 0.926461
0.584949 0.81107
0.697947 0.716149
0.818836 0.574028
6.12323e-17 1
0.261247 0.965272
0.846839 0.531849
