0.373346 0.927692
0.766295 0.642489
0.861738 0.507353
6.12323e-17 1
0.174587 0.984642
0.301039 0.953612
0.926597 0.376055
0.233756 0.972295
0.835963 0.548786
0.773629 0.633639
0.880333 0.474355
0.399833 0.916588
0.780878 0.624684
0.670146 0.74223
0.743674 0.668543
0.967187 0.254067
0.527014 0.849856
0.215133 0.976585
0.412523 0.910947
0.634706 0.772754
0.616309 0.787504
0.345617 0.938376
0.50562 0.862756
0.251607 0.96783
0.758853 0.651262
0.268716 0.963219
0.728088 0.685484
0.678749 0.73437
0.868017 0.496535
0.952795 0.303616
0.483554 0.875314
0.47224 0.88147
0.962553 0.271092
0.802099 0.597191
0.58777 0.809028
0.735919 0.677069
0.285199 0.958468
0.886388 0.462942
0.976086 0.217384
0.988092 0.153866
0.855394 0.517979
0.957726 0.287682
0.606921 0.794762
0.547835 0.836587
0.57798 0.816051
0.643725 0.765257
0.720133 0.693836
0.87422 0.485529
0.997725 0.0674152
0.0999371 0.994994
0.751311 0.659948
0.494663 0.869085
0.597414 0.801933
0.386779 0.922173
0.809012 0.587792
0.829339 0.558745
0.815871 0.578234
0.460777 0.887516
0.942595 0.333939
0.652642 0.757666
0.898252 0.439481
0.537496 0.843266
0.0666266 0.997778
0.980295 0.197542
0.994873 0.101135
0.424974 0.905206
0.788029 0.615638
1 0
0.449061 0.893501
0.195535 0.980697
0.822636 0.568568
0.695624 0.718406
0.558034 0.829818
0.932054 0.36232
0.984323 0.176376
0.795099 0.60648
0.152098 0.988365
0.842503 0.538692
0.947734 0.319063
0.848998 0.528396
0.904066 0.427392
0.892362 0.45132
0.991641 0.129031
0.921083 0.389367
0.331174 0.94357
0.359684 0.933074
0.971704 0.236202
0.712053 0.702126
0.937376 0.34832
0.516384 0.856357
0.437149 0.899389
0.909818 0.415007
0.915524 0.402263
0.661444 0.749995
0.703883 0.710316
0.316342 0.948645
0.568085 0.82297
0.687247 0.726424
0.127646 0.99182
0.625572 0.780166
