0.799547 0 0.600604
4.90155e-17 0.800483 0.599355
0.655529 0.287581 0.698269
0.645332 0.606232 0.464789
0.264052 0.88165 0.391113
0.462076 0.320892 0.826749
1.34485e-17 5.97372e-17 1
0.579987 0.334057 0.742981
0.366098 0.465217 0.805944
0.584999 0.811034 0
5.70456e-17 0.931625 0.363421
0.545704 0 0.837978
0.787377 0.548632 0.281142
0.443025 0.512548 0.735543
0.288806 0.789389 0.541716
0.41041 0.756729 0.508847
0.526558 0.850139 0
0.947941 0.318447 0
0.43453 0 0.900657
0.730065 0.440996 0.522042
0.593996 0 0.804468
2.28158e-17 0.372611 0.927988
0.195144 0 0.980775
0.372814 0.593832 0.713003
0.499429 0.391927 0.772635
0.832186 0 0.554497
4.19669e-17 0.685372 0.728193
0.445274 0.685021 0.576608
3.64193e-17 0.594772 0.803895
0.754432 0.496834 0.428938
0.290208 0.557574 0.777747
0.679283 0.733877 0
0.520314 0.721998 0.456062
0.50081 0.822868 0.268474
1.85274e-17 0.302576 0.953125
0.939794 0 0.341742
0.699166 0.352107 0.622244
0.291751 0 0.956494
0.231727 0.972781 0
0.619125 0.691772 0.371666
4.43743e-17 0.724688 0.689077
0.327998 0.830005 0.45112
0.906846 0.290687 0.305175
0.799605 0.357137 0.482789
3.32164e-17 0.542465 0.840078
0.77041 0.637548 0
0.482183 0.60341 0.635134
0.66762 0.505858 0.546251
0.375233 0.296894 0.878097
1 0 0
0.538962 0.484313 0.689175
0.983157 0 0.182765
0.638764 0 0.769403
5.51767e-17 0.901104 0.433603
0.312363 0.726434 0.612147
0.493784 0 0.869584
0.721946 0.584209 0.370802
0.280503 0.280095 0.918077
0.728593 0 0.684947
0.765032 0 0.643992
0.45923 0.793665 0.399003
0.462939 0.88639 0
0.852188 0.314619 0.41808
0.86147 0 0.507808
0.920584 0.390544 0
0.693146 0.657643 0.29505
0.871269 0.406114 0.275612
0.320432 0.947271 0
0.973389 0.22916 0
0.622848 0.434215 0.650783
0.887777 0.460274 0
0.88904 0 0.45783
0.759653 0.303839 0.574986
0.572292 0.757385 0.314404
3.0056e-17 0.490852 0.871243
0.63368 0.773595 0
0.821007 0.453593 0.3467
0.915434 0 0.402469
4.67287e-17 0.763138 0.646236
0.812668 0.582726 0
0.29998 0.912789 0.27718
0.402102 0.860389 0.313122
6.00683e-17 0.98099 0.194059
6.12323e-17 1 0
5.11462e-17 0.835281 0.549823
0.585153 0.5539 0.592276
3.94011e-17 0.643469 0.765472
0.685077 0 0.72847
0.961887 0 0.273447
5.8597e-17 0.956961 0.290217
5.31252e-17 0.8676 0.497263
0.322935 0.662379 0.675994
0.307345 0.414192 0.856729
0.72635 0.687325 0
0.851996 0.523549 0
0.556106 0.64588 0.523054
2.6655e-17 0.435309 0.900281
0.367471 0 0.930035
0.395807 0.918334 0
1.35202e-17 0.220801 0.975319
