2.00899e-17 0.719898 4.93389
0.722273 0.764182 3.54456
0.858083 0.715654 3.27262
0.226614 0.657945 4.97807
0.754908 0.856899 2.99443
0.186688 0.858775 3.93696
0.85129 0.0629745 4.21139
0.813624 0.232746 3.96495
0.0634887 0.858725 4.20777
0.743654 0.123999 4.52477
0.856745 0 4.30728
0.857911 0.16013 3.98714
0.241544 0.680596 4.80492
0.799955 0.857172 2.74655
0.858275 0.770419 2.89773
0.216273 0.848846 3.90203
0.699918 0.211392 4.68003
0.220782 0.766674 4.19957
0.718849 0.239534 4.51693
0.853272 0.702092 3.37631
0.166456 4.03884e-17 5.66709
0.785087 0.843106 2.82696
0 0.682948 5.21267
0.132306 0.236425 5.3187
0.136396 0.857941 4.03981
0.689408 0.110236 4.95872
0.858085 0.688388 3.47874
0.244321 0.169518 5.23495
0.727337 0.856816 3.18633
0.655854 0.228 4.99191
1.05426e-17 0.236819 5.57627
0.857956 0.11195 4.09775
0.661091 0.851148 3.6833
0 0.800861 4.43549
0.841281 0.844853 2.63507
2.95049e-17 0.1592 5.68199
0.852383 0.802942 2.73576
0.229963 0.0563834 5.49484
0.220813 0.702792 4.64903
0.0986803 0.215637 5.4135
0.249544 0.859129 3.88025
0.85855 0.82156 2.66896
0 0.855261 4.30768
0.713705 0.858095 3.28722
0.803992 4.03884e-17 4.42256
0.741156 0.850466 3.09035
0.774928 0.705485 3.60674
2.00899e-17 0.0905665 5.84118
0.160934 0.854825 3.98619
0.857132 0.786103 2.8116
0.858769 0.186431 3.93738
0.818628 0.858517 2.67763
0.859115 0.24946 3.88026
0.852288 0.136205 4.04215
0.127751 0.120452 5.52334
0.123701 0.742213 4.53546
0.726557 0 4.88477
0.840149 0.757725 2.99036
0.763375 4.03884e-17 4.63326
0.677769 0.239641 4.82664
0.243198 0.81505 3.95614
0.771107 0.775022 3.15071
0.850473 0.661009 3.68435
0.213575 0.13699 5.32473
0.68846 0.856802 3.4784
0.10489 0 5.8075
0.129178 0.789148 4.23877
0.762011 0.238511 4.21734
0.236823 0.722728 4.48919
0.0893638 0.849468 4.15483
0.0348697 0.858268 4.26093
0.217569 0.215424 5.18092
0 0.758569 4.66352
0.682045 3.82264e-17 5.21945
0.847802 0.216471 3.90274
0.790264 0.136419 4.21636
0.702034 0.840017 3.3899
0.244055 4.03884e-17 5.57398
0.859134 0.859134 2.61401
0.708005 0.715654 3.98862
0.786248 0.241101 4.07839
0.64668 0.857866 3.78151
0.171747 0.244472 5.2306
0.76958 0.858233 2.90269
0.239886 0.74416 4.3345
0.740673 0.224415 4.36719
0.674668 0.85811 3.58157
0.243957 0.0968951 5.40041
0.848147 0.729509 3.1752
0.248507 0.248531 5.14663
0.858685 0.0874523 4.15538
0.0551249 0.244695 5.49135
0.13306 0.694023 4.86951
0.857871 0.646562 3.78232
0.858817 0.0346598 4.26124
0.858112 0.743089 3.07385
0.856814 0.674623 3.5821
0 0 6
0.229963 0.789224 4.06857
0.112212 0.858648 4.09706
