0.0435629 0.456437
0.180152 0.319848
0.237881 0.262119
0.330728 0.169272
0.1076 0.3924
0.217018 0.282982
0.274017 0.225983
0.438207 0.0617929
0.447946 0.0520539
0.346382 0.153618
0.47189 0.0281101
0.341153 0.158847
0.148624 0.351376
0.143445 0.356555
0.0242458 0.475754
0.0387334 0.461267
0.486023 0.0139772
0.413397 0.0866026
0.263755 0.236245
0.403311 0.0966886
0.467145 0.0328546
0.138255 0.361745
0.153856 0.346144
0.481304 0.0186963
0.304837 0.195163
2.60209e-17 0.5
0.0484006 0.451599
0.253456 0.246544
0.222253 0.277747
0.320341 0.179659
0.408346 0.0916539
0.423401 0.0765985
0.127955 0.372045
0.476617 0.0233826
0.0194121 0.480588
0.174866 0.325134
0.325523 0.174477
0.452801 0.0471995
0.102557 0.397443
0.398217 0.101783
0.243079 0.256921
0.117719 0.382281
0.122839 0.377161
0.279147 0.220853
0.310004 0.189996
0.185429 0.314571
0.29968 0.20032
0.382831 0.117169
0.0581041 0.441896
0.362048 0.137952
0.418389 0.0816109
0.377658 0.122342
0.335946 0.164054
0.159067 0.340933
0.0678971 0.432103
0.443114 0.0568861
0.28427 0.21573
0.49535 0.00465035
0.0925557 0.407444
0.033911 0.466089
0.133107 0.366893
0.428359 0.0716407
0.112643 0.387357
0.248275 0.251725
0.258609 0.241391
0.490697 0.00930267
0.0826825 0.417317
0.00971417 0.490286
0.0777486 0.422251
0.462404 0.0375964
0.20654 0.29346
0.268887 0.231113
0.0629999 0.437
0.169584 0.330416
0.5 0
0.0532646 0.446735
0.0290885 0.470911
0.393113 0.106887
0.232682 0.267318
0.211782 0.288218
0.387996 0.112004
0.315165 0.184835
0.433304 0.0666965
0.372465 0.127535
0.190711 0.309289
0.164326 0.335674
0.0145666 0.485433
0.289398 0.210602
0.35161 0.14839
0.367259 0.132741
0.0975414 0.402459
0.201274 0.298726
0.227472 0.272528
0.457598 0.0424025
0.356836 0.143164
0.195993 0.304007
0.0876218 0.412378
0.294528 0.205472
0.0728205 0.427179
0.00485957 0.49514
