0.913957 0.405812
0.346227 0.938151
0.896671 0.442697
0.221672 0.975121
0.143311 0.989678
0.373673 0.927561
0.715514 0.698599
0.779763 0.626075
0.995606 0.0936463
0.723951 0.689851
0.652984 0.757372
0.164712 0.986342
0.584207 0.811605
0.73227 0.681014
1 0
0.624245 0.781228
0.816913 0.576762
0.77211 0.635489
0.497688 0.867356
0.78735 0.616506
0.740468 0.672092
0.706963 0.70725
0.979399 0.201932
0.945119 0.326727
0.908346 0.41822
0.238999 0.97102
0.954481 0.29827
0.0626485 0.998036
0.802297 0.596925
0.992821 0.119606
0.689493 0.724293
0.255652 0.966769
0.975603 0.219541
0.67148 0.741023
6.12323e-17 1
0.958971 0.283505
0.093933 0.995579
0.809653 0.586909
0.94988 0.312614
0.986506 0.163723
0.594369 0.804193
0.662305 0.749234
0.890637 0.454716
0.831168 0.556022
0.40009 0.916476
0.552914 0.833238
0.302722 0.953079
0.643535 0.765416
0.94027 0.340428
0.963331 0.268316
0.794869 0.606781
0.119993 0.992775
0.971652 0.236416
0.43811 0.898921
0.36007 0.932925
0.386988 0.922085
0.486137 0.873882
0.563484 0.826127
0.604443 0.796649
0.998048 0.0624453
0.838181 0.545392
0.858688 0.512499
0.924854 0.380323
0.967563 0.25263
0.878223 0.478252
0.824089 0.56646
0.633948 0.773375
0.184711 0.982793
0.764365 0.644784
0.33204 0.943265
0.98978 0.142601
0.47441 0.880304
0.930133 0.367223
0.520282 0.853995
0.271752 0.962367
0.53132 0.847171
0.412967 0.910746
0.845115 0.534585
0.75651 0.653982
0.748555 0.663072
0.884491 0.466557
0.698294 0.715811
0.462498 0.88662
0.935277 0.353917
0.425651 0.904887
0.573914 0.818915
0.614405 0.788991
0.450389 0.892833
0.919483 0.393129
0.509074 0.860723
0.542201 0.840249
0.317508 0.948256
0.983043 0.183375
0.871826 0.489815
0.865308 0.501241
0.902565 0.430553
0.851952 0.52362
0.203642 0.979045
0.287497 0.957782
0.680532 0.732719
