0.933769 0.357875
0.763996 0.645221
0.857839 0.513918
0.536629 0.843818
0.16862 0.985681
0.62482 0.780769
0.355307 0.93475
0.831005 0.556265
0.851271 0.524726
0.634145 0.773214
0.396624 0.917981
0.705713 0.708498
0.923231 0.384246
0.278851 0.960334
0.747816 0.663906
0.493505 0.869743
0.0640268 0.997948
0.189153 0.981948
0.998013 0.0630111
0.906617 0.421954
0.722828 0.691028
0.882997 0.469379
0.895004 0.446057
0.99269 0.120695
0.995526 0.0944923
0.83787 0.54587
0.975044 0.22201
0.526124 0.850408
0.986227 0.165396
0.989577 0.144004
0.227208 0.973846
0.962453 0.271449
0.422509 0.906359
0.643351 0.765571
0.794987 0.606626
0.912262 0.409606
0.970998 0.239086
0.966798 0.255541
0.245051 0.96951
0.787403 0.616439
0.546965 0.837156
0.679402 0.733767
0.435011 0.900425
0.900862 0.434107
0.12285 0.992425
0.802429 0.596748
0.567162 0.823606
0.809753 0.586771
0.876851 0.480763
0.262227 0.965006
0.670503 0.741907
0.688245 0.725478
1 1.2262e-17
0.504623 0.86334
0.606017 0.795451
0.208578 0.978006
0.409715 0.912214
0.779722 0.626126
0.870604 0.491985
0.978945 0.204122
0.953394 0.301728
0.917796 0.397053
0.771928 0.63571
0.383181 0.923673
0.697015 0.717057
0.824032 0.566543
0.447213 0.894427
0.325948 0.945388
0.515484 0.856899
0.57705 0.816709
0.739581 0.673067
0.928551 0.371204
0.482253 0.876032
0.294979 0.955504
0.889049 0.457812
0.94868 0.316239
0.3408 0.940136
0.731248 0.682112
0.615467 0.788162
0.957987 0.28681
0.864269 0.503031
0.652448 0.757833
0.943833 0.330424
0.938863 0.34429
0.596469 0.802636
0.369416 0.929264
0.557146 0.830415
0.586821 0.809717
0.470792 0.882244
0.714336 0.699803
0.816934 0.576731
6.12323e-17 1
0.0961049 0.995371
0.459138 0.888365
0.844623 0.535362
0.755963 0.654614
0.310663 0.95052
0.146723 0.989178
0.66151 0.749936
0.982679 0.185316
