0.513526 0.513526 0.687445
4.32978e-17 4.32978e-17 1
0.476628 0.476628 0.738682
0.258562 0.258562 0.930748
0.669624 0.669624 0.32126
0.633275 0.633275 0.444888
0.495392 0.495392 0.713563
0.530983 0.530983 0.660389
0.628855 0.628855 0.457256
0.157336 0.157336 0.974931
0.387892 0.387892 0.83611
0.55888 0.55888 0.612623
0.200487 0.200487 0.958963
0.553401 0.553401 0.622491
0.701158 0.701158 0.12944
0.680269 0.680269 0.27289
0.624328 0.624328 0.469498
0.595617 0.595617 0.538963
0.536671 0.536671 0.651129
0.690034 0.690034 0.218415
0.5423 0.5423 0.641734
0.342931 0.342931 0.874527
0.358291 0.358291 0.862122
0.457171 0.457171 0.762883
0.179507 0.179507 0.967241
0.525227 0.525227 0.669532
0.641905 0.641905 0.419424
0.705488 0.705488 0.0676258
0.646081 0.646081 0.406398
0.145711 0.145711 0.978538
0.335094 0.335094 0.880582
0.564304 0.564304 0.602596
0.423299 0.423299 0.801022
0.676816 0.676816 0.289553
0.600592 0.600592 0.527805
0.605493 0.605493 0.516484
0.350663 0.350663 0.868373
0.040596 0.040596 0.998351
0.0934748 0.0934748 0.991224
0.310787 0.310787 0.898233
0.276565 0.276565 0.920339
0.693047 0.693047 0.198425
0.619732 0.619732 0.481523
0.547872 0.547872 0.632196
0.168577 0.168577 0.971166
0.380609 0.380609 0.842777
0.569671 0.569671 0.592409
0.615051 0.615051 0.493382
0.0781428 0.0781428 0.993875
0.650195 0.650195 0.393056
0.230379 0.230379 0.945437
0.69592 0.69592 0.177173
0.673271 0.673271 0.305633
0.463734 0.463734 0.754918
0.409324 0.409324 0.815418
0.610307 0.610307 0.505024
0.489214 0.489214 0.722038
0.220622 0.220622 0.95008
0.318993 0.318993 0.892461
0.239936 0.239936 0.940671
0.580251 0.580251 0.571506
0.0609989 0.0609989 0.996272
0.285328 0.285328 0.914973
0.133529 0.133529 0.982008
0.190116 0.190116 0.963178
0.703464 0.703464 0.101377
0.293961 0.293961 0.909491
0.683634 0.683634 0.25552
0.443823 0.443823 0.778488
0.437045 0.437045 0.78612
0.302438 0.302438 0.903915
0.574992 0.574992 0.582039
0.658197 0.658197 0.365448
0.501505 0.501505 0.704972
0.654237 0.654237 0.379405
0.470229 0.470229 0.74684
0.395101 0.395101 0.829331
0.450537 0.450537 0.770735
0.590581 0.590581 0.549935
0.402231 0.402231 0.822447
0.120913 0.120913 0.985272
0.365819 0.365819 0.855776
0.698633 0.698633 0.15435
0.707107 0.707107 0
0.373252 0.373252 0.849333
0.210642 0.210642 0.9546
0.249321 0.249321 0.935777
0.50755 0.50755 0.696265
0.482961 0.482961 0.730409
0.267654 0.267654 0.925593
0.519396 0.519396 0.678568
0.686892 0.686892 0.237399
0.41635 0.41635 0.808273
0.327117 0.327117 0.88656
0.665891 0.665891 0.336422
0.430204 0.430204 0.793631
0.662078 0.662078 0.351149
0.637642 0.637642 0.432234
0.107607 0.107607 0.988353
0.585452 0.585452 0.560795
