2.43451e-17 0.397586 0.917565
0.747777 2.41324e-17 0.66395
1.95913e-17 0.31995 0.947435
0.383998 1.23925e-17 0.923334
0.477239 0.693908 0.539198
0.539103 0.604699 0.586265
0.302487 0.796317 0.523814
3.9718e-17 4.66034e-17 1
0.450275 0.89289 7.08805e-17
0.557993 0.829846 7.08805e-17
0.350106 0.296514 0.888541
0.596136 0.746186 0.296358
1.39613e-17 0.228006 0.97366
3.57413e-17 0.5837 0.811969
0.70337 2.26993e-17 0.710824
0.83545 0.46597 0.291368
0.265275 0.858008 0.439832
5.61841e-17 0.917556 0.397606
0.224293 0.974522 0
0.834361 0.28342 0.472774
0.389453 0.921046 7.08805e-17
0.285504 0.550248 0.784675
0.779769 0.265932 0.566781
0.866364 0.32467 0.379476
0.506136 0.862454 0
0.303427 1.77503e-17 0.952855
0.33379 0.610956 0.717856
0.88925 0.380121 0.254445
0.94493 0.327273 7.08805e-17
1 0 0
0.780084 0.544796 0.307678
5.98712e-17 0.97777 0.209679
0.253258 0.932353 0.258026
0.389759 0.82518 0.408859
0.971709 0.236181 0
0.567799 0.51327 0.643552
0.471037 0.562158 0.679782
0.650777 0.759269 7.08805e-17
3.22643e-17 0.526916 0.849917
0.808077 0.589076 7.08805e-17
3.8959e-17 0.636249 0.771484
4.45388e-17 0.727373 0.686242
0.72048 0.296182 0.627044
0.499527 0.360814 0.787582
0.449042 1.44916e-17 0.89351
0.282911 0.414221 0.865091
0.981717 0 0.190349
0.341786 0.735646 0.584814
0.790399 2.5508e-17 0.612592
0.73246 0.68081 0
0.878825 0.477144 7.08805e-17
0.541406 0.439748 0.71659
2.84975e-17 0.4654 0.885101
0.202854 6.54655e-18 0.979209
0.913497 0.406846 0
4.72081e-17 0.770967 0.636876
0.693255 0.720692 7.08805e-17
0.631091 0.475038 0.61324
0.717708 0.600165 0.353124
0.763735 0.386511 0.517027
0.508396 1.64071e-17 0.861124
0.507655 0.796105 0.329399
0.605871 0.795563 0
0.844683 0.535266 7.08805e-17
0.899184 5.26017e-17 0.43757
0.769708 0.638396 0
5.81485e-17 0.949637 0.313352
0.916788 0.261517 0.301842
4.96057e-17 0.810122 0.586262
5.4109e-17 0.883667 0.468117
0.282335 0.693163 0.663183
0.548151 0.723977 0.418793
0.659405 3.85748e-17 0.751788
0.420211 0.651625 0.631512
0.658891 0.548849 0.514419
0.698683 0.432294 0.570056
0.958613 3.09366e-17 0.284711
0.866078 2.79503e-17 0.499909
0.612652 1.97717e-17 0.790353
0.640242 0.628279 0.441992
5.18397e-17 0.846606 0.53222
0.359379 0.453269 0.815717
0.428574 0.500769 0.752034
0.439531 0.76362 0.472966
4.1663e-17 0.680409 0.732833
0.930532 3.00304e-17 0.36621
0.804074 0.427485 0.413184
0.444482 0.308716 0.84091
0.736281 0.503093 0.452534
0.592528 0.305901 0.745208
0.435133 0.853429 0.286911
0.562951 1.81677e-17 0.82649
0.576527 0.652799 0.491396
0.32086 0.890056 0.323804
6.12323e-17 1 7.08805e-17
0.665131 0.675722 0.317806
0.313765 0.949501 7.08805e-17
0.255647 0.263686 0.930115
0.65049 0.344357 0.676964
0.830185 2.67919e-17 0.557487
