2.68299e-17 0.438165 0.898894
0.278002 0.922839 0.266615
0.515508 0.675991 0.526582
6.12323e-17 1 7.00308e-17
4.65686e-17 0.760522 0.649312
0.565127 0.825004 0
0.707733 0.70648 0
3.05513e-17 0.498941 0.866636
0.334765 0.773311 0.538444
1.3619e-17 0.222415 0.974952
0.617704 0.735943 0.277183
2.29971e-17 0.375571 0.926794
0.866781 0.282581 0.4109
3.75475e-17 4.83693e-17 1
6.00755e-17 0.981107 0.193467
0.484457 0.480445 0.731077
0.460421 0.744176 0.483957
4.08411e-17 0.666985 0.745071
0.35102 0.550652 0.757342
0.536637 0.536144 0.651591
5.13294e-17 0.838273 0.54525
0.586348 0.419565 0.692936
3.42361e-17 0.559119 0.829088
5.70311e-17 0.931389 0.364026
0.947149 7.77714e-18 0.320795
0.48711 3.99971e-18 0.873341
0.750332 0.661062 0
0.290163 0.73563 0.61209
0.430142 3.53194e-18 0.902761
0.28567 2.34567e-18 0.958328
0.754687 0.425767 0.499169
0.726583 5.96605e-18 0.687078
0.32371 0.946156 0
0.231874 0.972746 0
0.432842 0.422562 0.796297
0.70237 0.611118 0.364981
5.33775e-17 0.87172 0.490004
0.898072 0.439848 0
3.76527e-17 0.614914 0.788594
0.27976 0.635934 0.719251
0.411806 0.809186 0.419087
0.791882 0.488333 0.36668
4.91349e-17 0.802434 0.59674
0.584927 0.581182 0.565763
0.885307 0 0.465007
4.38279e-17 0.715764 0.698342
0.292786 0.834276 0.467182
0.29254 0.283668 0.91321
0.926649 0.258404 0.273035
0.917323 7.53223e-18 0.398145
0.351116 0.677667 0.646131
0.472599 0.639525 0.606348
0.678925 0.350507 0.64514
0.980327 0.197383 0
0.525602 0.782092 0.334775
0.589068 4.8369e-18 0.808084
0.53983 0 0.841774
0.639583 0.285902 0.713578
0.928251 0.371955 0
0.955466 0.2951 0
0.445551 0.845007 0.295715
0.472309 0.29663 0.830021
0.679433 0.502825 0.534357
0.610507 0.792011 0
0.791888 0.610666 0
0.811022 6.65939e-18 0.585015
0.191007 0 0.981589
0.633607 5.20261e-18 0.773655
0.973321 0 0.229448
0.818647 0.353395 0.452691
0.302975 0.445668 0.842369
0.425094 0.588701 0.687551
0.791557 0.27344 0.546506
0.76657 0.575816 0.284265
0.850503 6.98357e-18 0.525971
0.36244 2.97603e-18 0.932007
0.548054 0.333215 0.767206
0.51457 0.857448 0
0.362119 0.334885 0.869898
0.668114 0.676375 0.310064
0.660707 0.750644 0
0.625669 0.626201 0.4652
0.460266 0.887781 0
1 0 0
0.865317 0.501224 0
5.528e-17 0.902791 0.430079
0.842946 0.441363 0.307637
0.735898 0.319354 0.597049
0.270262 0.522779 0.808493
0.571316 0.708304 0.414613
0.6816 5.59669e-18 0.731725
0.635792 0.468449 0.613452
0.401362 0.91592 0
0.888251 0.35891 0.286696
0.830748 0.556649 0
0.329401 0.878226 0.346718
0.721963 0.535149 0.438616
5.86102e-17 0.957178 0.2895
1.87162e-17 0.305658 0.952141
0.768745 6.31224e-18 0.639556
