0.164424 0.175649 1.01575
0.628734 0.671657 0.493153
0.581257 0.544112 0.675064
0.492533 0.526157 0.755116
0.191851 0.204948 1.00539
0.757618 0.709202 0.112589
0.738757 0.691547 0.256182
0.101012 0.0945564 1.03464
0.600597 0.641598 0.563262
0.646363 0.690488 0.441668
0.285778 0.267516 0.967675
0.637513 0.596773 0.571899
0.373824 0.399344 0.88905
0.402129 0.429581 0.862196
0.692281 0.739541 0.251905
0.404438 0.378593 0.884718
0.212209 0.226696 0.996597
0.14636 0.156351 1.02165
0.4349 0.407108 0.857178
0.429343 0.458653 0.833625
0.65844 0.616362 0.525532
0.139159 0.130266 1.0263
0.504402 0.538836 0.738149
0.388112 0.414608 0.875842
0.0525058 0.0491504 1.04137
0.752053 0.703993 0.16864
0.248606 0.265578 0.978413
0.648085 0.606669 0.549152
0.698589 0.74628 0.211348
0.47826 0.447697 0.812689
0.304231 0.284789 0.957062
0.637681 0.681214 0.467911
0.322103 0.301519 0.946026
0.388713 0.363873 0.897846
0.678445 0.635089 0.475399
0.745708 0.698054 0.215103
0.615693 0.576347 0.615123
0.231343 0.247137 0.987438
0.35923 0.383753 0.901841
0.71508 0.669383 0.360855
0.549487 0.586999 0.665677
4.3877e-17 4.64786e-17 1.04385
0.626714 0.586664 0.593871
0.518922 0.48576 0.764451
0.449668 0.420932 0.84276
0.569319 0.532937 0.69389
0.59082 0.631154 0.584983
0.604444 0.565817 0.63571
0.570587 0.60954 0.626514
0.313743 0.335161 0.937476
0.678313 0.72462 0.323182
0.297971 0.318313 0.94843
0.580808 0.620458 0.606072
0.592969 0.555075 0.655675
0.35608 0.333325 0.922893
0.704326 0.752409 0.165636
0.685525 0.732325 0.288764
0.731297 0.684563 0.29361
0.619589 0.661887 0.517344
0.265416 0.283535 0.968913
0.34439 0.3679 0.914152
0.697381 0.652815 0.420859
0.48034 0.513132 0.77175
0.67081 0.716605 0.355135
0.1131 0.120821 1.03065
0.53858 0.575347 0.684498
0.505668 0.473354 0.780939
0.281878 0.301121 0.958906
0.709342 0.757767 0.11069
0.706394 0.661252 0.391641
0.223845 0.209541 0.997805
0.61021 0.651868 0.540686
0.0789021 0.0738599 1.03824
0.527437 0.563443 0.702831
0.415836 0.444224 0.84816
0.442521 0.472731 0.818737
0.544636 0.509831 0.730118
0.762064 0.713364 4.43969e-17
0.713364 0.762064 8.94808e-17
0.3292 0.351673 0.926058
0.560137 0.598376 0.646391
0.37257 0.348761 0.910597
0.266803 0.249753 0.977788
0.531902 0.497911 0.747525
0.654821 0.699524 0.414132
0.468026 0.499976 0.787785
0.723401 0.677172 0.328264
0.245668 0.229968 0.988125
0.419828 0.392999 0.871163
0.557117 0.521514 0.712231
0.516026 0.551254 0.72074
0.200576 0.187758 1.00705
0.455434 0.486525 0.803432
0.68806 0.64409 0.448722
0.492132 0.460682 0.796999
0.662959 0.708217 0.385413
0.181596 0.169991 1.01378
0.339255 0.317575 0.934709
0.668564 0.625839 0.500976
0.464131 0.434471 0.827917
