0.186818 0.186818 0.964468
0.528696 0.528696 0.664049
0.61846 0.61846 0.484784
0.573519 0.573519 0.584937
0.676352 0.676352 0.29171
0.584014 0.584014 0.563787
0.143216 0.143216 0.979275
0.22622 0.22622 0.947443
0.0400026 0.0400026 0.998399
0.522803 0.522803 0.673316
0.383145 0.383145 0.840476
0.0769083 0.0769083 0.994068
0.253792 0.253792 0.93337
0.698545 0.698545 0.155143
0.206974 0.206974 0.956203
0.131347 0.131347 0.982597
0.262653 0.262653 0.928454
4.32978e-17 4.32978e-17 1
0.467009 0.467009 0.750869
0.154635 0.154635 0.975795
0.235587 0.235587 0.942867
0.705472 0.705472 0.0679579
0.63647 0.63647 0.435674
0.589163 0.589163 0.552968
0.28843 0.28843 0.913026
0.540292 0.540292 0.645112
0.118949 0.118949 0.98575
0.397946 0.397946 0.826606
0.66132 0.66132 0.353995
0.65736 0.65736 0.36845
0.627611 0.627611 0.460662
0.390585 0.390585 0.833598
0.608973 0.608973 0.508237
0.375633 0.375633 0.847231
0.24477 0.24477 0.938177
0.645047 0.645047 0.409669
0.599236 0.599236 0.53088
0.578809 0.578809 0.574422
0.405231 0.405231 0.819497
0.498637 0.498637 0.709029
0.703428 0.703428 0.101875
0.534523 0.534523 0.654653
0.568165 0.568165 0.595296
0.305046 0.305046 0.902161
0.486184 0.486184 0.72612
0.368108 0.368108 0.853811
0.604137 0.604137 0.51965
0.49244 0.49244 0.717639
0.060088 0.060088 0.996383
0.197 0.197 0.960407
0.557211 0.557211 0.615656
0.105879 0.105879 0.988726
0.632079 0.632079 0.448276
0.649224 0.649224 0.396253
0.279969 0.279969 0.918278
0.447142 0.447142 0.77468
0.683319 0.683319 0.257194
0.623073 0.623073 0.472821
0.329252 0.329252 0.884978
0.692888 0.692888 0.199534
0.440368 0.440368 0.782401
0.296803 0.296803 0.907643
0.344967 0.344967 0.872924
0.479861 0.479861 0.734484
0.0919616 0.0919616 0.991507
0.321281 0.321281 0.890818
0.562724 0.562724 0.605544
0.35275 0.35275 0.86668
0.516852 0.516852 0.682442
0.271372 0.271372 0.923425
0.360465 0.360465 0.860308
0.313185 0.313185 0.896566
0.337153 0.337153 0.879008
0.640796 0.640796 0.422801
0.545998 0.545998 0.63543
0.672717 0.672717 0.308064
0.679885 0.679885 0.274795
0.613758 0.613758 0.496589
0.653328 0.653328 0.382525
0.165655 0.165655 0.972171
0.504771 0.504771 0.700294
0.426598 0.426598 0.797514
0.412444 0.412444 0.812268
0.701099 0.701099 0.130075
0.689828 0.689828 0.219713
0.510844 0.510844 0.691431
0.41957 0.41957 0.804936
0.453843 0.453843 0.766846
0.594228 0.594228 0.54202
0.551634 0.551634 0.62562
0.216709 0.216709 0.951879
0.460483 0.460483 0.758888
0.669008 0.669008 0.323817
0.686636 0.686636 0.238878
0.665209 0.665209 0.339108
0.176399 0.176399 0.968384
0.707107 0.707107 7.69783e-17
0.433535 0.433535 0.789997
0.473467 0.473467 0.742737
0.6958 0.6958 0.178114
