4.06675e-17 0.66415 0.747599
0.315773 2.71203e-17 0.948835
0.670099 0.381264 0.636872
0.935718 0.352748 0
0.418282 0.908317 0
0.778496 0 0.627649
3.47759e-17 0.567934 0.823074
0.301682 0.601802 0.739475
0.712419 0.440415 0.546346
1.8708e-17 0.305525 0.952184
0.909643 0.415391 0
0.351509 0.518157 0.779715
5.24797e-17 0.857058 0.51522
0.587729 0.713111 0.382161
0.277656 0.96068 0
5.0278e-19 6.12303e-17 1
1.24978e-17 0.204104 0.978949
4.33485e-17 0.707936 0.706277
0.898119 0.310087 0.311815
0.845767 0.533553 0
0.778019 0.628241 5.92265e-17
3.78151e-17 0.617567 0.786518
0.633699 0.643555 0.429258
0.455715 3.91393e-17 0.890126
0.982106 0.188327 0
2.36826e-17 0.386766 0.922178
0.489557 0.596644 0.635886
0.59416 0.607886 0.526734
0.56774 4.87607e-17 0.823208
0.567094 0.482192 0.667754
0.352083 0.935969 5.92265e-17
0.757246 0.483049 0.439593
0.84345 0 0.537208
1 0 0
4.81417e-17 0.786213 0.617956
0.905325 0 0.42472
0.269732 0.876584 0.398553
0.479049 0.731317 0.485478
0.823497 0.407104 0.395118
0.736448 0.308753 0.601927
0.507032 0.444563 0.738432
0.616603 0.787274 0
0.789635 0.340006 0.510758
0.85523 0.437887 0.277195
3.13605e-17 0.512156 0.858892
0.875521 1.26045e-17 0.48318
0.954021 1.37346e-17 0.299739
5.96474e-17 0.974115 0.226052
0.812961 0 0.582319
0.741878 0 0.670535
0.435546 0.410265 0.801238
0.494664 0.293908 0.817878
0.473559 0.880762 5.92265e-17
0.439556 0.553991 0.707025
0.702352 0.71183 0
6.12323e-17 1 5.92265e-17
2.76566e-17 0.451666 0.892187
0.330221 0.660592 0.67422
0.471357 0.815791 0.335123
0.616922 5.29847e-17 0.787024
0.66268 0 0.748903
0.302193 0.825457 0.476761
0.672078 0.68006 0.292967
0.9759 1.40496e-17 0.218219
0.930834 1.34008e-17 0.365442
5.81572e-17 0.94978 0.312919
0.555544 0.770432 0.312739
0.422296 0.791668 0.441507
0.514339 0 0.857587
0.572113 0.820175 0
0.323121 0.763465 0.559209
0.397907 0.864225 0.307871
0.681663 0.551395 0.480937
0.391662 3.36381e-17 0.920109
0.703254 0 0.710939
5.45914e-17 0.891545 0.452932
0.389292 0.697949 0.601099
0.293441 0.458471 0.838866
0.658762 0.752351 0
0.622842 0.515255 0.58871
5.65273e-17 0.923161 0.384413
0.525004 0.8511 0
0.854607 0.28483 0.434188
0.516779 0.657079 0.548806
0.568158 0.307351 0.763369
4.58336e-17 0.748519 0.663113
0.301736 0.351349 0.88629
5.03155e-17 0.821715 0.569899
0.260501 0.257869 0.930399
0.812948 0.582336 0
0.878928 0.476955 0
0.185831 0.982582 0
0.409184 0.287609 0.865938
0.791948 0.5267 0.308877
0.724456 0.59711 0.344417
0.743502 0.668733 0
0.294343 0.91502 0.275865
0.628743 0.33586 0.701342
0.226127 1.94211e-17 0.974098
0.959552 0.281531 0
