0.865988 0.500064
0.903782 0.427992
0.921414 0.388582
0.672437 0.740155
0.824431 0.565963
0.0614071 0.998113
0.932688 0.360685
0.556802 0.830645
0.617049 0.786924
0.715292 0.698825
0.838737 0.544537
0.817156 0.576417
0.968256 0.249961
0.981146 0.193267
0.307697 0.951484
0.411123 0.91158
6.12323e-17 1
0.756083 0.654476
0.535745 0.84438
0.731838 0.681479
1 0
0.689884 0.72392
0.997846 0.0655944
0.626611 0.779332
0.809799 0.586708
0.16106 0.986945
0.279098 0.960263
0.97705 0.213012
0.885316 0.46499
0.748072 0.663617
0.458139 0.888881
0.480933 0.876757
0.87254 0.488543
0.54633 0.83757
0.763986 0.645233
0.587483 0.809236
0.739983 0.672626
0.663548 0.748133
0.963593 0.267372
0.985036 0.172351
0.577376 0.816478
0.845712 0.533639
0.68123 0.73207
0.972744 0.231881
0.927106 0.3748
0.140247 0.990116
0.373982 0.927436
0.771776 0.635894
0.779519 0.626379
0.525032 0.851083
0.636025 0.771668
0.434922 0.900468
0.95878 0.28415
0.198759 0.980048
0.514185 0.857679
0.092054 0.995754
0.909752 0.415152
0.361273 0.93246
0.232736 0.97254
0.216101 0.976371
0.953802 0.300436
0.706895 0.707318
0.859334 0.511415
0.469606 0.882876
0.787224 0.616667
0.897727 0.440551
0.335031 0.942207
0.938161 0.3462
0.948712 0.316141
0.503236 0.864149
0.83163 0.555331
0.645308 0.763922
0.117546 0.993067
0.943498 0.331378
0.878982 0.476854
0.698436 0.715673
0.348268 0.937395
0.915636 0.402009
0.398904 0.916992
0.56715 0.823615
0.4921 0.870539
0.29357 0.955938
0.446622 0.894723
0.654481 0.756079
0.321512 0.946906
0.248696 0.968581
0.995149 0.0983746
0.597463 0.801897
0.423021 0.90612
0.988685 0.150006
0.852579 0.522599
0.802364 0.596835
0.794858 0.606795
0.386548 0.922269
0.891559 0.452904
0.180463 0.983582
0.992068 0.125704
0.723599 0.690221
0.264117 0.964491
0.607324 0.794455
