0.794203 2.46499
0.778454 2.54492
0.725634 2.89153
0.747404 2.73719
0.669635 3.31163
0.753911 2.69371
0.822167 2.36022
0.208807 3.59864
0.684612 3.20015
0.641424 3.50974
0.127654 3.75322
0.045218 3.93609
0.180682 3.64021
0.251132 3.5732
0.728654 2.86946
0.0167054 3.98068
0.076365 3.8733
0.737903 2.80307
0.734788 2.82521
0.696347 3.11139
0.236737 3.5763
0.194047 3.61833
0.0315446 3.95921
0.771121 2.58656
0.750642 2.71537
0.707946 3.02352
0.807288 2.40962
0.678669 3.24472
0.0086591 3.99064
0.859341 2.307
0.133283 3.73998
0.0384981 3.94784
0.722636 2.91361
0.150409 3.70094
0.174344 3.65177
0.226091 3.58236
0.0995149 3.82024
0.138951 3.72681
0.217009 3.58995
0.156234 3.68829
0.790132 2.48433
0.10518 3.80681
0.774743 2.56566
0.764065 2.62899
0.122045 3.76654
0.760631 2.65042
0.690496 3.15573
0.757249 2.67199
0.705046 3.04545
0.786144 2.50419
0.802774 2.42752
0.811989 2.3924
0.681651 3.22241
0.0642992 3.89908
0.651013 3.44468
0.654172 3.42268
0.798408 2.44605
0.78225 2.52442
0.827718 2.34572
0.675668 3.26708
0.647836 3.46653
0.73171 2.84731
0.0243023 3.97018
0.657306 3.40061
0.693428 3.13352
0.699242 3.08944
0.0703803 3.88628
0.66042 3.37844
0.8485 2.31165
0.638184 3.53108
0.719673 2.93557
0.71379 2.97951
0.767582 2.60756
0.672658 3.28938
0.816943 2.37584
0.201207 3.60815
0.702147 3.06741
0.666589 3.3339
0.0880548 3.84697
0.168177 3.66366
0.0938107 3.83364
0.716711 2.95764
0.710861 3.00154
0.663508 3.35624
0.187235 3.62904
0.833777 2.33245
0.0822452 3.8602
0.744201 2.7591
0.0580853 3.91168
0.687559 3.17793
0.644638 3.48824
0.110814 3.79337
0.144652 3.7138
5.55112e-17 4
0.0517387 3.92402
0.741031 2.78109
0.16215 3.67585
0.63492 3.55223
0.84055 2.32084
0.116438 3.77993
