0.752 0.210853 4.30264
0.844659 0.735209 3.13768
0.718612 0.858021 3.25054
0.0498515 0.228585 5.50824
0.858825 0.0329152 4.26405
0.777652 0.699907 3.63374
0.704416 0.8525 3.3591
0.747027 0.856667 3.04705
0.858049 0.662435 3.67106
0.236653 0.654888 4.994
0.858458 0.818926 2.67673
0.754031 0.753752 3.38768
0.661762 0.850292 3.67907
0.238693 0.0917848 5.41389
0.859092 0.859092 2.61402
0 0.243699 5.57406
0.711663 0.232394 4.5739
0.248604 0.248622 5.14662
0.796299 0.858277 2.76247
0.196313 0.734271 4.44389
0.762625 0.858104 2.94499
0.150005 0.855966 4.0093
0.127495 0.782761 4.27532
0.856276 0.647317 3.77747
0.243273 0.817991 3.94671
0.788043 1.82723e-18 4.49462
0.840355 0.843371 2.63816
0.855265 0.765045 2.93064
0.674993 0.226765 4.85397
0.85912 0.249515 3.88025
0.858167 0.0612481 4.21239
0.770212 0.241257 4.16659
0.850485 0.135305 4.04537
2.43098e-17 0.855426 4.30762
0.856414 0.0868729 4.15704
0.731313 0.24085 4.42498
0.0691814 0.85798 4.19592
0.241992 0.771058 4.16141
0.694563 0.208896 4.72346
0.857906 0.158571 3.99041
0.159217 0 5.68196
3.58238e-17 0.801928 4.43102
0.733389 0.843935 3.15157
0.148836 0.146176 5.41479
0.858008 0.720405 3.23721
0.817346 0.243307 3.94872
0.0382215 0.858737 4.25533
0.851567 1.82723e-18 4.30941
0.646932 0.857798 3.77981
0.653926 0.236533 5.0008
0.699976 0.0920174 4.92169
0.797839 0.111395 4.24054
0.208087 0.675742 4.86601
0.0854018 0.245033 5.42683
0.746174 0.104089 4.55497
0.241606 0.693646 4.70645
0.853786 0.70594 3.34693
0.230728 0.207495 5.17952
0.151976 0.238182 5.27322
0.690112 0.8569 3.46588
0.67571 0.858054 3.57384
0.0905737 0 5.84116
0.178342 0.858667 3.95142
0.816248 0.857285 2.68524
0.245325 0.0505487 5.5
0.858187 0.781567 2.83512
0.793629 0.2197 4.05514
0.234062 1.82723e-18 5.57753
0.122732 0.858616 4.07194
0.685516 1.82723e-18 5.19334
0.214656 0.795037 4.05342
0.712365 0.712682 3.97806
0.244659 0.164954 5.24397
2.43098e-17 0.72348 4.90738
0.858671 0.111179 4.09953
0.858751 0.184797 3.94012
0.735738 1.82723e-18 4.81843
0.851698 0.799415 2.751
0.78514 0.78429 3.02305
0.0972922 0.849201 4.13656
0.851281 0.214634 3.90188
0.858001 0.691381 3.45611
0.779127 0.851236 2.85085
0.2492 0.859077 3.88027
0.111143 0.108867 5.59061
0.235078 0.713983 4.55511
1.15425e-17 0.0997246 5.81975
0.121132 0.224538 5.35222
1.47566e-17 0.686664 5.18468
0.210317 0.852563 3.90575
0.228044 0.129383 5.33015
0.858056 0.749246 3.03181
1.15425e-17 0.163561 5.67295
0.187321 0.245812 5.20255
0.699976 0.778446 3.62884
0.127358 0.707844 4.77822
0.84965 0.677204 3.56638
0.235111 0.749648 4.29905
2.43098e-17 0.761086 4.64755
1.15425e-17 0 6
