0.495183 0.868789
0.571618 0.82052
0.591867 0.806035
0.952074 0.305867
0.459364 0.888248
0.408489 0.912763
0.84064 0.541594
0.0962235 0.99536
0.799468 0.600708
0.986048 0.166461
0.860232 0.509902
0.639605 0.768704
0.866605 0.498994
1 0
0.611445 0.791287
0.897458 0.441099
0.700533 0.71362
0.914933 0.403605
0.189105 0.981957
0.683746 0.72972
0.748117 0.663566
0.381662 0.924302
0.675192 0.737642
0.550771 0.834657
0.293896 0.955837
0.770582 0.637341
0.853782 0.520631
0.879159 0.476529
6.12323e-17 1
0.777913 0.628372
0.666478 0.745525
0.716836 0.697242
0.630366 0.776298
0.64871 0.761036
0.956867 0.290526
0.309437 0.95092
0.27797 0.96059
0.763171 0.646197
0.244475 0.969656
0.367811 0.929901
0.168591 0.985686
0.226833 0.973934
0.339319 0.940671
0.26149 0.965206
0.540049 0.841634
0.931527 0.363671
0.146734 0.989176
0.997994 0.06331
0.60174 0.798692
0.885366 0.464895
0.0641328 0.997941
0.942051 0.33547
0.518032 0.855361
0.529167 0.848517
0.903361 0.428882
0.395195 0.918597
0.732693 0.68056
0.920556 0.39061
0.785172 0.619278
0.208371 0.97805
0.970389 0.241547
0.961526 0.274715
0.872926 0.487852
0.447 0.894534
0.324563 0.945864
0.353735 0.935346
0.483429 0.875383
0.813511 0.581549
0.724798 0.688961
0.966043 0.258381
0.947127 0.32086
0.978602 0.205762
0.708749 0.705461
0.806523 0.591203
0.833953 0.551836
0.621016 0.783798
0.974588 0.224006
0.992617 0.121293
0.755692 0.654927
0.740452 0.672109
0.792338 0.610082
0.98242 0.186684
0.936851 0.349728
0.827202 0.561904
0.995484 0.0949259
0.421559 0.906801
0.506722 0.86211
0.989462 0.144794
0.891452 0.453116
0.909205 0.416349
0.657643 0.753329
0.434387 0.900726
0.561252 0.827645
0.820387 0.571809
0.122914 0.992417
0.926089 0.377304
0.69219 0.721715
0.471522 0.881854
0.581806 0.813328
0.847247 0.531198
