2.55287e-17 0.416916 0.908945
0.289136 0.8881 0.357322
4.87478e-17 3.70548e-17 1
0.319761 0 0.947498
0.656736 0.367124 0.658724
0.673784 0.738929 0
0.847237 0.531215 0
0.603952 0.322691 0.728775
0.475054 0.712649 0.516193
3.86628e-17 0.631411 0.775449
0.325912 0.7441 0.583178
0.528391 0.629599 0.569568
0.732252 0.30618 0.608326
0.708066 0 0.706146
0.905121 0.26776 0.330244
0.345175 0.492325 0.799043
0.682497 0.545812 0.486093
4.40697e-17 0.719712 0.694273
0.386371 0.922343 0
0.908728 0.417389 0
0.483456 0.58266 0.653282
0.711177 0.703013 0
0.974358 0 0.225003
0.935859 0.352374 1.07508e-198
0.959278 0.282464 0
5.10595e-17 0.833864 0.55197
0.617028 0.723837 0.308764
0.546914 0.837189 0
5.85959e-17 0.956944 0.290274
0.748705 0 0.662903
0.634392 0.773012 0
5.69781e-17 0.930524 0.366232
0.311847 0.950132 0
0.836765 0.470077 0.280805
0.224018 0.974585 0
4.15551e-17 0.678647 0.734465
3.55725e-17 0.580943 0.813944
0.396157 0 0.918183
0.845548 0.299409 0.442044
0.568574 0 0.822632
0.890344 0 0.455289
0.551641 0.465202 0.6923
0.673282 0.656695 0.339769
5.32403e-17 0.869479 0.493969
0.422215 0.778488 0.464425
0.537039 0.755406 0.375435
0.950684 0 0.310162
0.280447 0.80678 0.520053
2.16211e-17 0.3531 0.935586
0.600792 0.513049 0.61305
0.427726 0.537954 0.726399
0.486576 0.424022 0.763839
0.77817 0.628054 0
0.782745 0.538526 0.311931
0.782554 0.337886 0.522917
6.00675e-17 0.980977 0.194124
0.486444 0.813354 0.319104
0.750468 0.479738 0.454587
5.51861e-17 0.901257 0.433284
0.288718 0.590664 0.753497
0.229735 0 0.973253
0.665826 0 0.746107
0.74547 0.66654 0
0.922 2.24912e-225 0.387191
3.27231e-17 0.534409 0.845226
0.813166 0.582032 0
0.857953 0 0.513727
4.64646e-17 0.758824 0.651295
0.362247 0.307103 0.880037
0.823196 0 0.567758
0.981998 0.188891 0
0.879113 0.476614 0
0.536146 0.286456 0.794034
0.592827 0.80533 0
0.620903 0 0.783888
0.581276 0.67737 0.450875
0.278086 0.267423 0.92258
0.787048 0 0.616891
0.411209 0.863331 0.292518
0.444114 0.89597 0
0.811992 0.420476 0.404808
0.456888 0 0.889524
0.512702 0 0.858567
1.15275e-17 0.188259 0.982119
0.436216 0.349499 0.829196
6.12323e-17 1 0
0.334806 0.645363 0.686595
0.497316 0.86757 0
0.698423 0.439105 0.565148
0.395335 0.679425 0.618135
0.341392 0.839065 0.423582
0.619916 0.590245 0.517025
0.267708 0.927994 0.259152
0.877809 0.376932 0.295589
2.92688e-17 0.477995 0.878362
0.28909 0.43011 0.855238
1 0 0
0.719481 0.59009 0.366252
4.87134e-17 0.795551 0.605887
1.72441e-17 0.281618 0.959527
