0.694158 0.717008 0.215836
0.594348 0.575406 0.598498
0.393506 0.380966 0.861719
0.665951 0.644728 0.428224
0.522458 0.505807 0.716756
0.574772 0.593693 0.599756
0.585772 0.605055 0.577339
0.443058 0.428938 0.81379
0.454904 0.440406 0.801028
0.622677 0.602833 0.539821
0.720575 0.697611 0.191447
0.511614 0.495309 0.731752
0.552184 0.570361 0.642124
0.291856 0.301463 0.93085
0.383333 0.395952 0.859546
0.673884 0.652408 0.403468
0.208323 0.201684 0.979013
0.354194 0.365854 0.885008
0.70902 0.686424 0.262019
0.411985 0.425547 0.831697
0.631775 0.611641 0.518939
0.563541 0.582091 0.621396
0.584556 0.565927 0.616897
0.554138 0.536478 0.669078
0.406187 0.393242 0.850244
0.194656 0.188452 0.984447
0.324071 0.334739 0.908554
0.733586 0.710207 0
0.730059 0.706792 0.100002
0.234346 0.226878 0.967548
0.627111 0.647754 0.479259
0.65782 0.636856 0.451918
0.489321 0.473727 0.760716
0.318399 0.308252 0.919861
0.672076 0.694199 0.330066
0.663817 0.685669 0.362968
0.430967 0.417232 0.826273
4.47559e-17 4.36557e-17 1.02105
0.543687 0.526361 0.685485
0.332127 0.321542 0.910409
0.425917 0.439937 0.817063
0.477971 0.462738 0.77457
0.379597 0.367499 0.873723
0.533129 0.516138 0.701368
0.165699 0.160418 0.994662
0.350586 0.339413 0.8969
0.504424 0.521029 0.718767
0.705841 0.729077 0.113034
0.133886 0.129619 1.0039
0.596507 0.616143 0.554157
0.700389 0.723445 0.169185
0.337362 0.348468 0.898498
0.710207 0.733586 0
0.453056 0.46797 0.786311
0.265744 0.257275 0.951699
0.116444 0.112733 1.0081
0.640685 0.620266 0.497327
0.715013 0.692226 0.228298
0.688892 0.666937 0.350948
0.603928 0.584681 0.579621
0.655176 0.676743 0.394088
0.636772 0.657734 0.452161
0.646158 0.667428 0.423747
0.52878 0.546187 0.681625
0.368565 0.380697 0.872795
0.27076 0.279673 0.943935
0.479147 0.49492 0.753667
0.252496 0.260808 0.954341
0.145447 0.150235 0.999408
0.283954 0.274905 0.941456
0.500504 0.484553 0.746489
0.214481 0.221541 0.973375
0.725639 0.702513 0.149885
0.0760967 0.0736715 1.01554
0.613377 0.593829 0.56007
0.0506842 0.049069 1.01861
0.466214 0.481561 0.770251
0.574579 0.556267 0.634797
0.564423 0.546435 0.652209
0.606979 0.62696 0.530131
0.687305 0.709929 0.257204
0.397826 0.410922 0.845825
0.617179 0.637496 0.505203
0.418677 0.405335 0.838424
0.516765 0.533776 0.700413
0.238977 0.246844 0.961509
0.695968 0.673788 0.322768
0.49186 0.508051 0.736546
0.466484 0.451617 0.78802
0.54057 0.558365 0.662234
0.681534 0.659814 0.377753
0.180487 0.174735 0.989663
0.0942565 0.0973593 1.01202
0.67991 0.702291 0.295044
0.297825 0.288334 0.933116
0.649381 0.628685 0.474974
0.364358 0.352746 0.886202
0.305252 0.315301 0.921926
0.439592 0.454063 0.801952
0.702685 0.680291 0.293222
