0.770044 2.59289
0.651221 3.44324
0.130051 3.74756
0.669654 3.31149
0.687327 3.17968
0.634985 3.55181
0.710438 3.00472
0.225736 3.58261
0.780907 2.53159
0.64158 3.50871
0.707533 3.02664
0.118293 3.7755
0.734226 2.82922
0.0646751 3.8983
0.809327 2.40197
0.135963 3.73373
0.804907 2.4189
0.666645 3.33349
0.20813 3.59943
0.166417 3.66717
0.147918 3.70647
0.100732 3.81737
0.094865 3.83117
0.743515 2.76383
0.00864772 3.99065
0.759752 2.65598
0.657497 3.39925
0.638299 3.53033
0.841413 2.31961
0.106595 3.80344
0.788502 2.49234
0.663617 3.35546
0.766565 2.6137
0.849014 2.31123
0.796483 2.45459
0.193074 3.6198
0.681501 3.22353
0.728147 2.87315
0.859348 2.307
0.777235 2.55166
0.654383 3.42121
0.141913 3.72002
5.55112e-17 4
0.829137 2.34238
0.675622 3.26742
0.236536 3.57639
0.0243252 3.97015
0.672642 3.2895
0.0519356 3.92365
0.0769691 3.87197
0.725159 2.89502
0.0315909 3.95914
0.124165 3.7615
0.719236 2.93882
0.186085 3.63094
0.704633 3.04858
0.698866 3.09229
0.0583632 3.91113
0.823759 2.35583
0.200382 3.60927
0.0708519 3.88527
0.756414 2.67739
0.0167049 3.98068
0.784666 2.51177
0.749882 2.72046
0.660571 3.37736
0.773613 2.57212
0.763129 2.63478
0.179349 3.64258
0.81392 2.38575
0.160156 3.67999
0.834945 2.33021
0.684427 3.20154
0.690219 3.15782
0.716282 2.96085
0.0889576 3.8449
0.746679 2.74212
0.112447 3.78947
0.216484 3.59046
0.818712 2.37034
0.713368 2.98268
0.73117 2.85121
0.701749 3.07043
0.251125 3.5732
0.648044 3.46511
0.644821 3.487
0.722188 2.91692
0.792443 2.47324
0.695985 3.11414
0.678566 3.2455
0.800627 2.43648
0.153997 3.6931
0.0385805 3.9477
0.172794 3.6547
0.0453451 3.93586
0.693104 3.13598
0.0829782 3.85854
0.753135 2.69882
0.740392 2.78556
0.737278 2.80749
