0.485508 0.439472 0.843155
0.711641 0.644162 0.46732
0.770878 0.697782 0.242097
0.673137 0.743651 0.365561
0.493503 0.5452 0.773936
0.755151 0.75466 7.32692e-17
0.676758 0.612586 0.553626
0.338962 0.37447 0.940554
0.762215 0.689941 0.287706
0.133167 0.12054 1.05238
0.549833 0.607431 0.684453
0.694813 0.767598 0.26037
0.294626 0.325489 0.973148
0.601928 0.664983 0.579003
0.469732 0.518939 0.806114
0.621138 0.686206 0.532047
0.722539 0.654026 0.435835
0.743223 0.672749 0.367142
0.432484 0.477789 0.851141
0.445102 0.491728 0.836572
0.216243 0.195739 1.02698
0.613365 0.555205 0.674756
0.639327 0.578705 0.629386
0.544346 0.49273 0.775028
0.29911 0.270748 0.98843
0.516391 0.570485 0.740035
0.438809 0.397201 0.888506
0.600039 0.543143 0.696214
0.664465 0.601459 0.580084
0.687967 0.760035 0.298015
0.353012 0.389992 0.929007
0.700296 0.633892 0.497525
0.53888 0.595331 0.70353
0.406706 0.44931 0.878906
0.611624 0.675695 0.555983
0.371855 0.336595 0.942439
0.229586 0.253636 1.0113
0.591954 0.653964 0.601404
0.366687 0.405099 0.91717
0.0985557 0.10888 1.05745
0.470205 0.425619 0.85879
0.0511895 0.0565519 1.06487
0.529936 0.479686 0.79299
0.712301 0.786917 0.11469
0.127391 0.140736 1.05059
0.211927 0.234128 1.01982
0.246637 0.272473 1.00234
0.173066 0.191195 1.03598
0.791498 0.716447 7.32692e-17
0.168276 0.15232 1.04319
0.560668 0.619401 0.664649
0.785863 0.711346 0.127165
0.238386 0.215782 1.01803
0.586427 0.530821 0.717005
0.527719 0.583 0.722072
0.680723 0.752032 0.33291
0.19361 0.213892 1.02788
0.57267 0.518368 0.736959
0.656941 0.725758 0.425992
0.639547 0.706542 0.481188
0.259445 0.234844 1.00861
0.665213 0.734897 0.396464
0.27964 0.253124 0.998746
0.0769486 0.0850093 1.06142
0.648371 0.71629 0.454212
0.380246 0.420079 0.904827
0.389024 0.352136 0.929745
0.504974 0.557873 0.757327
0.39357 0.434799 0.892086
0.317992 0.287839 0.977648
0.336327 0.304436 0.96642
0.688689 0.623387 0.526176
0.192746 0.174469 1.03546
0.55862 0.50565 0.756324
0.651985 0.590163 0.6053
0.571296 0.631142 0.64424
0.701236 0.774693 0.218823
0.778844 0.704993 0.190134
0.457522 0.50545 0.821559
0.406056 0.367553 0.9164
0.454687 0.411573 0.873861
0.419684 0.463648 0.865252
0.752961 0.681564 0.329066
0.14852 0.164079 1.04441
0.630445 0.696487 0.50716
0.716447 0.791498 0
0.354277 0.320684 0.95468
0.581733 0.642672 0.623157
0.707123 0.781197 0.171676
0.324528 0.358524 0.951791
0.309728 0.342173 0.962679
0.279102 0.308339 0.983257
0.733084 0.663572 0.402522
0.263121 0.290684 0.992993
0.515427 0.466553 0.810202
0.422631 0.382556 0.902662
4.59683e-17 4.64795e-17 1.0676
0.626359 0.566967 0.652677
0.500564 0.453099 0.826984
0.481713 0.532175 0.790258
