0.0987513 0.995112
0.753616 0.657315
0.213875 0.976861
0.922759 0.385376
0.688002 0.725709
0.995368 0.0961419
0.974313 0.225197
0.745539 0.666462
0.679532 0.733646
0.721239 0.692686
0.978308 0.207155
0.451974 0.892031
0.301097 0.953594
0.98215 0.188098
0.375068 0.926997
0.985799 0.167929
0.927986 0.372614
0.150558 0.988601
0.550922 0.834557
0.486863 0.873478
0.670989 0.741467
0.194012 0.980999
0.882873 0.469611
0.599598 0.800301
0.627152 0.778897
0.836778 0.547542
0.79264 0.60969
0.316766 0.948504
0.894895 0.446277
0.590177 0.807274
0.250817 0.968035
0.989236 0.146331
0.498073 0.867135
0.900681 0.434481
0.947817 0.318814
0.938111 0.346335
0.704732 0.709474
1 4.35984e-17
0.961591 0.274487
0.965949 0.258732
0.857316 0.514791
0.608914 0.793236
0.917405 0.397955
0.388623 0.921397
0.911953 0.410295
0.933097 0.359626
0.906372 0.42248
0.346797 0.93794
6.12323e-17 1
0.439808 0.898092
0.268174 0.96337
0.997941 0.0641336
0.126132 0.992013
0.87036 0.492416
0.33203 0.943269
0.519807 0.854284
0.800236 0.599686
0.729387 0.684101
0.888931 0.458041
0.829685 0.558231
0.952516 0.304487
0.509044 0.86074
0.850581 0.525844
0.57089 0.821027
0.232731 0.972541
0.843742 0.536749
0.943018 0.332743
0.414912 0.909862
0.712995 0.701169
0.957106 0.289737
0.777203 0.62925
0.475501 0.879715
0.427544 0.903995
0.863903 0.503658
0.696404 0.71765
0.653704 0.756751
0.761536 0.648123
0.636106 0.771601
0.6181 0.7861
0.815155 0.579243
0.540699 0.841216
0.560986 0.827825
0.784961 0.619545
0.0658471 0.99783
0.173005 0.984921
0.401885 0.91569
0.807733 0.589548
0.530359 0.847773
0.580595 0.814193
0.769345 0.638834
0.361213 0.932483
0.876652 0.481126
0.822477 0.568799
0.662381 0.749167
0.284929 0.958549
0.992445 0.122691
0.463839 0.885919
0.644955 0.764221
0.970188 0.242354
0.737504 0.675342
