0.254611 0.245389
0.0962759 0.403724
0.0238303 0.47617
0.259747 0.240253
0.3767 0.1233
0.0913931 0.408607
0.176556 0.323444
0.468891 0.0311094
0.16624 0.33376
0.0817066 0.418293
0.335608 0.164392
0.474047 0.0259533
0.23915 0.26085
0.0526689 0.447331
0.320398 0.179602
0.325454 0.174546
0.192175 0.307825
0.453495 0.0465048
0.345821 0.154179
0.275058 0.224942
0.448401 0.0515988
0.0478378 0.452162
0.387028 0.112972
0.392176 0.107824
0.233976 0.266024
0.407607 0.0923934
0 0.5
0.150894 0.349106
0.140786 0.359214
0.135769 0.364231
0.120781 0.379219
0.310324 0.189676
0.228791 0.271209
0.350947 0.149053
0.422932 0.0770675
0.300266 0.199734
0.269961 0.230039
0.145821 0.354179
0.171396 0.328604
0.484381 0.0156188
0.402465 0.0975346
0.356086 0.143914
0.36123 0.13877
0.110901 0.389099
0.161131 0.338869
0.0285989 0.471401
0.0768658 0.423134
0.458617 0.0413832
0.433124 0.0668757
0.28515 0.21485
0.0671946 0.432805
0.315358 0.184642
0.15602 0.34398
0.223597 0.276403
0.101125 0.398875
0.106009 0.393991
0.366375 0.133625
0.412719 0.0872807
0.5 0
0.0720304 0.42797
0.48958 0.01042
0.019053 0.480947
0.0430151 0.456985
0.371537 0.128463
0.0575016 0.442498
0.213131 0.286869
0.463741 0.0362586
0.197414 0.302586
0.20265 0.29735
0.340704 0.159296
0.0623483 0.437652
0.295226 0.204774
0.443304 0.0566955
0.181735 0.318265
0.24431 0.25569
0.381866 0.118134
0.00950374 0.490496
0.249457 0.250543
0.330521 0.169479
0.280105 0.219895
0.0865418 0.413458
0.479208 0.0207917
0.0142733 0.485727
0.130749 0.369251
0.43821 0.0617895
0.218373 0.281627
0.125758 0.374242
0.033411 0.466589
0.397329 0.102671
0.417826 0.0821736
0.0047422 0.495258
0.186951 0.313049
0.0382025 0.461798
0.494789 0.00521068
0.428034 0.0719664
0.264868 0.235132
0.207889 0.292111
0.290174 0.209826
0.115837 0.384163
0.305296 0.194704
