0.408307 0.304886 0.860425
0.692968 0.399859 0.599923
0.897346 0 0.441327
0.470213 0.768895 0.433245
0.293375 0.774201 0.560843
0.502224 0.864737 2.51101e-17
1.06116e-19 6.12322e-17 1
1.39465e-17 0.227763 0.973717
0.501922 0 0.864913
0.30115 0.953577 2.51101e-17
0.645064 0.307647 0.699461
3.1751e-17 0.518533 0.855058
0.77414 0.322887 0.544473
5.62098e-17 0.917976 0.396635
0.872533 0.338947 0.351855
0.499029 0.469963 0.728083
0.303797 0.60679 0.734516
0.279458 0.864511 0.417761
0.714277 0.699863 2.51101e-17
0.747475 0 0.66429
0.828915 0.559374 0
2.43879e-17 0.398285 0.917262
3.78406e-17 0.617984 0.78619
0.590526 0.690499 0.41772
6.12323e-17 1 2.51101e-17
0.444955 0 0.895553
0.974718 0.22344 6.5855e-17
0.745745 0.596163 0.297413
0.351975 0.887201 0.298309
0.615708 0.787975 5.40151e-17
0.639145 0.719469 0.271767
0.521552 0.806846 0.277459
4.05236e-17 0.661801 0.74968
0.561264 0.827637 2.51101e-17
0.702863 0 0.711325
0.793047 0.609161 1.34162e-18
0.785653 0.514037 0.34426
0.862754 0 0.505623
0.508131 0.28294 0.813479
1.96317e-17 0.32061 0.947211
0.63347 0.610228 0.475751
0.311184 0.71493 0.626131
0.380789 0.924662 2.51101e-17
2.8284e-17 0.461913 0.886925
0.926652 0.37592 0
0.754961 0.65577 1.34162e-18
0.253234 0.262049 0.931237
0.302438 0 0.953169
0.865129 0.501549 2.51101e-17
0.382704 0 0.923871
0.744268 0.453694 0.490129
5.21639e-17 0.851902 0.523701
0.789409 6.07282e-17 0.613868
4.30514e-17 0.703084 0.711107
0.201377 0.979514 2.51101e-17
0.611333 4.70291e-17 0.791373
1 7.07734e-17 1.34162e-18
0.563899 0.338976 0.753069
5.42695e-17 0.886288 0.463134
0.547043 0.531461 0.646756
0.955134 0 0.296175
0.353139 0.524515 0.774711
3.49787e-17 0.571245 0.820779
0.202398 0 0.979303
0.664848 0.506539 0.548994
0.898482 0.439011 2.51101e-17
0.255232 0.929823 0.265116
0.561676 0.751696 0.345648
0.481028 0.63239 0.607202
0.606973 0.434433 0.665471
0.666633 0.745386 1.34162e-18
0.825418 6.34984e-17 0.564521
0.839141 0.273486 0.470156
0.72101 0.274826 0.636093
0.342492 0.810068 0.475909
0.810603 0.403101 0.424774
0.952155 0.305614 6.5855e-17
5.00871e-17 0.817984 0.575241
0.927759 6.38893e-17 0.37318
0.680603 0.650217 0.337635
0.532837 0.671916 0.514406
0.658477 0 0.752601
4.55223e-17 0.743436 0.668807
0.438535 0.569823 0.694974
0.980198 7.54053e-17 0.198022
0.710758 0.555225 0.431913
4.78713e-17 0.781798 0.623532
0.587908 0.571945 0.572052
0.426193 0.727349 0.537887
0.444341 0.895858 2.51101e-17
5.80285e-17 0.947678 0.319228
5.96252e-17 0.973753 0.227605
0.558549 3.95304e-17 0.829472
0.4265 0.83744 0.341747
0.91441 0.285766 0.286691
0.843834 0.456765 0.281619
0.298005 0.351827 0.887362
0.358752 0.656888 0.663171
0.443226 0.412333 0.795948
0.304775 0.457968 0.835091
