0.919987 0.391949
0.664821 0.747002
0.535131 0.844769
0.0631748 0.998002
0.930843 0.365421
0.98571 0.168453
0.331351 0.943507
0.433535 0.901137
0.992423 0.122871
0.767444 0.641116
0.0947323 0.995503
0.978101 0.208132
0.626924 0.779081
0.646083 0.763267
0.524305 0.851531
0.833564 0.552423
0.69209 0.721811
0.607307 0.794468
6.12323e-17 1
0.185949 0.982559
0.891226 0.45356
0.287965 0.957641
0.96534 0.260995
0.468614 0.883403
0.872884 0.487927
0.879088 0.47666
0.222867 0.974849
0.840361 0.542027
0.35847 0.933541
0.819623 0.572903
0.997941 0.064135
0.974015 0.226484
0.14442 0.989517
0.726823 0.686825
0.805249 0.592937
0.775226 0.631684
0.903004 0.429632
0.577069 0.816696
0.936128 0.351659
0.457024 0.889455
0.709702 0.704502
0.925476 0.378807
0.860196 0.509963
0.995364 0.0961819
0.674018 0.738715
0.797901 0.602788
0.982002 0.188873
0.908762 0.417314
0.597362 0.801972
0.302851 0.953038
0.396949 0.91784
0.317291 0.948328
0.409355 0.912375
0.38439 0.923171
0.866587 0.499026
0.240043 0.970762
0.480045 0.877244
0.700951 0.71321
0.853686 0.520788
0.759557 0.650441
0.545755 0.837945
0.256583 0.966522
0.956097 0.293049
0.42153 0.906814
0.914421 0.404765
0.96079 0.277278
0.946359 0.323118
0.969757 0.244074
0.513419 0.858138
0.566749 0.823891
0.371538 0.928418
0.847068 0.531485
0.655512 0.755185
0.20489 0.978785
0.82665 0.562717
0.34508 0.938573
0.989192 0.146628
0.885205 0.465201
0.735182 0.67787
0.556317 0.83097
0.71833 0.695702
0.897152 0.441722
0.491283 0.871
0.587274 0.809388
0.683107 0.730318
0.751543 0.659684
0.782891 0.622159
0.617189 0.786815
0.445345 0.895359
0.165885 0.986145
0.636556 0.771231
0.502416 0.864626
0.941301 0.337569
0.743439 0.668804
0.951287 0.308306
0.81248 0.58299
1 0
0.27254 0.962144
0.790444 0.612535
0.121025 0.992649
