0.282342 0.182915 0.0347428
0.0624522 0.25321 0.184338
0 0.32473 0.17527
0 0.417904 0.0820956
0.232526 0 0.267474
0.0650463 0.326668 0.108285
0.440614 0 0.0593861
0.0403209 0.223818 0.235861
0.338232 0.115411 0.0463563
0.227798 0.0484771 0.223725
0.323948 0.158452 0.0176005
0.260776 0.236432 0.00279181
0.379738 0.0341242 0.0861374
0.0420605 0.150028 0.307911
0.0234944 0.0129209 0.463585
0.442901 0.0371636 0.0199354
0.266646 0.165312 0.068043
0.0184344 0.346361 0.135205
0.196492 0.00359674 0.299912
0.0234256 0.0591261 0.417448
0.143746 0.147705 0.20855
0.385287 0.0972701 0.0174426
0.253423 0.133295 0.113282
0.144836 0.0570542 0.29811
0.209196 0.0885658 0.202239
0.160047 0.110704 0.229249
0.112023 0 0.387977
0.0440093 0.0797693 0.376221
0.5 0 0
0.290675 0 0.209325
0.148862 0.217505 0.133633
0.295233 0.129079 0.0756878
0.0829788 0.205838 0.211183
0.473757 0.0216138 0.00462905
0.163946 0 0.336054
0.0452239 0.300657 0.154119
0.3325 0.0526661 0.114834
0.0143003 0.197145 0.288554
0.255124 0.0129363 0.23194
0.178926 0.239541 0.0815325
0.0252784 0.426661 0.0480608
0.10457 0.15695 0.23848
0.22656 0.182613 0.0908272
0.399479 0 0.100521
0 0.382577 0.117423
0.186766 0.0658184 0.247416
0.0853496 0.41465 0
0.167534 0.173699 0.158767
0.235299 0.106397 0.158304
0.223513 0.276487 0
0.124691 0.190456 0.184853
0.0873432 0.279382 0.133275
0.178102 0.0397238 0.282175
0.423357 0.0766427 0
0.153735 0.346265 0
0.358931 0.00634898 0.13472
0.0883445 0.351443 0.0602121
0.328191 0 0.171809
0.280597 0.0823383 0.137064
0.105599 0.234896 0.159506
0.045607 0.454393 0
0.104849 0.0798358 0.315315
0.18349 0.306823 0.00968672
0.127797 0.0260291 0.346174
0 0.233766 0.266234
0.0609963 0.177884 0.26112
0.309179 0.094448 0.0963732
0.0651958 0.396743 0.038061
0.0709907 0.0262269 0.402782
0.205029 0.25724 0.0377317
0.157756 0.283295 0.0589491
0.188321 0.130257 0.181422
0.190901 0.200145 0.108953
0.0860473 0.128345 0.285608
0 0.103298 0.396702
0.35749 0.0753108 0.067199
0.059869 0 0.440131
0.235148 0.214706 0.0501457
1.01529e-16 6.50043e-17 0.5
0.304666 0.0375964 0.157737
0.363171 0.136829 0
0.259859 0.0571887 0.182952
0.114152 0.375337 0.0105116
0.0421684 0.371738 0.0860936
0.0613889 0.104982 0.333629
0.403865 0.0492524 0.0468824
2.58655e-18 0.0492856 0.450714
0.0866143 0.0536193 0.359766
0.0123115 0.130435 0.357254
0 0.270441 0.229559
0 0.46656 0.0334401
0.132084 0.259959 0.107957
0.302155 0.197845 0
0.133054 0.326619 0.0403271
0 0.170437 0.329563
0.0203632 0.282579 0.197058
0.130544 0.100856 0.268599
0.210728 0.153438 0.135833
0 0.5 0
0.110126 0.304462 0.085412
