0.74026 0.854155 3.09457
0.819938 0.858521 2.67368
0.751711 0.752584 3.4107
0.858039 0.735298 3.12864
0 0.236836 5.57626
0.854044 0.750397 3.02514
0.697901 0.776493 3.6554
0.168423 0.237562 5.23914
0.686904 0.858111 3.48995
0.858679 0.178953 3.95032
0.239248 0.0982077 5.39866
0.130259 0.120526 5.51724
0.0693451 0.851987 4.19765
0.721538 0.241039 4.49648
0.236366 0.654984 4.99345
0.123572 0.85858 4.06994
0.248462 0.248467 5.14664
5.12872e-17 0.0906497 5.84099
0.221089 0.793237 4.05577
0.673774 0.850244 3.59141
0.150638 0.854279 4.00847
0.72648 0.858111 3.1924
0.0937943 0.699453 4.92151
0.671736 0.217449 4.88572
0.244506 0.174339 5.22566
0.249219 0.859077 3.88027
0.856782 0 4.30727
0.74511 0.119154 4.52629
0.850602 0.678292 3.55757
0.0383199 0.858734 4.25516
5.12872e-17 0.685889 5.19053
0.688811 0.240515 4.74338
0.71112 0.711669 3.99504
0.804072 0 4.42224
0.240353 0.730239 4.43291
0.210907 0.851724 3.90557
0.778148 0.242354 4.12098
0.78281 0.781246 3.05123
0.775289 0.699626 3.64909
0.85911 0.859113 2.61402
0.652252 0.237299 5.01216
0.680371 0 5.23199
0.854297 0.151235 4.00715
0.690006 0.100579 4.97717
0.220092 0.138401 5.31521
0.857031 0.798764 2.75172
0.646071 0.85639 3.78591
0.784094 0.858283 2.82179
5.12872e-17 0 6
0.857989 0.692662 3.44641
0.858722 0.0390662 4.2539
0.128388 0.244082 5.32546
0.853596 0.210558 3.90497
0.857777 0.124297 4.06829
0.85613 0.647732 3.77467
0.214137 0.750929 4.30626
0.843309 0.841426 2.6367
0.244674 0.0545764 5.49242
0.800994 0.854676 2.74281
0.71425 0.842519 3.29418
0.858015 0.663178 3.6657
0.740524 0.220569 4.37135
0.241099 0.769701 4.16965
0.763256 0 4.634
0.856577 0.70735 3.33535
0.212285 0.220603 5.18144
0.660029 0.858157 3.6883
0.243238 0.817431 3.94846
0.85859 0.0974052 4.13225
0.707472 0.199867 4.63707
0.851445 0.0703249 4.19589
0.116622 0.797844 4.22802
0.758125 0.237149 4.24249
0 0.855501 4.3076
0.240053 0.694409 4.70115
5.12872e-17 0.737362 4.80689
0.104975 0 5.8073
0.178733 0.858665 3.95071
0.70055 0.856837 3.38678
0.859088 0.249282 3.88027
0.217165 0.676055 4.85401
0.843309 0.721938 3.23587
0.858135 0.765796 2.92544
0.0963971 0.752584 4.53004
0.858482 0.818056 2.67939
0.788426 0.131049 4.23794
0.16621 0 5.66758
0 0.791506 4.4777
0.235609 0 5.57679
0.726205 0 4.88735
0.849857 0.782068 2.83596
0.0539437 0.244972 5.49359
0.0966439 0.21483 5.4191
0.769231 0.847973 2.90982
0.754369 0.858165 2.99777
5.12872e-17 0.158836 5.68276
0.800226 0.215525 4.02959
0.821246 0.244306 3.93676
0.0965762 0.857788 4.13427
0.2044 0.714058 4.58149
