1.05699 0.331953
0.653735 0.894459
1.09516 0.167466
0.664628 0.886396
0.879665 0.67351
0.811809 0.753918
0.854999 0.70456
0.560595 0.955594
0.926493 0.607485
0.224479 1.08491
0.887697 0.662889
0.962988 0.547797
0.299574 1.06662
0.948689 0.572203
0.820672 0.744261
0.572879 0.948281
0.535414 0.969928
0.726789 0.836184
0.863315 0.694345
0.990373 0.496576
0.642675 0.902439
0.548112 0.962809
0.838061 0.724624
0.350058 1.05114
1.09109 0.192247
0.244385 1.0806
0.955881 0.560107
0.736687 0.827478
0.366018 1.04569
1.08224 0.237011
1.00343 0.469625
1.01608 0.4416
0.933979 0.595912
0.746463 0.81867
0.68591 0.870032
1.10789 9.66046e-17
0.895627 0.652135
1.10546 0.0733328
6.78389e-17 1.10789
0.316901 1.0616
1.03431 0.397014
0.620121 0.918083
0.976894 0.522594
0.911248 0.630122
0.631467 0.910317
1.02226 0.427102
0.522546 0.97692
1.05151 0.348935
1.07264 0.277254
0.969991 0.535298
0.381569 1.04011
0.696333 0.861712
1.06758 0.29614
0.48274 0.99719
0.784498 0.782298
0.158084 1.09656
0.333706 1.05644
0.793714 0.772946
0.396877 1.03437
0.71677 0.844789
0.775156 0.791555
1.00981 0.455751
1.02834 0.412248
0.426522 1.0225
0.263449 1.07611
0.756145 0.809736
0.181586 1.09291
0.440941 1.01636
0.829419 0.734501
0.596882 0.933359
0.996955 0.483227
0.706612 0.853303
1.07752 0.257655
1.08678 0.215272
0.281803 1.07145
0.411843 1.0285
0.203626 1.08902
0.455107 1.0101
0.675333 0.878266
0.765706 0.8007
0.496198 0.990563
1.06236 0.314352
0.132375 1.09996
0.903479 0.641211
0.608598 0.925762
1.10242 0.109953
0.846578 0.714656
1.04016 0.381437
0.94137 0.584166
0.802819 0.763484
1.09896 0.140432
0.469021 1.00372
1.04587 0.365482
0.871533 0.684
0.509478 0.983798
0.98369 0.509687
0.918922 0.618877
0.0691046 1.10574
0.584968 0.940872
0.103634 1.10304
