0.00973865 0.490261
0.109873 0.390127
0.290583 0.209417
0.129779 0.370221
0.333006 0.166994
0.495237 0.00476305
0.244222 0.255778
0.0998396 0.40016
0.295812 0.204188
0.391041 0.108959
0.229017 0.270983
0.174064 0.325936
0.406433 0.0935669
0.239159 0.260841
0.480869 0.0191305
0.0244524 0.475548
0.104859 0.395141
0.0593431 0.440657
0.144586 0.355414
0.134732 0.365268
0.0293869 0.470613
0.208905 0.291095
0.327647 0.172353
0.0048676 0.495132
0.159314 0.340686
0.114859 0.385141
0.380641 0.119359
0.119848 0.380152
0.311664 0.188336
0.164219 0.335781
0.471221 0.0287794
0.322287 0.177713
0.0795847 0.420415
0.451654 0.0483458
0.490463 0.00953736
0.466344 0.0336559
0.359662 0.140338
0.183963 0.316037
0.218942 0.281058
0.349031 0.150969
0.343708 0.156292
0.43182 0.0681797
0.461466 0.0385339
0.396193 0.103807
0.5 0
1.59378e-17 0.5
0.124817 0.375183
0.0694585 0.430541
0.0492798 0.45072
0.259546 0.240454
0.269851 0.230149
0.223976 0.276024
0.280173 0.219827
0.169135 0.330865
0.370162 0.129838
0.1989 0.3011
0.354349 0.145651
0.37541 0.12459
0.149505 0.350495
0.0393155 0.460685
0.401333 0.0986666
0.306367 0.193633
0.213916 0.286084
0.485656 0.014344
0.0643991 0.435601
0.179006 0.320994
0.249334 0.250666
0.188919 0.311081
0.0195303 0.48047
0.0947818 0.405218
0.254434 0.245566
0.385838 0.114162
0.154411 0.345589
0.0745144 0.425486
0.193903 0.306097
0.316956 0.183044
0.421693 0.078307
0.0442942 0.455706
0.0543098 0.44569
0.446749 0.0532513
0.264691 0.235309
0.274996 0.225004
0.203896 0.296104
0.364911 0.135089
0.285357 0.214643
0.301089 0.198911
0.441803 0.058197
0.234088 0.265912
0.476022 0.0239781
0.0846524 0.415348
0.426732 0.0732682
0.338363 0.161637
0.456564 0.0434359
0.0146176 0.485382
0.08972 0.41028
0.416635 0.0833653
0.411561 0.0884391
0.43682 0.0631801
0.0343495 0.465651
0.139663 0.360337
