0.282646 0.959224 3.03457e-306
2.29257e-17 0.374405 0.927265
0.851069 0.525054 2.79093e-136
4.3398e-17 0.708743 0.705466
0.353207 0.343316 0.870275
0.472672 0.272762 0.837963
0.766197 0.422193 0.484454
0.502182 0.677017 0.538016
0.803676 0.485507 0.344074
0.567237 0.48285 0.667157
0.946392 0.323022 0
6.12323e-17 0 1
0.788953 0.284985 0.544368
0.459591 0.553241 0.694767
0.290209 0.288808 0.912342
0.597926 0.731768 0.327109
2.70737e-17 0.442147 0.896942
0.548111 0.600555 0.582158
0.467409 0.818151 0.334898
0.932457 0 0.36128
5.47556e-17 0.894227 0.447614
0.449626 0.754667 0.477822
0.307011 0.663229 0.682548
0.281111 0.463556 0.840293
0.613217 0.5096 0.60355
0.285963 0.910157 0.299733
0.69271 0.721217 0
0.664211 0.690989 0.285233
0.310637 0.594216 0.741898
0.306731 0.784194 0.539403
5.6569e-17 0.923842 0.382773
0.725277 7.2824e-266 0.688457
0.228729 0 0.97349
0.831622 0.340985 0.43833
0.374779 0.809626 0.451715
0.860087 0.420768 0.288452
0.957853 0 0.28726
0.450878 0 0.892586
0.386491 0 0.922293
0.973012 0.230756 0
5.82053e-17 0.950565 0.310526
0.479691 0.877438 0
0.916123 0.400897 0
0.356591 0.516034 0.778814
0.607664 0.650382 0.455793
0.6287 0 0.777648
0.591302 0.80645 9.13852e-64
0.433631 0.632309 0.641988
0.925555 0.27513 0.2601
0.540817 0.720285 0.434404
0.807917 0 0.589296
0.694358 0.288842 0.659118
0.40144 0.870347 0.285206
0.420366 0.907355 0
0.884827 0.46592 0
0.679044 0 0.734098
5.28678e-17 0.863397 0.504525
0.600576 0.28254 0.747984
1 0 0
0.904315 0 0.426865
0.688771 0.465655 0.555661
0.311518 0.856846 0.410818
5.08289e-17 0.8301 0.557615
0.534813 0.84497 0
0.649543 0.570665 0.502429
0.267104 0.732869 0.625746
0.393323 0.709911 0.584228
0.844767 0 0.535134
5.96594e-17 0.974312 0.225201
0.498362 0.453487 0.738908
0.768325 0 0.640059
0.780323 0.625376 0
1.82344e-17 0.297791 0.954631
0.981378 0 0.192088
0.738812 0.673912 0
0.422092 0.410011 0.808535
4.6112e-17 0.753067 0.657944
0.627122 0.370082 0.685388
6.12323e-17 1 0
0.726632 0.347849 0.592458
0.574596 0 0.818437
0.188826 0.982011 0
0.884736 0.300163 0.356573
0.355145 0.934811 0
0.530088 0.333952 0.779411
0.313781 1.89371e-219 0.949495
3.46334e-17 0.565607 0.824675
4.86553e-17 0.794602 0.607131
4.06685e-17 0.664168 0.747584
0.729824 0.528361 0.43381
3.77522e-17 0.61654 0.787324
0.759689 0.582065 0.289953
0.515327 0 0.856994
3.10107e-17 0.506444 0.862273
0.552855 0.786164 0.276218
0.695039 0.621898 0.360782
0.64356 0.765396 0
0.819354 0.573288 0
0.874328 0 0.485335
1.22062e-17 0.199342 0.97993
