0.491454 0.491454 0.718989
0.0608374 0.0608374 0.996292
0.333239 0.333239 0.881988
0.64081 0.64081 0.42276
0.632001 0.632001 0.448497
0.572621 0.572621 0.586694
0.698627 0.698627 0.154403
0.460464 0.460464 0.758911
0.274261 0.274261 0.921717
0.42811 0.42811 0.795891
0.188788 0.188788 0.9637
0.454138 0.454138 0.766496
0.283025 0.283025 0.916402
0.636453 0.636453 0.435724
0.247189 0.247189 0.936907
0.308658 0.308658 0.8997
0.686778 0.686778 0.238058
0.593659 0.593659 0.543266
0.680034 0.680034 0.274056
0.0931268 0.0931268 0.991289
0.598739 0.598739 0.532
0.567191 0.567191 0.597151
0.132844 0.132844 0.982194
0.603733 0.603733 0.520589
0.447761 0.447761 0.773964
0.622891 0.622891 0.473301
0.265342 0.265342 0.926923
0.627485 0.627485 0.461003
0.66914 0.66914 0.32327
0.588516 0.588516 0.554344
0.707107 0.707107 0
0.144818 0.144818 0.978803
0.556085 0.556085 0.617688
0.0404715 0.0404715 0.998361
0.703464 0.703464 0.10137
0.178303 0.178303 0.967686
0.657459 0.657459 0.368098
0.441285 0.441285 0.781367
0.533158 0.533158 0.656876
0.538948 0.538948 0.647356
0.645083 0.645083 0.409556
0.407762 0.407762 0.816982
0.466736 0.466736 0.751209
0.618225 0.618225 0.485383
0.665331 0.665331 0.338629
0.689966 0.689966 0.218846
0.521423 0.521423 0.675452
0.199035 0.199035 0.959568
0.577989 0.577989 0.57607
0.695906 0.695906 0.177287
0.613479 0.613479 0.497279
0.364376 0.364376 0.857007
0.479183 0.479183 0.735368
0.421413 0.421413 0.803008
0.400806 0.400806 0.823838
4.32978e-17 4.32978e-17 1
0.683467 0.683467 0.256409
0.550434 0.550434 0.627729
0.341221 0.341221 0.875864
0.228421 0.228421 0.946387
0.356763 0.356763 0.863388
0.167486 0.167486 0.971543
0.649287 0.649287 0.396048
0.608649 0.608649 0.509011
0.37191 0.37191 0.850509
0.20905 0.20905 0.955299
0.349038 0.349038 0.869681
0.434754 0.434754 0.788656
0.661436 0.661436 0.353562
0.527316 0.527316 0.66624
0.65341 0.65341 0.382245
0.256346 0.256346 0.931973
0.69301 0.69301 0.198679
0.316955 0.316955 0.893912
0.300225 0.300225 0.905389
0.0778782 0.0778782 0.993916
0.237853 0.237853 0.941728
0.107187 0.107187 0.988444
0.544717 0.544717 0.637626
0.485341 0.485341 0.727247
0.672858 0.672858 0.307448
0.218838 0.218838 0.950905
0.701159 0.701159 0.12943
0.561679 0.561679 0.607481
0.583283 0.583283 0.565298
0.676499 0.676499 0.291031
0.503546 0.503546 0.702056
0.291699 0.291699 0.910946
0.386538 0.386538 0.837363
0.515496 0.515496 0.68449
0.41463 0.41463 0.81004
0.120347 0.120347 0.98541
0.15636 0.15636 0.975245
0.705488 0.705488 0.0676244
0.325154 0.325154 0.888003
0.393714 0.393714 0.83065
0.472959 0.472959 0.743384
0.509541 0.509541 0.693351
0.497527 0.497527 0.710588
0.379292 0.379292 0.843964
