0.403749 0.869299 0.285143
0.399187 0 0.91687
0.976204 0 0.216856
0.344094 0.7009 0.624771
0.443354 0.777224 0.446497
0.67394 0.562052 0.479482
0.739961 0.304888 0.599584
5.04283e-17 0.823556 0.567235
0.352305 0.423554 0.834556
0.713195 0.615027 0.336295
0.681392 0.731919 0
5.25559e-17 0.858303 0.513143
3.02203e-17 0.493535 0.869726
0.67557 0.359843 0.64352
0.562734 0.771874 0.295874
0.58964 0.447955 0.672057
1.19549e-17 0.195238 0.980756
0.759616 0.650372 0
1.78715e-17 0.291864 0.95646
0.279535 0.906039 0.317733
0.463396 0 0.886151
0.665848 1.50783e-145 0.746087
0.422613 0.90631 0
0.58728 0.620772 0.519368
0.54063 0.567656 0.620875
0.551946 0.368322 0.748127
2.24947e-17 0.367367 0.930076
0.638198 0.769873 0
0.321889 0 0.946778
3.94844e-17 0.64483 0.764326
0.748553 0 0.663075
0.487865 0.514368 0.705275
0.413561 0.737897 0.533362
0.980767 0.195184 0
0.840861 0.466285 0.274829
0.571477 0 0.820618
0.487053 0.664685 0.566544
0.58911 0.808053 0
0.71071 3.36256e-266 0.703485
0.522 0 0.852946
0.296941 0.358592 0.885007
0.722289 0.691592 0
0.344489 0.579677 0.738445
0.796787 0.604261 2.22611e-226
0.632778 0.507545 0.584799
0.956481 0.291796 0
6.12323e-17 1 0
0.831777 0.555109 0
3.66013e-17 0.597745 0.801687
0.640378 0.652684 0.404871
0.782637 0.351095 0.514016
0.230253 2.17178e-200 0.973131
5.45388e-17 0.890686 0.45462
0.536873 0.843663 0
5.82327e-17 0.951013 0.309151
0.840429 0.298846 0.452073
0.629152 0.710652 0.314868
4.25256e-17 0.694496 0.719497
4.7984e-17 0.783637 0.621218
0.916795 0.284241 0.280523
0.481909 0.876221 0
0.849081 0 0.528263
0.78427 0 0.62042
0.420959 0.284457 0.861323
0.28129 0.661129 0.695546
0.277127 0.764978 0.581385
5.64772e-17 0.922343 0.386373
6.12323e-17 0 1
0.191016 0.981587 0
2.65657e-17 0.433851 0.900985
0.809911 0.429311 0.39967
0.543434 0.716658 0.437129
0.618065 0 0.786127
0.746813 0.499613 0.438927
0.818004 0 0.575213
4.53644e-17 0.740856 0.671664
0.878202 0 0.478289
0.931481 0 0.363791
0.955211 1.76119e-151 0.295927
0.778692 0.547375 0.306627
5.96685e-17 0.97446 0.224559
0.274305 0.261276 0.925468
0.497023 0.320447 0.806401
0.633562 0.293543 0.715844
0.301429 0.523367 0.797012
0.428741 0.616694 0.660204
0.304304 0.81331 0.49591
0.285717 0.958314 0
0.437765 0.461087 0.771855
0.357444 0.933935 0
0.929821 0.368013 0
0.900258 0.435356 0
0.334596 0.850093 0.406677
1 0 0
0.478607 0.814594 0.327677
0.710114 0.443876 0.546546
0.874291 0.350382 0.335928
3.35221e-17 0.547458 0.836833
0.867331 0.497732 0
0.905342 9.60506e-193 0.424683
