0.809579 0.475593 0.344083
0.625506 0.780219 0
0.252819 0.935684 0.246124
0.336325 0.896638 0.287967
5.83093e-17 0.952263 0.30528
0.708254 0.649054 0.277678
0.904562 0.426342 0
0.560446 0 0.828191
0.322146 0.486202 0.812299
0.447304 0.693467 0.564821
0.865324 0.407063 0.292427
0.597305 0.57709 0.55695
0.424438 0.342165 0.838317
0.284053 0.412772 0.865409
0.673117 0.448932 0.587684
2.79921e-17 0.457145 0.889392
0.36234 0.289265 0.886022
3.99406e-17 0.65228 0.757978
0.658878 0.546783 0.516631
0.205484 0.97866 0
0.527186 0.803281 0.277153
0.312896 0.818944 0.481069
0.457086 0.889423 0
0.422966 0.84537 0.326267
0.455732 0.787558 0.414802
0.58658 0.323875 0.742313
2.41512e-17 0.394419 0.918931
0.298734 0.61927 0.726129
1.4001e-17 0.228654 0.973508
0.957576 0.288182 0
0.826877 0 0.562383
1.95366e-17 0.319058 0.947735
0.615594 0 0.788064
0.525411 0.27697 0.804507
5.50217e-17 0.898572 0.438826
0.722462 0.691411 0
4.46979e-17 0.729972 0.683477
0.576094 0.659532 0.482838
6.12323e-17 1 0
0.439455 6.168e-114 0.898264
0.629942 0.374248 0.680523
0.295278 0.736551 0.608526
0.353853 0.66614 0.656541
0.261731 0.272413 0.925899
0.369458 0.764467 0.528291
0.80527 0.592908 0
1 0 0
0.863451 0 0.504433
4.25496e-17 0.694887 0.719119
0.573028 0.509282 0.642083
0.572192 0.743965 0.345126
0.706927 0 0.707286
0.873993 0.485939 0
0.745085 0.352245 0.566367
0.295166 2.09886e-49 0.955446
6.12323e-17 1.91332e-22 1
3.14988e-17 0.514414 0.857542
0.844797 0.330156 0.421089
0.662445 0 0.749111
0.512833 0.858488 0
4.93188e-17 0.805437 0.592681
0.371853 0 0.928292
5.32423e-17 0.869512 0.493911
0.904266 0.285514 0.317465
0.699085 0.306411 0.64606
3.44581e-17 0.562744 0.826631
0.923842 0 0.382775
5.97536e-17 0.97585 0.218441
0.974504 0 0.224371
4.70743e-17 0.768782 0.639511
0.893423 0 0.449216
0.93263 0.360835 0
0.374424 0.536275 0.756449
0.500644 0 0.865653
0.773917 0.419444 0.474467
3.71805e-17 0.607203 0.794547
0.307138 0.951665 0
0.28954 0.866509 0.406607
0.641248 0.699727 0.314933
5.66675e-17 0.92545 0.378869
0.511941 0.724553 0.461453
0.787648 0 0.616126
5.13348e-17 0.838361 0.545115
0.571274 0.820759 0
0.805976 0.278827 0.522167
0.465913 0.419385 0.779129
0.981274 0.192615 0
0.197636 0 0.980276
0.503402 0.617692 0.604188
0.389848 0.920879 0
0.7312 0.51565 0.4466
0.450148 0.572946 0.684909
0.95137 0 0.308049
0.675608 0.613373 0.409057
0.520312 0.46568 0.715834
0.767113 0.641512 0
0.674689 0.738102 1.86424e-173
0.841051 0.540956 0
0.748578 1.07577e-71 0.663047
0.763857 0.566916 0.308428
