0.603573 0.797308
0.942072 0.335411
0.613481 0.78971
0.518591 0.855022
0.737019 0.675872
0.909491 0.415723
0.867832 0.496857
0.292761 0.956186
0.187511 0.982262
0.892053 0.451931
0.861609 0.507572
0.989481 0.14466
0.434734 0.900559
0.26009 0.965584
0.873999 0.485927
0.338612 0.940926
0.660834 0.750532
0.809711 0.586828
0.729095 0.684413
1 5.77338e-17
0.978637 0.205594
0.956903 0.290407
0.829635 0.558306
0.84897 0.52844
0.961571 0.274558
0.0953355 0.995445
0.982459 0.18648
0.687507 0.726178
0.323676 0.946168
0.781956 0.623334
0.952096 0.3058
6.12323e-17 1
0.276651 0.96097
0.704558 0.709647
0.903778 0.428001
0.767474 0.641081
0.367499 0.930024
0.529785 0.848132
0.459823 0.888011
0.721066 0.692866
0.995498 0.0947806
0.936876 0.349662
0.167296 0.985907
0.880107 0.474775
0.145377 0.989376
0.789055 0.614323
0.0635257 0.99798
0.986075 0.166303
0.886138 0.463421
0.855302 0.518131
0.408681 0.912677
0.760035 0.649883
0.551609 0.834103
0.823069 0.567942
0.447381 0.894343
0.926209 0.37701
0.752509 0.658582
0.471986 0.881606
0.931599 0.363487
0.206938 0.978354
0.24295 0.970039
0.97463 0.223822
0.947151 0.320789
0.121805 0.992554
0.651661 0.75851
0.836139 0.548518
0.623285 0.781995
0.632907 0.774228
0.774772 0.63224
0.696104 0.717941
0.381527 0.924358
0.225365 0.974274
0.897965 0.440066
0.802916 0.596092
0.842575 0.538578
0.593496 0.804837
0.920717 0.390232
0.992639 0.121111
0.712879 0.701287
0.562306 0.826929
0.816435 0.577437
0.50723 0.86181
0.796032 0.605254
0.572851 0.819659
0.915129 0.40316
0.583257 0.812287
0.642379 0.766387
0.97044 0.241344
0.421859 0.906661
0.395227 0.918584
0.308416 0.951252
0.495683 0.868503
0.669897 0.742454
0.540772 0.841169
0.678807 0.734317
0.353171 0.935559
0.744881 0.667198
0.998 0.063217
0.966078 0.258249
0.483944 0.875099
