0.80326 0.595628 0
0.517222 0 0.855851
0.432381 0.467638 0.770948
0.566809 0 0.823849
0.472057 0.814338 0.337662
4.74611e-17 0.775099 0.63184
0.884758 0.271124 0.379072
0.502089 0.864816 0
0.547126 0.610714 0.572435
0.666147 0.372453 0.646164
5.87671e-17 0.959739 0.280892
0.551395 0.834244 0
0.693698 0.470475 0.545378
3.40495e-17 0.55607 0.831135
0.478491 0.699677 0.530564
0.849202 0 0.528068
5.55159e-17 0.906644 0.421897
0.734893 0.529562 0.423671
0.870101 0.492874 0
0.976169 0.21701 0
3.99002e-17 0.65162 0.758545
0.613265 0 0.789878
0.791718 0.283012 0.541375
0.423336 0.775365 0.46861
0.226582 0 0.973992
0.936293 2.02054e-86 0.351219
0.31932 0.846654 0.425691
0.343345 0.600773 0.721932
0.877412 0 0.479738
0.588009 0.650136 0.481216
6.12323e-17 1 0
0.664134 0.585884 0.464399
3.079e-17 0.502838 0.86438
2.72749e-17 0.445433 0.895315
0.337903 0.738758 0.583145
0.494971 0.50237 0.708963
0.490091 0.322901 0.809658
0.393863 2.147e-212 0.919169
1.24011e-17 0.202525 0.979277
0.705988 0 0.708223
0.298661 0.354257 0.886174
0.912534 0.309438 0.267449
0.295683 0.801248 0.520166
0.284408 0.913885 0.289701
0.729452 0.324264 0.602289
5.3741e-17 0.877658 0.479288
6.01415e-17 0.982185 0.187915
0.301329 0.682651 0.665724
0.689524 0.724263 4.27486e-101
0.728545 0.684998 0
0.631932 0.693047 0.346911
0.570031 0.769789 0.28721
0.473068 0.579444 0.663665
0.317133 0 0.948381
0.703031 0.634699 0.320785
4.25995e-17 0.695702 0.71833
0.815133 0 0.579274
0.908195 5.21694e-236 0.418548
0.650368 0.759619 0
0.458227 0 0.888835
0.778792 0 0.627282
0.263266 0.256039 0.930126
0.832103 0.334025 0.442756
0.611232 0.52107 0.595719
0.303543 0.535359 0.788195
4.96884e-17 0.811473 0.58439
0.547397 0.364138 0.753499
0.982296 0 0.187333
0.583548 0.448752 0.676826
0.224584 0.974455 0
0.743464 0 0.668776
0.858224 0.412759 0.305092
0.661067 0 0.750327
0.533163 0.735224 0.418548
0.770544 0.567674 0.289841
0.805731 0.475445 0.3532
0.445074 0.895494 0
4.51025e-17 0.736579 0.676351
0.381232 0.924479 0
1 0 0
3.70812e-17 0.605583 0.795782
0.899341 0.437247 0
0.766008 0.418173 0.488224
0.628912 0.29412 0.719696
5.17813e-17 0.845653 0.533733
0.959935 0 0.280224
0.382794 0.871059 0.307776
2.33874e-17 0.381945 0.924185
0.765377 0.643582 0
0.425689 0.656501 0.622733
0.416642 0.285835 0.862965
0.954593 0.297912 0
5.72266e-17 0.934582 0.355748
0.309928 0.95076 0
0.343437 0.431105 0.834385
6.12323e-17 0 1
0.602581 0.798058 0
1.85236e-17 0.302513 0.953145
0.838745 0.544524 0
0.928345 0.371719 0
