0.441509 0.271743 0.855117
0.684601 0.566388 0.458831
0.518061 0.326069 0.790754
4.86338e-17 0.79425 0.607591
4.13658e-17 0.675555 0.73731
0.642868 0 0.765977
0.974284 0 0.225322
0.653442 0.656974 0.37603
1 1.97735e-18 0
0.606006 0.79546 7.9438e-17
0.53203 0.535113 0.6562
0.947585 3.3821e-17 0.319504
0.326164 0 0.945313
0.773284 0.634059 4.19572e-17
5.09731e-17 0.832455 0.554093
0.410306 0.402804 0.818167
2.80839e-17 0.458645 0.888619
0.509096 0.860709 0
0.405411 0.866071 0.29251
0.61878 0.726507 0.298828
0.537423 0 0.843313
0.312576 0.949893 7.9438e-17
5.31541e-17 0.868072 0.496439
0.289024 0.446135 0.847012
6.00737e-17 0.981078 0.193613
0.467061 0.71268 0.523395
0.28003 0.806746 0.520331
0.265663 0.884002 0.384662
0.886258 0 0.463193
0.98057 0.196167 7.9438e-17
0.736983 0.675911 4.19572e-17
0.845283 0.534318 0
0.231644 0 0.972801
4.3936e-17 0.717529 0.696528
5.86114e-17 0.957197 0.289438
0.405907 0 0.913914
0.347683 0.837075 0.422401
0.810459 0.585796 4.19572e-17
0.56573 0.410556 0.715117
0.777246 2.77413e-17 0.629197
0.559097 0.829102 7.9438e-17
0.474756 1.69449e-17 0.880117
0.9355 0.242213 0.257242
6.12323e-17 1 4.19572e-17
0.321185 0.746125 0.583213
1.90442e-17 0.311015 0.950405
0.588718 0 0.808339
0.502023 0.629443 0.593106
0.279347 0.599608 0.749957
0.324814 0.655103 0.682155
0.786999 0.551356 0.276837
0.385499 0.922708 4.19572e-17
0.422026 0.777922 0.465544
0.917078 3.27322e-17 0.398708
0.700111 0.364266 0.61413
0.64467 0.512241 0.567458
0.72053 0.616611 0.317219
0.762931 0.312715 0.565814
0.903184 0.429254 0
0.488366 0.81235 0.318727
0.956025 0.293285 7.9438e-17
0.738207 2.63479e-17 0.674575
0.450688 0.892682 4.19572e-17
0.69874 0.715376 7.9438e-17
3.16983e-17 0.517672 0.855579
0.566167 0.682809 0.461766
6.12323e-17 2.22756e-20 1
0.60692 0.270921 0.747162
2.40976e-17 0.393544 0.919306
0.693373 2.47478e-17 0.720578
0.333616 0.518729 0.78716
0.758264 0.512398 0.403093
0.53616 0.755875 0.375746
0.653748 0.756712 7.9438e-17
0.468126 0.469648 0.748525
1.2735e-17 0.207978 0.978133
0.423623 0.571876 0.702497
0.856656 0.34417 0.384301
0.292935 0.916286 0.273147
0.851464 3.03903e-17 0.524412
0.616379 0.45823 0.640392
5.70507e-17 0.931709 0.363207
0.226604 0.973987 0
5.51908e-17 0.901334 0.433125
0.813929 0 0.580964
0.875279 0.483618 0
0.826074 0.274461 0.492213
0.724772 0.453865 0.518374
3.50352e-17 0.572168 0.820136
0.660403 0.307815 0.684922
0.794576 0.404779 0.452552
0.598691 0.601977 0.528387
3.83053e-17 0.625573 0.780165
4.6354e-17 0.757017 0.653395
0.264087 0.257286 0.929549
0.387429 0.680624 0.621812
0.928689 0.370858 4.19572e-17
0.896883 0.305368 0.319923
0.323874 0.331332 0.886186
0.833083 0.456263 0.312726
