0.41503 0.909808
0.362194 0.932103
0.583464 0.812139
0.440036 0.89798
0.0950106 0.995476
0.334182 0.942509
0.814528 0.580124
0.890026 0.45591
0.402201 0.915552
0.836287 0.548292
0.998152 0.0607623
0.792012 0.610505
0.919657 0.392722
0.744993 0.667072
0.857279 0.514852
0.0633577 0.997991
0.389131 0.921183
0.487499 0.873124
0.186558 0.982444
0.914021 0.405667
0.510019 0.860163
0.257812 0.966195
0.427651 0.903944
0.304871 0.952394
0.552906 0.833243
0.995836 0.0911641
0.728795 0.684731
0.712211 0.701965
0.452213 0.89191
0.96851 0.248975
0.542426 0.840104
0.829114 0.559079
0.983751 0.179538
0.908186 0.418566
0.375766 0.926715
0.668821 0.743423
0.940957 0.338525
0.612942 0.790128
0.976477 0.215622
0.498871 0.866676
0.144858 0.989452
0.686525 0.727106
0.641407 0.767201
0.520983 0.853567
0.76884 0.639442
0.121378 0.992606
0.821856 0.569696
0.935838 0.35243
0.573399 0.819276
0.603231 0.797566
0.703772 0.710426
0.799584 0.600554
0.93058 0.366088
0.223733 0.97465
0.720543 0.693411
0.28964 0.957136
0.563225 0.826304
0.88373 0.467997
1 0
0.776639 0.629946
0.632034 0.77494
0.987112 0.160032
6.12323e-17 1
0.475936 0.87948
0.784358 0.620308
0.945892 0.324482
0.319688 0.947523
0.622549 0.782581
0.531767 0.846891
0.27397 0.961738
0.753002 0.658018
0.464162 0.88575
0.205584 0.978639
0.166415 0.986056
0.695217 0.7188
0.990276 0.139118
0.241087 0.970504
0.807088 0.590431
0.864081 0.503354
0.959928 0.280245
0.593392 0.804914
0.677731 0.73531
0.993186 0.116539
0.650667 0.759363
0.870741 0.491741
0.348341 0.937368
0.950736 0.310001
0.97259 0.232529
0.964315 0.264758
0.955394 0.295335
0.843389 0.537304
0.980213 0.197945
0.877284 0.479972
0.659811 0.751432
0.925182 0.379524
0.902297 0.431116
0.896227 0.443595
0.760966 0.648791
0.736923 0.675976
0.850384 0.526162
