0.700832 0.302434 0.646041
0.405334 0.63055 0.661899
5.69612e-17 0.930248 0.366933
0.256496 0.263073 0.930055
0.712129 0.480854 0.511519
0.625959 0.356639 0.693529
0.349808 0.306776 0.885168
0.463572 0.271516 0.843433
0.825471 0 0.564445
3.20846e-17 0.523981 0.85173
5.37194e-18 6.09962e-17 1
0.594731 0.277838 0.754388
0.568128 0 0.82294
4.66806e-17 0.762353 0.647162
0.380785 0.507555 0.772911
0.31421 0.949353 0
0.752941 0 0.658088
0.71362 0 0.700533
3.84618e-17 0.628129 0.778109
0.91803 0 0.39651
0.639361 0.689823 0.33965
0.973204 0 0.229943
0.57578 0.490062 0.654458
0.823075 0.465876 0.324819
4.89478e-17 0.799378 0.600829
0.898445 0.439085 0
0.712221 0.631297 0.306927
1.94372e-17 0.317433 0.948281
0.584214 0.763839 0.274308
0.708155 0.706057 0
0.50899 0.448051 0.734969
0.461765 0.547849 0.697592
0.866069 0.499924 4.26597e-18
0.928465 0.37142 0
0.786647 0.419157 0.453314
0.671849 0 0.740688
1 0 2.55201e-17
0.494578 0.813552 0.30582
0.66664 0.434122 0.605912
0.439706 0.784414 0.437439
0.857437 0.313561 0.408021
0.301924 0.910306 0.28317
5.50888e-17 0.899668 0.436575
0.530228 0.593317 0.605668
6.12323e-17 1 3.10508e-17
0.447093 0 0.894487
0.789969 0 0.613147
0.672956 0.593056 0.442057
0.75123 0.66004 0
0.616845 0.787085 0
3.54019e-17 0.578157 0.815925
0.58881 0.646406 0.485244
0.666529 0.745479 0
0.526308 0.326731 0.785014
6.00463e-17 0.98063 0.195868
0.510177 0 0.860069
5.1061e-17 0.83389 0.551931
0.398351 0.854264 0.33399
0.269075 0.416182 0.868557
0.308483 0.717151 0.624926
0.547749 0.733294 0.402804
1.38808e-17 0.226691 0.973967
0.274134 0.660004 0.699461
0.98036 0.197219 0
0.203072 0 0.979164
0.495041 0.706508 0.505748
0.947472 0 0.319838
0.750834 0.341632 0.565275
5.30451e-17 0.866292 0.499538
0.889761 0 0.456426
2.4161e-17 0.394579 0.918862
0.38395 0 0.923354
0.813135 0.292264 0.503382
0.621915 0 0.783085
0.626229 0.547361 0.555188
0.833425 0.552633 0
0.228334 0.973583 4.26597e-18
2.83e-17 0.462175 0.886789
0.92333 0.267539 0.275473
0.299863 0.478506 0.825296
0.793717 0.608287 0
0.879979 0.375411 0.291038
0.268873 0.875738 0.400986
0.309118 0.819855 0.481959
0.563633 0.826026 4.26597e-18
5.85507e-17 0.956205 0.292697
0.425543 0.400424 0.811525
0.776194 0.569326 0.270905
0.451608 0.675379 0.583021
0.387427 0.9219 4.26597e-18
0.30344 0 0.952851
0.510255 0.860023 4.26597e-18
0.452725 0.89165 0
0.955538 0.294869 0
4.14659e-17 0.677189 0.735809
0.858761 0 0.512377
4.42789e-17 0.72313 0.690712
0.354583 0.758685 0.546506
0.748792 0.52899 0.399351
0.31041 0.589342 0.74587
