0.0942318 0.99555
0.882674 0.469986
0.286476 0.958088
0.505563 0.86279
0.516614 0.856219
0.807536 0.589819
0.888883 0.458134
6.12323e-17 1
0.900979 0.433864
0.385254 0.922811
0.372007 0.92823
0.254998 0.966941
0.66472 0.747092
0.945275 0.326274
0.494348 0.869264
0.67344 0.739241
0.628541 0.777777
0.955278 0.29571
0.527546 0.849526
0.23848 0.971147
0.164797 0.986327
0.829101 0.559099
0.690474 0.723357
0.619111 0.785303
0.985507 0.169633
0.973615 0.228197
0.559461 0.828856
0.482986 0.875628
0.777741 0.628585
0.358519 0.933522
0.271012 0.962576
0.72319 0.69065
0.977766 0.209699
0.960092 0.279685
0.800215 0.599713
0.91266 0.408721
0.589985 0.807415
0.739082 0.673615
0.876351 0.481674
0.120291 0.992739
0.934826 0.355107
0.609563 0.792737
0.637789 0.770211
0.435791 0.900048
0.906862 0.421428
0.950342 0.311208
0.646896 0.762579
0.918344 0.395783
0.599854 0.80011
0.715139 0.698982
0.754708 0.656061
0.316327 0.94865
1 0
0.330742 0.943721
0.143497 0.989651
0.447863 0.894102
0.423502 0.905895
0.992336 0.123566
0.548965 0.835845
0.856708 0.515802
0.459748 0.88805
0.995313 0.0967011
0.344768 0.938688
0.579982 0.814629
0.770131 0.637886
0.836138 0.54852
0.843088 0.537776
0.682008 0.731345
0.923937 0.382544
0.849955 0.526856
0.30158 0.953441
0.940111 0.34087
0.569792 0.821789
0.785312 0.6191
0.814813 0.579724
0.863369 0.504573
0.538332 0.842733
0.74694 0.664892
0.184671 0.9828
0.0628752 0.998021
0.39823 0.917286
0.997919 0.0644835
0.762426 0.647076
0.221351 0.975194
0.989057 0.147533
0.792801 0.60948
0.822002 0.569484
0.929442 0.368968
0.471439 0.881899
0.707022 0.707191
0.869908 0.493214
0.96927 0.246001
0.981738 0.190236
0.655918 0.754833
0.410986 0.911641
0.731155 0.682211
0.203447 0.979086
0.894993 0.44608
0.964756 0.263144
0.698803 0.715314
