0.927617 0.482195
0.533669 0.89899
0.607457 0.850871
0.385956 0.971609
1.03032 0.177296
0.627427 0.836254
0.863111 0.589937
0.597282 0.858044
0.87813 0.567338
0.656701 0.813467
0.90701 0.519921
0.722055 0.756057
1.0264 0.19871
1.00391 0.291792
0.617473 0.84363
0.328221 0.992601
1.04327 0.0675587
0.993744 0.324744
1.01795 0.23824
0.791489 0.68303
0.476061 0.93078
0.965685 0.400547
0.399638 0.966062
0.51124 0.911932
1.02228 0.218928
0.210642 1.02402
0.959661 0.414773
0.487999 0.924577
0.97733 0.37123
0.438991 0.948827
1.03742 0.129382
0.940793 0.455954
0.855498 0.600923
0.703791 0.773087
0.646991 0.821212
0.748727 0.729653
0.637266 0.828781
0.892751 0.544042
0.947201 0.442489
0.463928 0.936887
0.191051 1.02785
0.816111 0.653413
0.124259 1.03805
0.757431 0.720613
0.17043 1.03147
0.312923 0.997529
0.899936 0.532072
0.544633 0.89239
1.04054 0.101299
0.934261 0.469192
0.783106 0.692626
0.675753 0.797712
0.148341 1.03488
0.576607 0.872072
0.731035 0.747378
0.808001 0.663415
0.229286 1.02001
0.953491 0.428766
0.413027 0.960414
0.297196 1.00233
0.774625 0.702098
0.28102 1.00698
0.0972656 1.04093
0.37198 0.977045
1.034 0.154376
0.971574 0.386043
0.499705 0.918303
0.587029 0.865091
0.357699 0.982363
0.247162 1.01582
0.840033 0.622358
1.04546 0
0.799786 0.673297
0.847813 0.611718
1.01344 0.256746
0.988406 0.340645
0.522538 0.905505
0.694543 0.781406
0.685209 0.789603
0.451582 0.942899
0.343156 0.987537
6.40159e-17 1.04546
0.998914 0.308473
0.264365 1.01148
0.566083 0.87894
0.982939 0.356112
0.666288 0.805634
0.712961 0.764639
0.832138 0.632875
0.885496 0.555772
0.913984 0.507561
0.870674 0.578715
0.73993 0.738572
0.920855 0.494987
0.555432 0.885709
0.824157 0.643235
0.426148 0.954664
0.0648189 1.04345
0.766052 0.711442
1.00876 0.27457
