0.651357 0.758772 0
0.488299 0.812354 0.318817
6.12323e-17 1 0
0.585703 0.414026 0.696803
0.917194 0.283088 0.280388
0.268903 0.544455 0.794519
0.602198 0.798347 0
0.92204 0.387095 0
0.418714 0.779776 0.465432
0.293843 0.903026 0.313368
2.47119e-17 0.403576 0.914946
0.45708 0.275172 0.845789
4.81866e-17 0.786947 0.617021
0.839345 0 0.5436
0.755108 0.596034 0.273047
0.332947 0.844409 0.419665
0.949534 0.313664 0
0.593135 0.583558 0.554663
0.878713 0.307523 0.365093
0.745262 0.280214 0.605032
0.806553 0 0.591161
0.739359 0.673311 0
0.223665 0.974666 0
0.543352 0.531396 0.649913
1.42504e-17 0.232727 0.972542
0.286258 0.801081 0.525667
0.498751 0.866745 2.01532e-17
0.697478 0.716606 2.01532e-17
0.956231 0 0.292611
0.929809 0 0.368043
0.428516 0 0.903534
5.42251e-17 0.885564 0.464518
0.558226 0.67812 0.478056
0.827485 0.36384 0.427654
5.74478e-17 0.938194 0.34611
0.674177 0.332532 0.659476
0.716495 0.410879 0.56375
0.760446 0.455849 0.462518
0.319869 0.739219 0.592654
1 4.43562e-17 2.01532e-17
5.62671e-18 6.09733e-17 1
0.6155 0.725433 0.308071
0.795064 0.313436 0.519261
5.04176e-17 0.823381 0.567488
0.679581 0.52499 0.512402
4.59706e-17 0.750757 0.660579
5.59043e-17 0.912986 0.40799
0.973749 0.227624 2.01532e-17
0.493718 0.465056 0.734823
4.36265e-17 0.712474 0.701698
0.644642 0 0.764484
0.721496 0.563161 0.402856
0.64111 0.627264 0.442174
0.341319 0.33058 0.879897
4.10616e-17 0.670587 0.741831
0.438085 0.578256 0.68826
0.288738 0 0.957408
0.377253 0.92611 0
0.980647 0 0.195782
0.85893 0.512093 0
2.84155e-17 0.464061 0.885803
0.617024 0.281132 0.735014
3.83444e-17 0.626211 0.779654
0.870144 0 0.492798
0.690396 0 0.723432
3.18255e-17 0.519749 0.854319
0.411294 0.863906 0.290695
0.491024 0 0.871146
0.193114 0 0.981176
5.25014e-17 0.857413 0.514629
0.852949 0.429167 0.297142
0.679921 0.659209 0.321172
0.38717 0.513185 0.76599
0.82369 0.567041 0
0.797698 0.504611 0.330221
5.88435e-17 0.960988 0.27659
0.768867 0 0.639409
0.49182 0.632912 0.597943
0.635798 0.47125 0.611297
0.308152 0.617496 0.723699
0.548756 0 0.835983
0.309289 0.950968 2.01532e-17
0.453949 0.71226 0.535365
0.900647 0 0.434552
0.596139 0 0.802881
0.440827 0.897592 0
0.891687 0.452652 0
0.532633 0.328253 0.780098
0.26461 0.278201 0.923356
3.51992e-17 0.574846 0.818262
6.0176e-17 0.982748 0.184949
0.301156 0.444484 0.843646
0.552406 0.833575 0
0.728584 0 0.684957
0.53189 0.753798 0.385852
0.782976 0.622052 2.01532e-17
1.99208e-17 0.325332 0.9456
0.425454 0.403497 0.810049
0.355634 0.672844 0.648695
0.362834 0 0.931854
