0.809089 0.587687
0.479207 0.877702
0.92215 0.386832
0.976989 0.21329
0.630714 0.776015
0.501634 0.86508
0.406733 0.913547
0.881062 0.473
0.893185 0.449689
0.603082 0.797679
0.353444 0.935456
0.612429 0.790526
0.910819 0.412806
0.772451 0.635074
0.80198 0.597351
0.85602 0.516943
0.981087 0.193569
0.683349 0.730092
0.794759 0.606925
0.963615 0.267293
0.209979 0.977706
0.9727 0.232067
0.733227 0.679984
0.764813 0.644253
0.64861 0.761121
0.843054 0.53783
0.93317 0.359435
0.868676 0.495381
6.12323e-17 1
0.245927 0.969288
0.779996 0.625784
0.6574 0.753542
0.905008 0.425394
0.691871 0.722021
0.544209 0.83895
0.787437 0.616395
0.741284 0.671191
0.997832 0.0658057
0.666135 0.745831
0.716916 0.69716
1 5.99477e-17
0.262813 0.964847
0.380623 0.92473
0.533869 0.845567
0.419409 0.907797
0.324903 0.945747
0.99512 0.0986744
0.849572 0.527473
0.124227 0.992254
0.490495 0.871444
0.0648664 0.997894
0.992029 0.12601
0.512553 0.858656
0.456022 0.889968
0.367179 0.93015
0.467724 0.883875
0.874914 0.484278
0.862359 0.506298
0.574316 0.818634
0.339348 0.940661
0.822958 0.568102
0.829764 0.558114
0.700306 0.713843
0.148189 0.988959
0.17015 0.985418
0.984974 0.172701
0.564481 0.825446
0.816068 0.577956
0.27911 0.960259
0.953966 0.299916
0.639712 0.768615
0.0972661 0.995258
0.554418 0.832238
0.749244 0.662294
0.393805 0.919194
0.190619 0.981664
0.584033 0.81173
0.444033 0.896011
0.523317 0.852138
0.958844 0.283935
0.887157 0.461468
0.988633 0.150347
0.431862 0.90194
0.674782 0.738017
0.593629 0.804739
0.899118 0.437706
0.938556 0.345127
0.75708 0.653322
0.31008 0.950711
0.228335 0.973583
0.725102 0.688641
0.948951 0.315422
0.943818 0.330466
0.927701 0.373325
0.621621 0.783318
0.916522 0.399985
0.708638 0.705572
0.836454 0.548037
0.96824 0.250021
0.294811 0.955556
