0.526683 0.478752 0.791648
0.328949 0.361882 0.945589
0.389661 0.428673 0.893145
0.7771 0.706379 0.174497
0.312972 0.344305 0.957501
0.497769 0.452469 0.825108
0.188846 0.207753 1.02688
0.707557 0.778395 0.16361
0.698639 0.635059 0.491843
0.252924 0.229907 1.0082
0.746739 0.678782 0.339029
0.127632 0.116017 1.0505
0.631098 0.573664 0.637127
4.41364e-17 4.79708e-17 1.06457
0.386179 0.351034 0.927872
0.230942 0.209925 1.01779
0.226978 0.249703 1.00967
0.608416 0.669328 0.561369
0.497824 0.547664 0.765206
0.157473 0.143142 1.04308
0.206692 0.187882 1.02727
0.350839 0.318911 0.953159
0.273872 0.248948 0.99816
0.676189 0.743887 0.350294
0.472435 0.519733 0.799992
0.752838 0.752689 5.84394e-17
0.467606 0.425052 0.856727
0.0503294 0.0553682 1.06194
0.702181 0.772481 0.208611
0.70896 0.644441 0.464086
0.432254 0.47553 0.848725
0.728667 0.662355 0.404519
0.660974 0.727148 0.409481
0.712277 0.783588 0.109342
0.445929 0.490574 0.83294
0.627192 0.689984 0.513671
0.567503 0.62432 0.649207
0.689957 0.759033 0.284839
0.636121 0.699808 0.488798
0.618985 0.562654 0.65847
0.368723 0.335167 0.940751
0.783015 0.711757 0.116597
0.403235 0.366539 0.914525
0.208244 0.229093 1.01856
0.418338 0.460221 0.864
0.588522 0.647443 0.606436
0.787754 0.716064 5.84394e-17
0.137472 0.151235 1.04477
0.554462 0.504003 0.756213
0.68803 0.625415 0.518436
0.279814 0.307829 0.979924
0.668732 0.735683 0.380622
0.164014 0.180434 1.03627
0.262695 0.288995 0.990343
0.35986 0.395888 0.920369
0.183853 0.167121 1.03517
0.0833296 0.0757462 1.0586
0.106698 0.0969879 1.05476
0.677171 0.615545 0.54392
0.533875 0.587325 0.709459
0.344545 0.37904 0.933232
0.296644 0.326343 0.968921
0.404131 0.444591 0.878818
0.719011 0.653577 0.434932
0.245046 0.269579 1.00029
0.459331 0.505318 0.816685
0.683254 0.751659 0.318557
0.598599 0.658529 0.58423
0.294076 0.267313 0.987607
0.716064 0.787754 9.28268e-17
0.419856 0.381646 0.900762
0.654621 0.595047 0.592196
0.578144 0.636026 0.628112
0.617929 0.679794 0.537912
0.52213 0.574404 0.728523
0.540709 0.491501 0.774187
0.485281 0.533865 0.782812
0.567922 0.516238 0.737745
0.512388 0.465758 0.8086
0.482843 0.438902 0.841149
0.332459 0.302203 0.965116
0.581103 0.52822 0.718754
0.510098 0.561168 0.747125
0.642984 0.584469 0.615039
0.556546 0.612265 0.669845
0.436145 0.396453 0.886514
0.545355 0.599955 0.689889
0.652966 0.718338 0.436957
0.666025 0.605413 0.568498
0.374928 0.412464 0.906977
0.770373 0.700265 0.222394
0.644704 0.70925 0.463278
0.452035 0.410898 0.871856
0.763002 0.693565 0.264764
0.606617 0.551412 0.679165
0.696268 0.765976 0.248592
0.3136 0.28506 0.976576
0.737912 0.670758 0.372659
0.59398 0.539924 0.699267
0.755109 0.68639 0.303291
