0.523293 0.925734
0.100986 1.05859
0.860053 0.625402
1.00352 0.351814
0.906249 0.556356
0.920879 0.53179
0.835726 0.657556
0.748983 0.754879
0.692797 0.806754
0.0673604 1.06126
0.968292 0.439579
0.913612 0.54418
0.711881 0.789964
0.580343 0.891078
0.591253 0.883877
0.94877 0.480264
0.867999 0.614326
0.935069 0.506424
0.891206 0.580147
0.673388 0.823023
0.129026 1.05554
0.819025 0.678245
1.0634 4.41892e-17
0.775866 0.727221
0.941974 0.493461
0.435775 0.97001
0.623017 0.861782
0.569279 0.898187
1.05881 0.098682
0.702404 0.798403
0.82743 0.667966
1.03747 0.233416
1.04921 0.173109
0.980599 0.411392
0.683131 0.814954
0.612579 0.869233
1.06137 0.0656929
0.23688 1.03668
0.852032 0.636286
0.633326 0.854235
0.217875 1.04084
0.153905 1.0522
0.88357 0.591711
0.802009 0.698284
1.05592 0.125932
0.643497 0.846599
0.928034 0.519202
0.73056 0.772723
0.395155 0.987255
1.03316 0.25178
0.81057 0.688328
6.51144e-17 1.0634
1.0527 0.150437
0.535041 0.918994
0.30585 1.01847
1.02864 0.269663
0.461729 0.957928
0.898784 0.568336
0.87583 0.603109
0.653555 0.838859
1.01406 0.320144
0.784682 0.7177
0.739805 0.763876
1.0089 0.336074
1.04161 0.214185
0.955422 0.466891
0.767001 0.736566
0.176667 1.04862
0.601991 0.876599
0.321666 1.01358
0.998031 0.367087
0.558038 0.905214
0.546637 0.912144
0.255118 1.03234
0.422454 0.975885
0.197884 1.04483
0.75804 0.745784
0.511338 0.932391
0.721249 0.781421
0.961927 0.453339
0.33705 1.00857
1.04552 0.194199
0.663539 0.830984
1.0191 0.303725
1.02396 0.286922
0.84392 0.647006
0.352062 1.00343
0.381071 0.992776
0.448819 0.964044
0.974497 0.425644
0.793389 0.708063
0.486902 0.945381
0.289478 1.02324
0.992362 0.382147
0.499222 0.938933
0.27262 1.02786
0.408935 0.981627
0.47441 0.951711
0.366708 0.99817
0.98655 0.39691
