1.07664 0.246148
0.337113 1.05171
0.611908 0.919411
0.680935 0.869526
0.881267 0.665669
0.812345 0.748227
0.74469 0.815588
0.669777 0.87815
0.702796 0.851954
1.06269 0.300719
1.03128 0.395242
0.134923 1.09615
0.39979 1.02952
0.905014 0.633006
0.550504 0.957441
1.02565 0.409629
0.976586 0.515778
1.00201 0.464451
0.847892 0.707691
0.161002 1.09262
0.8392 0.717977
0.734483 0.824792
0.942254 0.576112
0.935035 0.587755
1.09627 0.133923
0.635483 0.903276
0.511834 0.978659
0.429245 1.01759
1.00809 0.451102
0.320449 1.05691
0.983122 0.503207
0.821407 0.738267
0.267204 1.07161
0.793762 0.767913
0.498589 0.985473
0.784258 0.777616
0.248111 1.07619
0.949336 0.564366
0.83036 0.728183
1.10221 0.0699269
0.873109 0.676335
1.03679 0.380539
0.754804 0.806237
0.303285 1.06196
0.99582 0.477588
1.06748 0.283261
0.724074 0.833945
0.956329 0.552434
0.587809 0.935002
1.08097 0.226372
0.989525 0.490498
0.184876 1.08884
0.920276 0.610606
0.691949 0.860787
0.856414 0.697354
0.774592 0.787245
0.353334 1.04638
0.76475 0.796809
0.524864 0.971733
1.09943 0.104846
0.537778 0.964646
0.457666 1.00513
1.04221 0.365445
0.927705 0.599259
1.05776 0.317633
0.864819 0.686903
0.803109 0.758131
0.912714 0.621852
1.01406 0.437527
0.623773 0.911403
1.08513 0.205539
1.04751 0.34995
0.658474 0.886656
0.22818 1.08059
0.647016 0.895052
0.414637 1.02363
0.384663 1.03527
0.369194 1.04089
0.575495 0.942631
0.969944 0.528163
1.10442 0
1.01991 0.42371
0.285572 1.06686
0.20717 1.08482
1.09281 0.159744
6.76263e-17 1.10442
1.05269 0.33404
0.963212 0.540343
0.105671 1.09935
0.485156 0.992155
0.443586 1.01142
0.471519 0.998708
0.897221 0.644004
1.07214 0.26509
0.713521 0.842992
0.0704725 1.10217
0.563085 0.950096
0.889315 0.654879
1.08908 0.183438
0.599953 0.927256
