1.08005 0.242954
1.08838 0.202398
0.922272 0.612328
1.06623 0.297797
0.762044 0.803008
0.94397 0.57832
0.506337 0.984457
0.478427 0.998318
0.645453 0.899401
1.01058 0.451949
0.572528 0.947493
0.492501 0.991451
1.05619 0.331663
0.711626 0.848009
1.10704 2.33784e-17
1.07561 0.261913
0.633827 0.907632
1.01672 0.437968
0.668217 0.88262
0.449567 1.01164
0.26829 1.07404
0.621949 0.915812
0.907377 0.634192
0.679323 0.874101
1.10491 0.0686347
0.985017 0.505246
1.08431 0.223163
0.404408 1.03053
1.071 0.280145
0.184734 1.09152
0.248823 1.07871
0.7905 0.775011
0.951025 0.566643
0.817657 0.746304
0.546602 0.962683
0.690278 0.865476
1.0992 0.131519
0.228453 1.08321
0.771657 0.793774
0.978387 0.517967
1.06129 0.31497
0.884298 0.665994
0.701042 0.85678
0.372841 1.04236
1.00434 0.465653
0.134657 1.09882
0.0702267 1.10481
0.305188 1.06414
0.732234 0.83028
6.77865e-17 1.10704
0.860208 0.696832
0.936813 0.589842
0.388794 1.03652
1.03443 0.394321
0.914861 0.623347
0.53338 0.970071
1.05096 0.347871
0.868361 0.686645
0.464115 1.00505
0.609891 0.923886
0.998005 0.479081
0.929588 0.601164
0.160729 1.09531
0.55968 0.955139
0.656914 0.891065
0.781152 0.784432
0.597672 0.931837
0.991551 0.4923
0.851954 0.706899
1.04558 0.363729
1.04007 0.379189
0.971685 0.530433
1.09223 0.180448
0.419681 1.0244
0.105385 1.10201
0.843558 0.716898
0.519975 0.977322
0.434769 1.01809
0.356548 1.04805
0.722014 0.839183
0.835044 0.726797
0.339849 1.05358
1.10224 0.102926
0.964903 0.542674
0.826378 0.736636
0.752236 0.812203
0.742291 0.821301
0.32272 1.05895
0.799731 0.765482
0.585214 0.939711
1.02865 0.409162
0.876383 0.676377
0.892089 0.655522
1.09585 0.157011
1.02274 0.423713
0.287021 1.06918
0.207156 1.08748
0.957979 0.554804
0.899789 0.644912
0.808776 0.755919
