0.552352 0.4183 0.721063
0.86808 3.80958e-17 0.496425
0.323585 0.672494 0.665617
0.797297 0.603588 5.42622e-17
0.520517 0.674856 0.523099
0.769566 0.356085 0.530067
0.663807 0.678173 0.315343
0.434474 0.858386 0.272774
6.12323e-17 1 0
0.962905 0.269839 7.36313e-17
0.723754 0.300241 0.621318
0.890838 0.454321 5.42622e-17
0.319188 0.524404 0.789379
0.274053 0.442835 0.853693
0.499543 0.327632 0.801944
0.951361 4.17505e-17 0.30808
5.77429e-17 0.943013 0.332756
1 4.38851e-17 7.36313e-17
2.64713e-17 0.432309 0.901726
0.319713 0.792535 0.519299
4.86233e-17 0.794079 0.607814
0.719921 0.694056 5.42622e-17
0.209871 0.977729 5.42622e-17
0.528565 0.848893 5.42622e-17
0.257637 0.928778 0.266449
0.849062 0.428822 0.308554
0.803392 3.52569e-17 0.59545
0.742604 0.491986 0.454412
0.867436 0.324896 0.376826
0.836673 1.57759e-17 0.547702
0.652293 0.333376 0.680716
0.758951 0.651148 5.42622e-17
0.645422 0.525869 0.553978
0.983629 0.180204 5.42622e-17
0.925589 1.74524e-17 0.378531
0.678552 0.734553 0
2.23336e-17 0.364735 0.931111
5.34692e-17 0.873218 0.487329
0.588987 0.29533 0.752247
1.76531e-17 0.288297 0.957541
0.412639 0.712222 0.567863
0.863133 0.504976 5.42622e-17
0.398332 0.823322 0.404317
0.460006 0.756923 0.464179
0.554951 2.43541e-17 0.831883
5.95118e-17 0.971901 0.235389
0.50613 2.22116e-17 0.862457
5.57199e-17 0.909975 0.414662
0.802027 0.457272 0.384258
4.60501e-17 0.752056 0.6591
0.512099 0.79497 0.325236
0.563788 0.586356 0.58166
0.511251 0.531116 0.675676
0.630509 0.776182 5.42622e-17
0.402244 0.576146 0.711517
0.602629 1.13629e-17 0.798021
0.617586 0.642253 0.453981
0.226586 4.27238e-18 0.973991
0.897472 1.69223e-17 0.44107
0.458306 0.630085 0.626855
0.313696 0.949523 0
0.465761 0.88491 5.42622e-17
0.67527 0.561498 0.478257
0.451036 0.468837 0.759446
0.833454 0.552589 0
0.689959 1.30095e-17 0.723848
5.10263e-17 0.833323 0.552787
4.02676e-17 0.65762 0.75335
0.601836 0.749194 0.276591
0.911114 0.290835 0.29204
3.03394e-17 0.495479 0.86862
0.824582 0.304229 0.47698
0.647542 2.84174e-17 0.76203
0.31167 5.8767e-18 0.95019
0.69492 0.425553 0.579648
0.76723 3.367e-17 0.641372
0.729464 1.37544e-17 0.684019
1.18174e-17 0.192994 0.9812
4.33127e-17 0.70735 0.706863
0.396865 0.917877 0
0.288946 0.311167 0.905365
0.712114 0.606152 0.354222
0.916987 0.398918 0
6.11992e-17 2.01448e-18 1
0.579013 0.815318 5.42622e-17
0.411679 0.279077 0.867546
0.380601 7.17642e-18 0.924739
0.290793 0.742564 0.603355
3.69964e-17 0.604197 0.796835
0.264164 0.852701 0.450686
0.564039 0.718619 0.406751
0.319928 0.886685 0.333821
3.38875e-17 0.553425 0.832899
0.773586 0.558831 0.298785
0.388204 0.403551 0.828519
0.607063 0.469368 0.641224
0.941032 0.338319 0
0.446078 8.41101e-18 0.894994
0.974964 4.27864e-17 0.222364
0.273069 0.619318 0.736124
