0.821006 0.858548 2.67056
0.858643 0.178864 3.95048
5.55112e-17 0.85295 4.30864
0.851674 0.6988 3.40213
0.13116 0.221551 5.33084
0.786893 0.786318 3.0037
0.0947168 0.163079 5.50546
0.755438 0.850824 2.99361
0.857821 0.682576 3.52256
0.802406 0.138047 4.15793
0.855013 0.761997 2.94959
0.769876 0.111626 4.38532
0.85078 0.211123 3.90593
0.671645 0.235069 4.87389
0.741302 0.858135 3.08627
0.0380824 0.858721 4.25556
0.249273 0.85908 3.88027
0.779916 0.687596 3.71459
0.854815 0.123254 4.0715
0.0944004 0.798303 4.27877
0.854486 0.666177 3.64485
0.710228 0.233356 4.58419
0.701054 0.856777 3.38297
0.237823 0.1481 5.28192
0.856658 0.067997 4.19865
0.210561 0.853429 3.90504
0.19846 0.761608 4.2562
5.55112e-17 0.226881 5.5818
0.857839 0.745686 3.056
0.16551 0.695321 4.78816
0.156566 9.9015e-18 5.68758
0.0847397 9.9015e-18 5.85455
0.85249 0.797038 2.76098
0.234764 7.18623e-18 5.57719
0.752957 0 4.69999
0.0695658 0.856988 4.19526
0.785527 0.851448 2.81682
0.690917 0.242118 4.72699
0.797376 0 4.4506
0.240567 0.048416 5.50514
0.857604 0.649206 3.76428
0.844609 0.840004 2.6372
0.124833 0.850511 4.07001
0.240045 0.703305 4.6337
0.857678 0.150339 4.00822
0.16497 0.244614 5.24395
0.0840855 0.744905 4.61029
0.711832 0.711126 3.99377
0.207843 0.229025 5.18015
0.84674 0.730647 3.16827
0.241141 0.741212 4.35455
0.0921149 0.243723 5.41164
0.0977024 0.858592 4.13155
0.0493638 0.245206 5.50224
0.858603 0.0960265 4.13548
0.696533 0.778551 3.65437
0.245496 0.184571 5.20718
0.85845 0.816175 2.68534
0.660365 0.858155 3.6859
0.727417 0.856873 3.18573
0.674118 0.85093 3.58839
5.55112e-17 0.127223 5.75424
0.769887 0.858218 2.90087
0.747171 0.76939 3.33553
0.214815 0.798923 4.03591
0.789379 0.242613 4.06233
0.248575 0.24858 5.14662
0.243992 0.820469 3.93908
0.717348 0 4.95289
0.766581 0.228332 4.19443
0.729353 0.200038 4.47411
0.699724 0.131051 4.83099
0.244912 0.0872271 5.42268
0.178954 0.857888 3.95038
0.816544 0.235648 3.95389
0.859103 0.859111 2.61402
0.8533 0 4.30846
0.239593 0.675411 4.8442
0.220072 0.723294 4.4959
0.128427 0.0915211 5.59036
0.150679 0.858606 4.00738
0.206379 0.123311 5.36506
0.7647 0.729386 3.48921
0.858142 0.778702 2.85062
0.801973 0.857174 2.73803
0.859072 0.2492 3.88027
0.242069 0.77619 4.13195
0.646272 0.856379 3.78455
0.223629 0.655435 4.99802
0.653913 0.21405 5.01739
5.55112e-17 0.725668 4.89128
0 0.783687 4.51686
5.55112e-17 7.18623e-18 6
5.55112e-17 0.687423 5.17895
0.858727 0.0372993 4.25688
0.857709 0.71469 3.27989
0.682139 9.9015e-18 5.21874
0.745037 0.240637 4.32822
0.714728 0.846066 3.28644
0.687444 0.858102 3.48587
