0.46493 0.46493 0.753446
0.477371 0.477371 0.737722
0.695327 0.695327 0.181771
0.627835 0.627835 0.46005
0.406879 0.406879 0.817863
0.247549 0.247549 0.936717
0.637306 0.637306 0.433224
0.667456 0.667456 0.330158
0.646413 0.646413 0.40534
0.322163 0.322163 0.890181
0.290468 0.290468 0.911733
0.0608437 0.0608437 0.996291
0.692306 0.692306 0.203529
0.519646 0.519646 0.678185
0.675144 0.675144 0.297256
0.597558 0.597558 0.534647
0.077884 0.077884 0.993916
0.199594 0.199594 0.959335
0.537071 0.537071 0.650469
0.393517 0.393517 0.830836
0.373047 0.373047 0.849513
0.641896 0.641896 0.419451
4.32978e-17 4.32978e-17 1
0.32976 0.32976 0.8846
0.145042 0.145042 0.978737
0.586986 0.586986 0.557579
0.386757 0.386757 0.837161
0.238416 0.238416 0.941443
0.133011 0.133011 0.982149
0.314434 0.314434 0.895691
0.22906 0.22906 0.946078
0.698184 0.698184 0.158362
0.219504 0.219504 0.950598
0.618021 0.618021 0.4859
0.67135 0.67135 0.313974
0.501815 0.501815 0.704531
0.489676 0.489676 0.721411
0.663447 0.663447 0.345941
0.167837 0.167837 0.971422
0.70327 0.70327 0.104038
0.570762 0.570762 0.590307
0.0404917 0.0404917 0.998359
0.445965 0.445965 0.776035
0.612998 0.612998 0.498464
0.554129 0.554129 0.621195
0.559743 0.559743 0.611045
0.189301 0.189301 0.963499
0.366082 0.366082 0.855551
0.513753 0.513753 0.687106
0.531318 0.531318 0.65985
0.0930973 0.0930973 0.991295
0.282188 0.282188 0.916918
0.30657 0.30657 0.901127
0.678824 0.678824 0.279992
0.632615 0.632615 0.446762
0.707107 0.707107 0
0.156631 0.156631 0.975158
0.58162 0.58162 0.568715
0.565273 0.565273 0.600777
0.507803 0.507803 0.695897
0.351862 0.351862 0.867402
0.178721 0.178721 0.967532
0.622968 0.622968 0.473098
0.413498 0.413498 0.811196
0.107193 0.107193 0.988443
0.120425 0.120425 0.985391
0.655133 0.655133 0.376301
0.705401 0.705401 0.0694113
0.298587 0.298587 0.906472
0.420069 0.420069 0.804415
0.337233 0.337233 0.878947
0.525502 0.525502 0.6691
0.344613 0.344613 0.873203
0.576213 0.576213 0.579619
0.68238 0.68238 0.262136
0.542776 0.542776 0.640928
0.602763 0.602763 0.522832
0.607901 0.607901 0.510797
0.359043 0.359043 0.861496
0.209665 0.209665 0.955029
0.685816 0.685816 0.24354
0.458659 0.458659 0.761093
0.471169 0.471169 0.745654
0.379929 0.379929 0.843391
0.700842 0.700842 0.132819
0.273754 0.273754 0.922018
0.400226 0.400226 0.824402
0.650816 0.650816 0.390995
0.592311 0.592311 0.546201
0.659349 0.659349 0.361271
0.68913 0.68913 0.224055
0.452347 0.452347 0.768612
0.265181 0.265181 0.927016
0.426591 0.426591 0.797522
0.256443 0.256443 0.93192
0.483555 0.483555 0.729623
0.495771 0.495771 0.713038
0.439559 0.439559 0.783311
0.548484 0.548484 0.631135
0.433119 0.433119 0.790453
