0.840004 0.542581 2.15766e-17
0.484897 0.639565 0.596516
0.982191 5.55212e-17 0.187885
4.05078e-17 0.661542 0.749908
6.0698e-17 8.07204e-18 1
0.26854 0.277818 0.922336
0.959721 5.4251e-17 0.280954
0.583355 0.291792 0.757993
0.286126 1.61741e-17 0.958192
0.424864 2.40166e-17 0.905257
0.318221 0.353695 0.879565
0.617194 0.624053 0.479197
0.548527 3.10071e-17 0.836133
0.72308 0.383026 0.574844
0.648659 0.301796 0.698685
0.600239 3.39302e-17 0.799821
0.294421 0.909097 0.29472
0.443908 0.276075 0.852484
0.299244 0.498399 0.813665
0.480462 0.747315 0.458996
0.531475 0.786132 0.315486
0.78868 0.509061 0.344733
0.701121 0.713042 5.94531e-17
4.3339e-17 0.707779 0.706433
0.340017 0.681956 0.647552
0.850043 4.80511e-17 0.526714
0.342323 0.547482 0.763596
2.79738e-17 0.456847 0.889545
0.706465 0.564553 0.426835
6.12323e-17 1 2.15766e-17
0.869808 0.293283 0.39676
0.906176 0.314568 0.282652
0.46466 0.885489 5.94531e-17
0.37813 0.868483 0.320553
2.43294e-17 0.397329 0.917676
0.80984 0.586651 6.9434e-17
0.927776 0.373137 0
0.568 0.698245 0.435695
0.899378 0.437173 6.9434e-17
0.579469 0.582692 0.569812
0.814068 4.60175e-17 0.58077
0.407864 0.913043 0
0.671856 0.514332 0.532983
0.608344 0.73433 0.301126
5.06359e-17 0.826946 0.562281
0.736769 4.1648e-17 0.676144
0.870737 0.49175 2.15766e-17
0.936112 5.29164e-17 0.351703
1 5.65443e-17 0
0.561078 0.423406 0.71128
0.73941 0.673255 0
0.735569 0.605796 0.303232
5.66669e-17 0.92544 0.378893
0.345637 0.938368 2.15766e-17
0.648674 3.66788e-17 0.761066
5.96869e-17 0.97476 0.223253
0.431486 0.713121 0.552519
4.57024e-17 0.746377 0.665523
0.566905 0.823783 2.15766e-17
0.753573 0.453025 0.476336
3.13649e-17 0.512228 0.85885
0.527839 0.534082 0.660411
0.348783 0.790337 0.503704
0.191356 1.08169e-17 0.981521
0.282649 0.631802 0.721759
0.819057 0.364598 0.44296
0.880928 4.98115e-17 0.473251
0.51667 0.856184 2.15766e-17
0.665654 0.663977 0.340645
0.359576 2.03261e-17 0.933116
0.787578 0.296594 0.540142
5.4936e-17 0.897173 0.441679
1.96304e-17 0.320589 0.947219
0.423059 0.588552 0.688932
0.953467 0.301496 0
5.82402e-17 0.951135 0.308777
0.2888 0.844725 0.450593
0.437525 0.818097 0.373215
0.614252 0.78911 5.94531e-17
3.75134e-17 0.612641 0.790361
0.377707 0.41372 0.828356
0.775629 4.38446e-17 0.63119
0.658938 0.752197 6.9434e-17
0.975647 0.219348 0
0.848793 0.429292 0.30864
0.694115 3.92369e-17 0.719864
0.775553 0.631282 5.94531e-17
0.489477 2.76771e-17 0.872016
0.500544 0.343647 0.794583
0.627583 0.465209 0.624276
0.184545 0.982824 5.94531e-17
0.463 0.475854 0.747792
1.40862e-17 0.230045 0.97318
0.909676 5.1437e-17 0.415319
3.45302e-17 0.56392 0.825829
0.693745 0.323767 0.643345
5.28679e-17 0.863399 0.504522
0.287889 0.755042 0.589094
4.82476e-17 0.787943 0.615748
0.275754 0.961228 5.94531e-17
