0.251143 3.5732
0.673328 3.28443
0.710751 3.00237
0.688847 3.1682
0.19505 3.61684
0.740074 2.78779
0.135688 3.73437
0.188359 3.6272
0.695064 3.12113
0.764222 2.62802
0.81983 2.36697
0.746854 2.74093
0.0921908 3.83741
0.733406 2.8351
0.119435 3.77277
0.849301 2.311
0.730112 2.85887
0.757203 2.67229
0.71713 2.95451
0.726834 2.88274
0.638322 3.53018
0.698174 3.09754
0.0312979 3.9596
0.163758 3.67255
0.663995 3.35272
0.00861423 3.99069
0.723582 2.90663
0.0241554 3.97039
0.108621 3.79861
0.720351 2.93053
0.648131 3.46452
0.124838 3.7599
0.786234 2.50373
0.17571 3.64922
0.841916 2.31892
0.169655 3.66076
0.810648 2.39716
0.75373 2.6949
0.682637 3.215
0.644886 3.48657
0.782443 2.5234
0.667116 3.33006
0.824749 2.3532
0.157978 3.68457
0.806313 2.41338
0.704423 3.05017
0.097706 3.82451
0.66086 3.37529
0.146703 3.70918
0.736723 2.81143
0.767791 2.60631
0.0166117 3.9808
0.859351 2.307
0.634989 3.55179
0.793996 2.46596
0.713924 2.97851
0.760699 2.64999
0.0635278 3.90067
0.65135 3.44235
0.209535 3.5978
0.654545 3.42007
0.217584 3.58941
0.743451 2.76428
0.0809707 3.86306
0 4
0.0694551 3.88826
0.103159 3.81161
0.657712 3.39773
0.679534 3.23826
0.152302 3.69679
0.141176 3.7217
0.670222 3.30732
0.82998 2.34046
0.835629 2.32894
0.226525 3.58205
0.0512325 3.92498
0.676432 3.2614
0.775036 2.564
0.691953 3.1447
0.0448145 3.93682
0.771384 2.58502
0.0381632 3.9484
0.114033 3.78568
0.70758 3.02629
0.0574464 3.91295
0.685748 3.19159
0.0752436 3.87576
0.815131 2.3817
0.236988 3.5762
0.641622 3.50842
0.802104 2.43028
0.181927 3.63802
0.778721 2.54345
0.0866307 3.85024
0.202065 3.60701
0.750277 2.71781
0.130245 3.74711
0.797989 2.44789
0.790076 2.4846
0.701293 3.07388
