0.7434 0.698628 0.207983
0.352833 0.331584 0.921706
0.579163 0.616278 0.60725
0.442869 0.47125 0.815949
0.689004 0.647508 0.435877
0.640261 0.681292 0.458136
0.368045 0.345879 0.910435
0.153769 0.144508 1.01954
0.533211 0.567382 0.691192
0.588262 0.552833 0.657499
0.568075 0.60448 0.629187
0.119114 0.11194 1.02823
0.610249 0.573497 0.618611
0.482896 0.513842 0.766002
0.631415 0.593388 0.577224
0.356134 0.378956 0.901966
0.749342 0.704212 0.162954
0.505156 0.474733 0.776806
0.292586 0.311336 0.949445
0.340706 0.36254 0.914585
0.193382 0.181735 1.00676
0.495822 0.527597 0.748187
0.308945 0.328744 0.938329
0.32496 0.345785 0.926723
0.620941 0.660734 0.511708
0.411456 0.386676 0.874738
0.649445 0.691065 0.429688
0.469781 0.499887 0.783199
0.337374 0.317055 0.932543
0.397305 0.373377 0.886972
0.556734 0.592412 0.650443
0.630768 0.671191 0.485403
0.599348 0.563252 0.638365
0.371231 0.395022 0.888891
0.661293 0.621466 0.510345
0.758692 0.712999 8.36421e-17
0.425355 0.399738 0.862127
0.736864 0.692487 0.247941
0.708605 0.754016 0.115408
0.565555 0.531494 0.694005
0.400753 0.426435 0.861122
0.236004 0.22179 0.989491
0.382861 0.359803 0.898855
0.159435 0.169653 1.01478
0.679974 0.639022 0.46181
0.272561 0.256146 0.971638
0.17674 0.188066 1.00865
0.542158 0.509507 0.728319
0.690082 0.734306 0.261843
0.530093 0.498168 0.744857
0.553939 0.520578 0.71143
0.697789 0.655764 0.408711
0.722345 0.678842 0.318391
0.696892 0.741553 0.22005
4.64565e-17 4.36586e-17 1.04114
0.238849 0.254155 0.980988
0.682769 0.726524 0.299953
0.275632 0.293296 0.960201
0.258212 0.274759 0.970472
0.521013 0.554402 0.710749
0.439075 0.412632 0.849076
0.714496 0.671465 0.350158
0.703133 0.748193 0.172609
0.137012 0.12876 1.02403
0.0936757 0.0996789 1.03212
0.211612 0.198868 0.999827
0.620928 0.583533 0.598263
0.492325 0.462674 0.792168
0.289327 0.271903 0.962466
0.600554 0.639041 0.561198
0.754543 0.709101 0.108732
0.321729 0.302352 0.942897
0.255473 0.240087 0.980343
0.219446 0.233509 0.990605
0.675001 0.718258 0.335351
0.456419 0.485668 0.799868
0.576996 0.542246 0.676038
0.452678 0.425415 0.835515
0.305696 0.287286 0.952889
0.651593 0.61235 0.533325
0.386149 0.410895 0.875235
0.545118 0.580052 0.671094
0.0731566 0.0778448 1.03565
0.466073 0.438003 0.82153
0.666849 0.709584 0.36849
0.202405 0.215376 0.998312
0.72982 0.685867 0.284483
0.415016 0.441613 0.846594
0.42905 0.456546 0.831543
0.670726 0.630331 0.486612
0.589974 0.627782 0.584638
0.610863 0.65001 0.536949
0.64163 0.602988 0.555606
0.0517975 0.048678 1.03872
0.712999 0.758692 1.41851e-17
0.517755 0.486573 0.761024
0.706306 0.663768 0.380164
0.508522 0.541111 0.729784
0.658329 0.700518 0.399823
0.479268 0.450404 0.807106
