0.704796 3.04735
0.741585 2.77723
0.679902 3.23551
0.664127 3.35177
0.0708089 3.88537
0.729302 2.86475
0.0584584 3.91094
0.6893 3.16477
0.634976 3.55187
0.735426 2.82065
0.828651 2.34351
0.00872068 3.99056
0.692411 3.14123
0.760484 2.65135
0.122544 3.76536
0.64159 3.50864
0.686172 3.1884
0.0768175 3.8723
0.710921 3.00109
0.68304 3.21198
0.784656 2.51183
0.81815 2.37206
0.654571 3.41989
0.052073 3.92338
0.644871 3.48667
0.792242 2.47419
0.823223 2.35729
0.0387704 3.94738
0.150888 3.69989
0.651357 3.4423
0.767079 2.61059
0.763751 2.63093
0.808795 2.40394
0.0168292 3.98051
0.754073 2.69264
0.75726 2.67192
0.660948 3.37466
0.800204 2.43828
0.701715 3.07068
0.717065 2.955
0 4
0.67046 3.30557
0.25114 3.5732
0.0455254 3.93553
0.841098 2.32006
0.777406 2.55071
0.698618 3.09417
0.648124 3.46456
0.0943104 3.83247
0.145136 3.71271
0.796155 2.45607
0.0885461 3.84584
0.744672 2.75586
0.726254 2.88699
0.788426 2.49272
0.0317658 3.95887
0.813341 2.38771
0.133791 3.73879
0.83451 2.33103
0.707875 3.02406
0.209195 3.59819
0.139443 3.72568
0.638295 3.53036
0.116939 3.77873
0.100011 3.81907
0.187734 3.62822
0.128157 3.75203
0.848816 2.31139
0.0827185 3.85913
0.111317 3.79217
0.714008 2.97788
0.181185 3.63932
0.77046 2.59044
0.20165 3.60756
0.0244723 3.96993
0.168669 3.66269
0.156714 3.68726
0.162636 3.67485
0.174843 3.65083
0.673616 3.2823
0.67676 3.25896
0.859346 2.307
0.217333 3.58965
0.65777 3.39732
0.667295 3.32875
0.695513 3.11772
0.747783 2.73462
0.804416 2.42086
0.194534 3.6176
0.105672 3.80564
0.720131 2.93217
0.780984 2.53118
0.773885 2.57055
0.236891 3.57624
0.738488 2.79894
0.723202 2.90943
0.226346 3.58218
0.750912 2.71357
0.732364 2.84259
0.0646928 3.89826
