0.308097 0.951355
0.909803 0.415041
0.947352 0.320194
0.524715 0.851278
0.597053 0.802202
0.535603 0.84447
0.904062 0.427402
0.123509 0.992343
0.828569 0.559887
0.147282 0.989095
0.261076 0.965318
0.606741 0.7949
0.625685 0.780076
0.762279 0.647249
0.770088 0.637938
0.189424 0.981895
1 0
0.721867 0.692032
0.87413 0.485691
0.898238 0.43951
0.634941 0.772561
0.169087 0.985601
0.653091 0.757279
0.35148 0.936195
0.27724 0.960801
0.556805 0.830643
0.926499 0.376298
0.861562 0.507653
0.322884 0.946439
0.961692 0.274132
0.998004 0.0631503
0.567099 0.823649
0.785358 0.619042
0.821676 0.569954
0.577258 0.816562
0.738272 0.674503
0.931867 0.362801
0.546264 0.837613
0.064495 0.997918
0.867882 0.49677
0.754372 0.656447
0.880281 0.474453
0.455455 0.890259
0.69673 0.717334
0.915442 0.402449
0.98952 0.144399
0.365335 0.930876
0.970534 0.240965
0.418125 0.90839
0.814653 0.579948
0.982521 0.18615
0.430763 0.902465
0.502475 0.864592
0.892331 0.451381
0.937137 0.34896
0.616299 0.787512
0.226828 0.973935
0.705186 0.709023
0.746369 0.665532
0.392185 0.919886
0.587224 0.809424
0.807522 0.589837
0.479334 0.877633
0.20857 0.978008
0.662001 0.749503
0.974711 0.22347
0.670829 0.741612
0.921024 0.389506
0.848654 0.528948
0.942304 0.334758
0.9955 0.0947595
0.978714 0.205228
6.12323e-17 1
0.992652 0.121004
0.886334 0.463047
0.842065 0.539376
0.777791 0.628523
0.467506 0.88399
0.957042 0.28995
0.292901 0.956143
0.679548 0.733631
0.513722 0.857957
0.688167 0.725552
0.337345 0.941381
0.952262 0.305283
0.491001 0.871159
0.855152 0.518378
0.378881 0.925445
0.986133 0.165959
0.966186 0.257845
0.0967027 0.995313
0.443213 0.896417
0.713568 0.700586
0.835371 0.549687
0.244284 0.969704
0.800236 0.599686
0.730115 0.683325
0.644067 0.764969
0.405265 0.914199
0.79286 0.609403
