3.12606e-17 0.510524 0.859863
0.671347 0.672132 0.312302
1.94019e-17 0.316856 0.948474
0.605183 0.695471 0.387394
0.861702 0.507414 0
0.745035 5.41785e-170 0.667025
5.29333e-17 0.864467 0.50269
0.543478 0.417033 0.728502
5.99633e-17 0.979274 0.202538
0.497926 0.522946 0.691807
0.287037 0.524197 0.801765
0.691758 0.722129 0
0.814494 0 0.580171
0.811338 0.468865 0.349137
0.292372 0.3084 0.905212
4.61019e-17 0.752901 0.658134
5.65475e-17 0.923491 0.38362
4.86086e-17 0.793839 0.608127
0.735235 0.516559 0.438858
0.933406 0 0.358822
0.777295 0.398996 0.486431
0.652911 0.757434 0
0.42909 0.467398 0.77293
0.613315 0.454575 0.645915
0.649395 0.3218 0.689007
0.77299 0.562071 0.294215
5.83602e-17 0.953094 0.302675
0.981656 0 0.190659
0.708275 0 0.705936
0.920816 0.389996 0
5.4775e-17 0.894543 0.446981
0.846314 0 0.532684
0.53322 0 0.845976
3.65953e-19 6.12312e-17 1
0.250056 0.93649 0.245883
0.72854 0.685003 0
3.4795e-17 0.568245 0.822859
0.285267 0 0.958448
0.469293 0.668477 0.576977
0.564606 0.82536 0
0.958504 0 0.285079
0.669409 0 0.742894
0.799596 0.600538 0
0.887019 0.290033 0.359275
0.309341 0.826253 0.47076
0.574755 0.298616 0.761896
0.190766 0 0.981636
0.47927 0 0.877667
0.763342 0.645995 0
0.352785 0.574119 0.738871
0.705422 0.610181 0.360636
0.581476 0 0.813563
0.576361 0.555824 0.599056
0.334288 0.707627 0.622507
0.478289 0.83017 0.286457
0.313897 0.949457 0
4.09173e-17 0.66823 0.743955
3.80435e-17 0.621297 0.783575
0.332579 0.421081 0.84385
0.51386 0.722473 0.462581
0.446144 0.793528 0.413847
0.404623 0.749936 0.523332
0.892409 0.451228 0
0.356838 0 0.934166
0.833607 0.327544 0.444764
0.277826 0.775547 0.566869
0.761797 0.312944 0.567214
0.3038 0.652975 0.693779
0.974276 0.225357 0
0.610152 0.792285 0
0.646522 0.589192 0.484626
1.40687e-17 0.22976 0.973247
4.35949e-17 0.711958 0.702222
1 0 0
5.09449e-17 0.831993 0.554787
0.905616 0 0.424098
0.681293 0.485377 0.54795
0.875865 0 0.482556
0.309696 0.899817 0.307273
0.441889 0.612877 0.655069
2.7849e-17 0.454809 0.890589
0.865834 0.406304 0.291973
0.511078 0.859534 3.13393e-142
0.557623 0.766583 0.318445
2.38727e-17 0.38987 0.92087
0.366953 0.858146 0.359071
0.222418 0.974951 0
6.12323e-17 1 0
0.94926 0.314492 0
0.453325 0.891346 0
0.703342 0.364391 0.610352
0.420901 5.67117e-124 0.907106
0.833712 0.552199 0
0.62676 0 0.779213
0.406958 0.291688 0.865623
0.481229 0.336432 0.809464
0.559841 0.640393 0.525809
0.927507 0.269718 0.258808
0.780754 0 0.624839
0.391022 0.920381 0
