1.20966e-18 0.151181 0.348819
0.00537535 0.185955 0.30867
0.416149 0.0838512 0
0.457913 0 0.0420874
0.235978 0.264022 0
0.138456 0.116177 0.245366
0.356707 0.07049 0.0728032
0.00159471 0.411466 0.0869391
0.147771 0.0443373 0.307891
0.124154 0.357857 0.0179891
0.0576607 0.189951 0.252388
0.0796687 0.209294 0.211038
0.354805 0 0.145195
0.147711 0.278753 0.0735364
0.0767169 0.273884 0.149399
0.184499 0.0939151 0.221586
0.396142 0.0514486 0.0524093
0.276006 0 0.223994
0.129462 0.186623 0.183915
0.132744 0.014975 0.352281
2.61111e-18 0.326333 0.173667
0.336347 0.0420576 0.121595
0.0640244 0.345506 0.0904692
0.108795 0.163897 0.227309
1.08571e-16 0.5 0
0.172072 0 0.327928
0.194329 0.0166346 0.289037
0.269896 0.18569 0.044414
0.091657 0.139898 0.268445
0.0996946 0.298527 0.101779
0.0210295 0.465773 0.013197
6.86223e-19 0.0857632 0.414237
0.0199487 0.341862 0.138189
0.12517 0.254798 0.120032
0.0611924 0.438808 0
0.0460754 0.164026 0.289899
0.0530645 0.251535 0.195401
0.173577 0.233499 0.0929249
0.0774529 0.112642 0.309905
0.15115 0.210085 0.138765
0.166619 0.303734 0.029647
0.0114141 0.111578 0.377007
0.5 1.11022e-16 0
0.0363571 0.133377 0.330266
0.0555152 0.315655 0.12883
2.20645e-18 0.275758 0.224242
0.254835 0.032419 0.212746
0.251114 0.0950605 0.153826
0.315095 0.0935445 0.0913609
0.22227 0.211135 0.0665955
0.292965 0.141948 0.0650873
0.41596 0 0.08404
0.33577 0.118785 0.0454448
0.280825 0.047158 0.172017
0.10393 0.0644301 0.33164
0.0856366 0.0412143 0.373149
0.0728633 0.00722845 0.419908
0.45806 0.0419397 0
0.197116 0.256245 0.0466397
0.157049 0.342951 0
0.379245 0.0179425 0.102813
3.42892e-19 0.0428542 0.457146
0.177342 0.164756 0.157902
0.210766 0.0468647 0.242369
0.271187 0.11809 0.110724
0.0300108 0.0348341 0.435155
0.166874 0.0675915 0.265535
0.199079 0.188097 0.112824
0.121163 0.0910321 0.287805
0.230316 0.0736979 0.195986
0.434371 0.0327997 0.032829
0.0264572 0.292022 0.181521
0.379056 0.100864 0.0200801
0.0584523 0.0880644 0.353483
0.317975 0.16757 0.0144549
0.2036 0.2964 0
0.31468 0.0031285 0.182192
0.0249311 0.235673 0.239396
0.0820917 0.369946 0.0479627
0.0437138 0.0610333 0.395253
0.0402572 0 0.459743
0.110191 0 0.389809
0.20374 0.118838 0.177421
0.297205 0.0678068 0.134988
0.250634 0.22944 0.0199266
0 0 0.5
0.0493182 0.415739 0.0349429
0.233334 0 0.266666
0.102814 0.230885 0.166302
0.292895 0.207105 0
0.11582 0.325255 0.0589245
0.357473 0.142527 0
1.77743e-18 0.22214 0.27786
3.58134e-18 0.44759 0.0524095
0.246129 0.164733 0.0891374
0.0378222 0.388332 0.0738458
0.224541 0.14186 0.133599
3.01821e-18 0.377212 0.122788
0.156957 0.140811 0.202232
0.101991 0.398009 0
