0.79829 0.539288 0.268144
1.41637e-17 0.231311 0.97288
0.707814 0.425339 0.563991
0.431706 0.847368 0.309187
0.313773 0.552889 0.77192
0.420405 0.907337 0
0.361355 0.297138 0.883816
0.194795 1.13385e-17 0.980844
0.718574 0.603858 0.344974
0.296471 0.727698 0.618516
0.930112 0.256558 0.262813
0.734199 0 0.678934
5.28636e-17 0.863329 0.504642
4.36223e-17 0.712405 0.701768
0.433517 5.71461e-18 0.901145
0.952841 0.303471 4.03706e-17
5.65741e-17 0.923926 0.382572
0.887388 0.353109 0.296407
0.527982 0.5388 0.656452
0.514523 0.313278 0.7982
0.69218 4.02901e-17 0.721725
0.825573 0.564296 5.96047e-17
0.287534 0.91559 0.281102
0.853345 0 0.521347
3.80505e-17 0.621412 0.783484
0.529231 0.692331 0.490502
0.359182 0.820431 0.444838
0.282166 0.4197 0.86269
0.672391 0.740196 0
0.57944 0.597452 0.554347
0.424403 0.578849 0.696287
2.45354e-17 0.400693 0.916212
4.61546e-17 0.753763 0.657147
0.626732 0.644177 0.438456
5.07628e-17 0.829019 0.559221
0.478513 0.642125 0.598916
0.948111 0 0.317939
0.622459 0.490808 0.609633
0.47812 0.878295 0
0.979167 0.203058 0
0.307663 0.874331 0.375352
5.82006e-17 0.950488 0.310762
0.629496 0.777004 0
0.777418 0 0.628985
0.864989 0.284721 0.413192
0.297714 0.797095 0.525363
1.98053e-17 0.323445 0.946247
2.85191e-17 0.465753 0.884915
0.918726 0 0.394897
0.973886 1.28377e-17 0.227038
0.291186 3.8384e-18 0.956666
0.427064 0.354869 0.831676
3.21281e-17 0.524691 0.851293
0.787302 0.312741 0.531365
0.89395 0.448167 5.96047e-17
0.887399 0 0.461002
0.598908 0 0.800818
0.862019 0.506876 0
0.354158 0.935186 0
0.646931 8.52782e-18 0.762549
0.670297 0.549889 0.498322
0.582315 0.812964 0
0.547651 7.21911e-18 0.836707
0.786532 0.61755 0
0.813219 0.374801 0.445196
0.366666 2.13427e-17 0.930353
0.186783 0.982401 0
0.58962 0.289005 0.754205
0.765176 0.510488 0.39231
0.648736 0.307519 0.696114
3.51963e-17 0.574799 0.818295
0.53195 0.846776 0
4.74773e-17 3.86692e-17 1
0.923446 0.383728 0
0.279137 0.960251 0
0.674699 0.364859 0.641606
0.837217 0.443172 0.320416
0.583881 0.733402 0.348145
0.746848 0.27683 0.604635
0.262339 0.275538 0.924801
0.523538 0.798789 0.296385
0.71307 0.701093 0
5.96631e-17 0.974373 0.224939
4.85169e-17 0.792341 0.610079
0.351459 0.476392 0.805933
0.743095 0.466067 0.480199
0.286786 0.631233 0.720624
0.817745 4.7599e-17 0.57558
0.493418 0 0.869792
0.359314 0.66982 0.649795
0.751622 0.659595 0
5.47797e-17 0.894621 0.446826
0.662613 0.683537 0.306141
0.405239 0.735513 0.542957
1 2.02915e-17 0
6.12323e-17 1 0
0.476004 0.769885 0.425086
0.471685 0.461637 0.751268
0.56436 0.424673 0.70792
4.09356e-17 0.66853 0.743685
