5.95179e-17 0.972 0.234979
0.714839 0.699289 0
0.74832 0.586089 0.310671
0.305267 0.84222 0.444383
1.86873e-17 0.305187 0.952293
0.895477 0.445108 0
0.307139 0.694476 0.650668
5.58951e-17 0.912837 0.408325
0.979229 0.20276 0
0.713953 0.544005 0.440829
0.278677 0.792816 0.542016
0.442589 0.525005 0.72697
0.265314 0.922273 0.281108
4.97677e-17 0.812768 0.582588
0.630315 0.77634 0
0.191641 0.981465 0
0.306912 0.56473 0.766084
1 0 0
0.351614 0.473544 0.807542
4.73245e-17 0.772868 0.634567
5.40478e-17 0.882667 0.469998
0.723963 0.338414 0.601127
0.674081 0.287236 0.680522
0.512028 0.735202 0.444191
0.469513 0.834296 0.288978
0.618982 0 0.785405
0.426748 0.331238 0.841527
0.792059 0.610445 0
0.535073 0.844806 2.68618e-309
0.946888 0 0.321563
0.568686 0.672543 0.473584
0.631493 0.597995 0.493578
0.685845 0.649209 0.328852
0.351297 0.876841 0.328238
0.347108 0 0.937825
5.78248e-17 0.94435 0.328942
0.286575 0.958058 0
0.406854 0.762118 0.503633
1.56162e-17 5.92075e-17 1
2.99106e-17 0.488477 0.872577
0.424534 0.905412 0
0.855375 0 0.51801
0.682016 0.482243 0.549813
1.35343e-17 0.221032 0.975267
0.359608 0.933103 0
0.885656 0 0.464342
0.516493 0 0.856291
0.916528 0 0.399971
3.61647e-17 0.590615 0.806954
0.592659 0.337851 0.731172
0.829759 0.558122 0
0.481901 0.876225 1.10571e-317
0.597219 0.543296 0.59005
3.31082e-17 0.540698 0.841217
0.832808 0.33196 0.442984
0.973619 0 0.228181
0.788694 0.469549 0.396845
0.483112 0.663284 0.571539
4.47796e-17 0.731306 0.682049
0.515434 0.581895 0.629067
0.63847 0.423609 0.642582
0.865059 0.50167 0
0.407341 0.614368 0.675741
0.54966 0.474063 0.68785
0.704923 1.25746e-225 0.709284
0.754405 0.656409 0
0.92361 0.383334 0
2.64735e-17 0.432346 0.901708
0.436284 0.805739 0.400551
3.9029e-17 0.637392 0.77054
5.20562e-17 0.850142 0.526553
0.569437 0 0.822035
0.530239 0.285085 0.798482
0.660657 0 0.750688
0.483505 0.417252 0.769496
0.952932 0.303185 0
0.810928 0.517781 0.272578
0.819848 0 0.572582
0.792697 0.283932 0.539457
0.746505 0 0.66538
0.557102 0.76841 0.314933
0.931779 0.252014 0.2613
2.2742e-17 0.371406 0.928471
0.756773 0.420128 0.500786
0.409375 0 0.912366
0.355508 0.724885 0.590048
0.889477 0.298125 0.346342
0.277134 0 0.960831
4.19934e-17 0.685805 0.727785
6.12323e-17 1 0
0.275015 0.644078 0.713814
0.584831 0.811155 0
0.185286 0 0.982685
0.316105 0.294996 0.901695
0.857657 0.414351 0.304529
0.466142 0 0.88471
0.781922 2.24444e-290 0.623376
0.619304 0.701765 0.352121
0.673127 0.739527 0
0.29474 0.410846 0.862748
