0.922312 7.48855e-17 0.386446
0.973983 7.90808e-17 0.226623
0.908781 0.294109 0.296001
0.582498 0.668232 0.462778
0.335183 0.474005 0.81423
0.700377 0.372298 0.608988
0.826555 0.562855 1.20152e-17
0.682489 0.730896 0
0.602079 4.88847e-17 0.798437
0.464323 0.596057 0.655072
4.02872e-17 0.65794 0.753071
5.74221e-17 0.937774 0.347247
0.757151 0.549793 0.352775
5.58522e-17 0.912136 0.409887
0.364782 0.690553 0.624556
0.777769 0.444696 0.444208
1.90464e-17 0.311052 0.950393
5.88402e-17 0.960933 0.276782
0.708715 0.478351 0.518559
0.439238 0.898371 0
6.01757e-17 0.982743 0.184974
0.277689 0.827377 0.488196
1.04226e-18 6.12235e-17 1
0.701 0 0.713162
3.72858e-17 0.608923 0.793229
0.745915 0 0.666041
0.982915 0.184058 0
0.669622 0.290057 0.68372
0.415646 0.309057 0.855408
0.707995 0.63547 0.308092
2.74521e-17 0.448326 0.89387
0.339232 0.866745 0.365615
0.595458 0.803387 0
0.294916 0.908604 0.295741
0.298484 0.387443 0.872236
1 8.11932e-17 1.20152e-17
0.222692 0.974889 0
0.961388 0.275195 0
0.547484 0 0.836816
2.34834e-17 0.383513 0.923536
0.886897 0.461968 0
0.625145 0.591314 0.509451
0.409798 0.544375 0.73193
0.653015 5.30204e-17 0.757345
0.435186 7.9322e-18 0.900341
4.28838e-17 0.700345 0.713804
5.20866e-17 0.850639 0.52575
0.311926 0.763345 0.565691
0.89261 7.24739e-17 0.45083
0.482839 0.341908 0.806204
0.195776 3.56843e-18 0.980649
0.642666 0.766147 0
0.4641 0.830175 0.308903
6.12323e-17 1 0
0.793576 0.608472 1.20152e-17
0.860916 6.99006e-17 0.508746
0.531753 0.492708 0.688823
0.319177 0.643575 0.695656
0.758466 0.651713 1.20152e-17
0.292875 0 0.956151
0.949305 7.70772e-17 0.314356
0.826712 6.71234e-17 0.562625
0.863192 0.389046 0.321781
0.520276 0.632934 0.57333
4.98688e-17 0.81442 0.580276
0.53384 0.741036 0.407285
0.633962 0.69674 0.335626
4.76726e-17 0.778552 0.62758
0.368394 0 0.92967
0.436804 0.757838 0.484647
0.40209 0.807569 0.431458
0.545053 0.838402 0
0.282324 0.575921 0.767208
0.46066 0.448538 0.765902
0.760242 0.295727 0.578427
0.307502 0.951547 0
0.816539 0.490105 0.30506
0.913847 0.406058 0
0.561009 0.776519 0.286857
5.41464e-17 0.884279 0.46696
0.493627 0 0.869674
0.631529 0.444975 0.634955
4.53434e-17 0.740513 0.672042
0.589387 0.542228 0.598842
0.590656 0.366795 0.71874
3.40857e-17 0.556661 0.83074
0.564855 0.282846 0.775201
3.10218e-17 0.506624 0.862167
0.85002 0.307277 0.427841
0.938786 0.344501 0
0.494051 0.869433 0
0.283757 0.286073 0.915229
1.38533e-17 0.226241 0.974071
0.465467 0.704161 0.536189
0.799801 0.335884 0.497495
0.787732 0 0.616019
0.857685 0.514176 1.20152e-17
0.688342 0.575549 0.441508
0.721412 0.692506 1.20152e-17
0.37699 0.926217 0
