0.767772 0.640723 7.64078e-17
1.37557e-17 0.224647 0.97444
0.887916 0 0.460006
0.515584 0.42258 0.745385
0.957363 0.288888 0
0.730367 0.683055 7.64078e-17
0.266241 0.494244 0.82755
0.394992 0.281725 0.874421
0.947232 5.93111e-17 0.320549
0.581964 8.57386e-19 0.813214
4.93878e-17 0.806564 0.591146
3.42719e-17 5.07428e-17 1
0.402345 0.75429 0.518811
0.442472 0.896782 0
0.688337 0.288479 0.665562
0.738144 0.342836 0.581039
0.65473 0.700289 0.284472
0.416759 0.448817 0.790491
0.272401 0.319528 0.907579
0.825501 1.21618e-18 0.564401
0.598282 0.801286 3.48219e-17
3.21842e-17 0.525608 0.850727
0.97343 1.43412e-18 0.228986
0.789648 1.16336e-18 0.61356
0.615053 0.53892 0.575566
0.455704 0.678406 0.576281
0.859617 1.26644e-18 0.51094
0.811523 0.488482 0.32065
2.81868e-17 0.460325 0.88775
0.687615 0.726075 7.64078e-17
0.474269 6.98723e-19 0.88038
0.379488 0.925197 3.48219e-17
0.553198 0.283749 0.783236
0.672422 9.90653e-19 0.740168
0.564742 0.755726 0.331578
0.364943 0.645413 0.671014
0.277753 0.784068 0.555059
0.917511 0 0.397711
0.838115 0.545493 7.64078e-17
0.631684 9.30635e-19 0.775226
0.285229 0.610148 0.739164
0.656088 0.426001 0.622954
0.755764 1.11344e-18 0.654844
0.3233 0.403539 0.85594
0.981167 0.193161 7.64078e-17
0.483557 0.823802 0.295843
5.86907e-17 0.958492 0.285118
5.162e-17 0.843019 0.537884
0.415821 6.12613e-19 0.909446
0.281847 4.15234e-19 0.959459
0.568125 0.632974 0.525907
0.617111 0.670469 0.41188
0.22454 0.974465 7.64078e-17
0.713024 0.622629 0.322382
0.750706 0.54231 0.377279
0.775268 0.428288 0.464251
6.12323e-17 1 3.48219e-17
4.21239e-17 0.687936 0.725771
0.187782 2.76652e-19 0.982211
0.309064 0.951041 7.64078e-17
5.70894e-17 0.932341 0.361579
0.801328 0.286777 0.525006
1 0 0
0.518401 0.717445 0.465332
0.550116 0.835088 3.48219e-17
0.498291 0.86701 0
5.53085e-17 0.903256 0.429102
0.316528 0.714795 0.623601
1.89999e-17 0.310292 0.950641
0.641913 0.766777 3.48219e-17
6.01094e-17 0.98166 0.190638
0.446607 0.79331 0.413764
5.35343e-17 0.874281 0.48542
3.90932e-17 0.638441 0.769671
0.312913 0.833594 0.455199
0.93146 0.363843 0
0.666865 0.583744 0.463179
0.612636 0.340492 0.713262
4.70021e-17 0.767603 0.640926
2.38721e-17 0.38986 0.920874
0.507976 0.592407 0.625311
0.34678 0.53494 0.770443
0.890705 0.297406 0.343794
0.704708 0.482363 0.5203
0.862649 0.412854 0.292213
3.58546e-17 0.58555 0.810636
0.528571 7.78724e-19 0.848889
0.871673 0.490087 7.64078e-17
0.902716 0.430238 7.64078e-17
0.367329 0.866336 0.338425
0.927164 0.257285 0.272345
0.715423 1.054e-18 0.698692
0.46599 0.324896 0.82298
0.286081 0.912145 0.293511
0.564076 0.484016 0.668989
0.448275 0.549454 0.705089
0.351538 5.17908e-19 0.936174
0.838991 0.337554 0.426793
0.803087 0.595862 7.64078e-17
4.46349e-17 0.728944 0.684574
