0.766349 0.642425
0.39979 0.916607
0.985573 0.169251
0.386855 0.922141
0.727431 0.686181
0.593374 0.804927
0.677282 0.735724
0.303591 0.952802
0.865191 0.501442
0.0951455 0.995463
0.735392 0.677642
0.977955 0.208816
0.70289 0.711299
0.603351 0.797476
1 0
0.583239 0.812301
0.711178 0.703012
0.902659 0.430357
0.871701 0.490039
0.632115 0.774875
0.240487 0.970652
0.205312 0.978697
0.803227 0.595673
0.981867 0.189572
0.425047 0.905171
0.936136 0.351638
0.925449 0.378871
0.788698 0.61478
0.668558 0.74366
0.1215 0.992591
0.91428 0.405082
0.346545 0.938033
0.519175 0.854668
0.332548 0.943086
0.751052 0.660243
0.951272 0.308352
0.412512 0.910952
0.946357 0.323123
0.694485 0.719507
0.551931 0.83389
0.956063 0.293161
0.2885 0.95748
0.838373 0.545097
0.62267 0.782484
0.530256 0.847838
0.851953 0.523618
0.884388 0.466753
0.272998 0.962014
0.973868 0.227113
0.941307 0.337551
0.817504 0.575923
0.919918 0.39211
0.541175 0.84091
0.71937 0.694627
0.64141 0.767198
0.878091 0.478495
0.995303 0.0968054
0.908533 0.417813
0.063506 0.997981
0.890585 0.454817
0.758738 0.651396
0.485093 0.874463
0.496606 0.867976
0.969635 0.244558
0.613072 0.790027
0.743262 0.669001
0.930859 0.365378
0.223285 0.974753
0.186411 0.982472
0.685942 0.727656
0.896672 0.442696
0.449553 0.893254
0.650569 0.759447
0.997913 0.0645789
0.989079 0.147387
0.960718 0.277525
0.373696 0.927551
0.831476 0.555561
0.992333 0.123596
0.507952 0.861385
0.461547 0.887116
0.166355 0.986066
0.858591 0.512661
0.572943 0.819595
0.257012 0.966408
0.437399 0.899267
0.795993 0.605306
0.473414 0.88084
0.824508 0.56585
0.360259 0.932852
0.781352 0.62409
0.96524 0.261365
0.845227 0.534408
0.562504 0.826795
0.144917 0.989444
0.65961 0.751608
0.810402 0.585874
0.318238 0.948011
6.12323e-17 1
0.773918 0.633286
