0.703263 3.05895
0.0696411 3.88786
0.758412 2.66452
0.718403 2.94502
0.199484 3.6105
0.678783 3.24387
0.638141 3.53136
0.819086 2.3692
0.6757 3.26685
0.724446 2.90027
0.236234 3.57652
0.105103 3.807
0.225227 3.58299
0.0238339 3.97086
0.801357 2.4334
0.165114 3.66979
0.0509367 3.92554
0.764959 2.62349
0.0875594 3.84811
0.78587 2.50559
0.687997 3.17462
0.771694 2.58321
0.748902 2.72705
0.859348 2.307
0.709322 3.01314
0.650879 3.44561
0.251114 3.5732
0.128504 3.75121
0.697168 3.10517
0.841554 2.31942
0.0816107 3.86163
0.037813 3.94899
0.849093 2.31116
0.644553 3.48881
0.140423 3.72343
0.660247 3.37968
0 4
0.809861 2.40002
0.797339 2.45077
0.700219 3.08203
0.778636 2.54392
0.730502 2.85604
0.782213 2.52462
0.768313 2.60317
0.14647 3.7097
0.824068 2.355
0.712348 2.99035
0.745792 2.74818
0.116753 3.77918
0.755213 2.68519
0.721421 2.92259
0.761668 2.6439
0.641358 3.51018
0.152591 3.69616
0.0992855 3.82079
0.663346 3.35741
0.775139 2.56342
0.805543 2.41639
0.00845685 3.99087
0.657145 3.40175
0.178171 3.6447
0.184985 3.63278
0.672613 3.28971
0.706297 3.03599
0.742706 2.76944
0.110897 3.79318
0.736581 2.81243
0.207348 3.60036
0.0572962 3.91325
0.0635114 3.9007
0.727471 2.87809
0.829382 2.34181
0.192069 3.62134
0.81435 2.3843
0.835141 2.32984
0.715379 2.9676
0.0163699 3.98111
0.684929 3.19776
0.739635 2.79087
0.122593 3.76524
0.68186 3.22084
0.666438 3.335
0.73354 2.83414
0.752039 2.70607
0.215824 3.5911
0.030965 3.96013
0.6349 3.55236
0.158799 3.68284
0.0444834 3.93741
0.793418 2.46865
0.694115 3.12831
0.13444 3.73727
0.647728 3.46727
0.171562 3.65706
0.0756625 3.87484
0.691065 3.15142
0.669527 3.31243
0.789603 2.48691
0.654022 3.42374
0.0934312 3.83452
