0.798555 0.613314
0.275414 1.082
0.531091 0.874678
1.01307 0.367298
1.21356 0.0683156
1.13691 0.195073
0.449051 0.946371
1.07654 0.283021
0.822219 0.588208
1.06617 0.297307
0.198183 1.13488
1.1948 0.101235
1.16615 0.149021
0.320414 1.04906
1.04518 0.325576
0.68841 0.72571
0.738327 0.675622
1.23197 0.0345863
0.935998 0.461253
0.87979 0.525405
0.392984 0.99265
0.290541 1.0711
1.05571 0.311504
1.15648 0.164541
0.558034 0.850178
0.584737 0.825462
0.991311 0.394646
0.662969 0.750727
0.913623 0.487171
1.00222 0.381023
0.810432 0.60076
1.24103 0.0173994
0.637195 0.775718
0.517565 0.886806
1.17578 0.13328
7.65404e-17 1.25
0.750597 0.663102
0.611109 0.800647
0.0516863 1.22274
1.20421 0.0849029
0.857015 0.550565
0.902381 0.499997
0.101716 1.19452
0.134392 1.1751
0.462884 0.934604
0.713526 0.700676
0.969298 0.421622
0.349811 1.02669
0.597996 0.813035
0.624158 0.788224
0.335157 1.03792
0.958251 0.434919
0.118137 1.18486
0.229371 1.11408
0.244856 1.10347
1.12703 0.210081
0.650134 0.763216
0.701038 0.713166
0.0174301 1.24102
1.18534 0.117327
0.407132 0.981189
1.03455 0.339582
0.833867 0.575707
0.924816 0.474273
0.762725 0.650641
1.0868 0.268677
0.675745 0.738207
0.980317 0.408201
1.25 0
0.503964 0.898882
1.10707 0.23963
1.02384 0.353496
0.150492 1.16524
0.305542 1.06012
1.09697 0.254214
0.4212 0.969647
1.11709 0.224927
0.571413 0.837847
1.14671 0.179914
0.364324 1.01541
0.260219 1.09277
0.786639 0.625815
0.476616 0.922791
0.378703 1.00407
0.947153 0.448124
0.544596 0.862454
0.868424 0.538016
0.166511 1.15523
0.213843 1.12453
0.0851858 1.20405
0.774695 0.638258
0.0685331 1.21344
0.435166 0.958045
0.0346533 1.23193
1.2228 0.0515662
0.891108 0.512735
0.490322 0.910871
0.845465 0.563162
0.182379 1.14513
0.725947 0.688171
