0.631479 0.735187 0.534395
0.301154 0.258672 1.03307
0.364245 0.312863 0.997139
0.659024 0.767256 0.449277
0.721269 0.720251 0.431106
0.621858 0.723986 0.560339
0.204311 0.17549 1.07345
0.591428 0.507998 0.78549
0.379403 0.441713 0.941162
0.0865092 0.0743059 1.10084
0.570368 0.664041 0.67718
0.267751 0.311724 1.02761
0.591614 0.688776 0.632791
0.278639 0.239333 1.04399
0.477068 0.409771 0.910679
0.705295 0.821127 0.230549
0.0952346 0.110875 1.09703
0.14879 0.173226 1.08291
0.301933 0.35152 1.00504
0.731255 0.628101 0.543689
0.678867 0.583103 0.651133
0.249867 0.290903 1.03816
0.334189 0.389074 0.980705
0.145371 0.124864 1.09001
0.459238 0.394456 0.926471
0.718609 0.617239 0.57224
0.47518 0.55322 0.832463
0.818215 0.702794 0.247885
0.667717 0.777377 0.417951
0.448828 0.52254 0.866226
0.640894 0.746149 0.507307
0.767334 0.659091 0.449044
0.343837 0.295334 1.00965
0.789324 0.677978 0.377037
0.675944 0.786955 0.385544
0.511369 0.439233 0.877735
0.536767 0.624921 0.739052
0.192085 0.223632 1.06674
0.422427 0.362838 0.956424
4.41808e-17 5.13857e-17 1.10673
0.121561 0.141525 1.09089
0.560307 0.481268 0.824185
0.833728 0.716119 0.130057
0.809201 0.695052 0.294854
0.255169 0.219173 1.05437
0.441007 0.378797 0.941737
0.421644 0.490892 0.897822
0.176242 0.151381 1.08207
0.799786 0.764975 0
0.32283 0.277291 1.02163
0.61202 0.712533 0.585297
0.52496 0.611175 0.758765
0.705641 0.6061 0.59963
0.462116 0.53801 0.84961
0.494444 0.424696 0.894428
0.799531 0.686745 0.337601
0.212143 0.246983 1.05775
0.500548 0.582754 0.796676
0.39366 0.458312 0.927268
0.435324 0.506818 0.88231
0.711404 0.828239 0.181018
0.636262 0.546508 0.72204
0.230517 0.197999 1.06419
0.650079 0.756843 0.478988
0.364743 0.424645 0.954716
0.544266 0.46749 0.842657
0.171037 0.199127 1.07515
0.487981 0.568123 0.814834
0.755632 0.649039 0.482299
0.716793 0.834513 0.12099
0.765385 0.799393 0
0.349655 0.407079 0.967921
0.621525 0.53385 0.744012
0.692457 0.594776 0.625771
0.839545 0.721115 6.16812e-17
0.318312 0.370589 0.993068
0.512894 0.597127 0.777961
0.285118 0.331944 1.01655
0.403452 0.346539 0.970557
0.65075 0.558952 0.699242
0.755306 0.75497 0.290475
0.665044 0.57123 0.675467
0.52797 0.453493 0.860485
0.721115 0.839545 0
0.743653 0.63875 0.513636
0.698624 0.81336 0.274251
0.384093 0.329911 0.984111
0.581091 0.676524 0.655357
0.60193 0.700786 0.609445
0.778634 0.668796 0.413865
0.231331 0.269323 1.04823
0.0575053 0.0493934 1.10413
0.407764 0.474732 0.912799
0.69144 0.804996 0.314224
0.606639 0.521064 0.765065
0.68386 0.796172 0.351126
0.82646 0.709876 0.194636
0.548273 0.638317 0.718882
0.55948 0.651364 0.698247
0.576003 0.49475 0.805162
