0.173281 1.04816
0.443962 0.965178
0.284861 1.02349
0.541224 0.914192
0.922114 0.527612
0.74488 0.757511
1.01955 0.298627
0.814136 0.682534
0.962464 0.449814
1.03389 0.244424
0.669544 0.824852
0.878015 0.59813
0.771534 0.730346
0.250714 1.03238
0.980991 0.407832
6.50525e-17 1.06239
0.31693 1.01401
0.679366 0.816781
0.998359 0.363247
0.735857 0.766279
0.618408 0.863852
0.87032 0.609272
0.893088 0.575381
0.830643 0.662345
0.949471 0.476628
0.62891 0.856237
1.06239 4.78563e-17
0.597017 0.878772
0.900498 0.563714
0.907819 0.551846
0.986922 0.39326
1.03834 0.224766
0.797352 0.702068
0.404181 0.982501
0.885601 0.586839
0.150896 1.05162
1.05403 0.133039
0.43096 0.971053
0.23271 1.03659
0.915025 0.539813
0.936005 0.502558
0.805787 0.692371
0.726723 0.774947
0.762733 0.739532
0.956017 0.463358
0.649483 0.840739
0.992715 0.3784
0.469351 0.95309
0.698632 0.800365
1.02449 0.281223
0.517909 0.927599
1.05048 0.158627
0.332301 1.00908
0.659577 0.832843
0.822442 0.672502
0.126463 1.05483
0.529634 0.920955
1.00923 0.331838
1.0426 0.204104
0.717448 0.783542
0.506012 0.934142
0.575107 0.893265
0.493984 0.940558
0.780245 0.721032
0.563958 0.900345
0.846757 0.641617
0.689058 0.808622
1.01446 0.315487
0.347308 1.00402
0.390384 0.988064
0.194177 1.04449
0.361988 0.998816
0.929103 0.515206
1.02927 0.263197
0.753861 0.748575
0.417689 0.976835
0.301114 1.01882
1.05727 0.104201
0.268081 1.02801
0.066045 1.06033
0.854703 0.630993
0.607771 0.871369
0.456735 0.959199
0.639271 0.848529
0.788822 0.711639
0.968767 0.436075
0.9428 0.489691
1.04666 0.182132
1.00386 0.347744
0.708101 0.791999
0.974945 0.42208
0.376317 0.993506
0.0990291 1.05776
0.481763 0.946876
0.862541 0.620236
1.06011 0.0694992
0.552663 0.907322
0.838743 0.652058
0.213911 1.04063
0.58613 0.886071
