0.678745 0.678745 0.280377
0.651098 0.651098 0.390056
0.352639 0.352639 0.86677
0.583167 0.583167 0.565537
0.298573 0.298573 0.906481
0.614322 0.614322 0.495193
0.513561 0.513561 0.687394
0.507439 0.507439 0.696428
0.47621 0.47621 0.739222
0.443834 0.443834 0.778474
0.322225 0.322225 0.890136
0.633432 0.633432 0.444442
0.488835 0.488835 0.722552
0.239977 0.239977 0.94065
0.222065 0.222065 0.949407
0.417006 0.417006 0.807596
0.183981 0.183981 0.965558
0.430548 0.430548 0.793257
0.604292 0.604292 0.519291
0.675076 0.675076 0.297565
0.707107 0.707107 8.71967e-17
0.560867 0.560867 0.60898
0.423817 0.423817 0.800474
0.410144 0.410144 0.814595
0.555117 0.555117 0.619428
0.141481 0.141481 0.979779
0.56656 0.56656 0.598347
0.17386 0.17386 0.969302
0.403202 0.403202 0.821497
0.543472 0.543472 0.639747
0.463392 0.463392 0.755338
0.290526 0.290526 0.911696
0.700836 0.700836 0.132878
0.599134 0.599134 0.531109
0.5939 0.5939 0.542738
0.663479 0.663479 0.345819
0.381958 0.381958 0.841555
0.360085 0.360085 0.860626
0.646809 0.646809 0.404073
0.501264 0.501264 0.705315
0.549324 0.549324 0.629671
0.203455 0.203455 0.957712
0.698171 0.698171 0.15848
0.659439 0.659439 0.360943
0.685758 0.685758 0.243871
0.396194 0.396194 0.828288
0.703267 0.703267 0.104072
0.152649 0.152649 0.97642
0.16343 0.16343 0.972924
0.231103 0.231103 0.945083
0.0595406 0.0595406 0.996449
0.642421 0.642421 0.417841
0.367451 0.367451 0.854377
0.537567 0.537567 0.649649
0.193836 0.193836 0.961694
0.0910854 0.0910854 0.991669
0.248705 0.248705 0.936104
0.671299 0.671299 0.31419
0.482536 0.482536 0.73097
0.306543 0.306543 0.901145
0.619228 0.619228 0.482819
0.345151 0.345151 0.872778
0.450411 0.450411 0.770882
0.076195 0.076195 0.994177
0.437214 0.437214 0.785931
0.692271 0.692271 0.203768
0.314432 0.314432 0.895693
0.329915 0.329915 0.884484
0.525618 0.525618 0.668918
0.257287 0.257287 0.931454
0.337556 0.337556 0.878699
0.628775 0.628775 0.457477
0.68908 0.68908 0.224362
0.624035 0.624035 0.470278
0.265762 0.265762 0.926683
0.695306 0.695306 0.181932
0.682311 0.682311 0.262493
4.32978e-17 4.32978e-17 1
0.212849 0.212849 0.95362
0.667437 0.667437 0.330234
0.117666 0.117666 0.986058
0.705401 0.705401 0.069425
0.282377 0.282377 0.916803
0.0396214 0.0396214 0.998429
0.274124 0.274124 0.921798
0.389116 0.389116 0.834972
0.577699 0.577699 0.576653
0.609347 0.609347 0.507339
0.588572 0.588572 0.554225
0.10481 0.10481 0.988954
0.637965 0.637965 0.43128
0.469829 0.469829 0.747343
0.374751 0.374751 0.848011
0.519585 0.519585 0.678279
0.655312 0.655312 0.375674
0.531604 0.531604 0.65939
0.456923 0.456923 0.763179
0.129844 0.129844 0.982996
0.572161 0.572161 0.58759
0.495088 0.495088 0.713986
