0.0643875 0.997925
0.901011 0.433797
0.169121 0.985595
0.123346 0.992364
0.427411 0.904058
0.322874 0.946442
0.823722 0.566994
0.647782 0.761826
0.725261 0.688474
0.923583 0.383399
0.227159 0.973858
0.988601 0.150558
0.954516 0.298161
0.959292 0.282417
0.590279 0.807199
0.918068 0.396423
0.802082 0.597214
0.844486 0.535577
0.733308 0.679896
0.809382 0.587282
0.864256 0.503052
0.538978 0.84232
0.70885 0.705359
0.62915 0.777284
0.665889 0.746051
0.528398 0.848997
0.939473 0.342623
0.949632 0.313366
0.991992 0.1263
0.995095 0.0989196
0.934275 0.356554
0.261411 0.965228
0.749105 0.662451
0.968485 0.249072
0.450918 0.892566
0.963947 0.266093
0.692043 0.721857
0.473739 0.880665
0.337044 0.941489
0.549459 0.835521
0.189554 0.98187
0.439266 0.898357
0.772272 0.635292
0.600211 0.799842
0.496016 0.868313
0.293099 0.956082
0.364441 0.931226
0.415308 0.909681
0.390431 0.920632
0.816596 0.577209
0.580222 0.814458
0.208841 0.97795
0.857754 0.51406
0.700507 0.713645
0.851203 0.524837
0.89514 0.445786
0.997821 0.0659729
1 0
0.147226 0.989103
0.277552 0.960711
0.638551 0.76958
0.981126 0.193369
0.71712 0.69695
0.889171 0.457576
0.67474 0.738056
0.619634 0.784891
0.756905 0.653525
0.870649 0.491904
0.517723 0.855548
0.883113 0.46916
0.559825 0.828611
0.977075 0.212894
0.462401 0.886671
0.656905 0.753973
0.928975 0.370142
0.984957 0.172797
0.37759 0.925973
0.912479 0.409124
0.506912 0.861998
0.403014 0.915194
0.764602 0.644503
0.308198 0.951322
0.794724 0.606971
0.484956 0.874538
0.570082 0.821588
6.12323e-17 1
0.779844 0.625974
0.244621 0.969619
0.906784 0.421595
0.830741 0.556659
0.944609 0.328198
0.837663 0.546187
0.609998 0.792403
0.787332 0.616529
0.350914 0.936408
0.0965556 0.995328
0.972867 0.231363
0.876907 0.480661
0.683446 0.730001
0.741251 0.671228
