0.483663 0.483663 0.72948
0.169192 0.169192 0.970952
0.565191 0.565191 0.600931
0.537495 0.537495 0.649768
0.258783 0.258783 0.930625
0.697883 0.697883 0.160995
0.318061 0.318061 0.893126
0.637673 0.637673 0.43214
0.666692 0.666692 0.333233
0.650455 0.650455 0.392195
0.705338 0.705338 0.0706901
0.554352 0.554352 0.620796
0.654605 0.654605 0.378132
0.370924 0.370924 0.85137
0.0407955 0.0407955 0.998334
0.707107 0.707107 5.44979e-18
0.662729 0.662729 0.348683
0.240351 0.240351 0.940459
0.596069 0.596069 0.537962
0.531739 0.531739 0.659171
0.333706 0.333706 0.881635
0.580956 0.580956 0.570069
0.425877 0.425877 0.798284
0.310042 0.310042 0.898748
0.445533 0.445533 0.776531
0.548796 0.548796 0.630592
0.211282 0.211282 0.954317
0.27651 0.27651 0.920372
0.157885 0.157885 0.974754
0.121469 0.121469 0.985135
0.670558 0.670558 0.317341
0.385116 0.385116 0.838673
0.49601 0.49601 0.712705
0.628824 0.628824 0.457342
0.392069 0.392069 0.832204
0.63328 0.63328 0.444874
0.0939135 0.0939135 0.991141
0.59112 0.59112 0.548774
0.267698 0.267698 0.925567
0.20115 0.20115 0.958685
0.688569 0.688569 0.227475
0.600962 0.600962 0.526963
0.502086 0.502086 0.704144
0.658695 0.658695 0.363651
0.508103 0.508103 0.695459
0.452029 0.452029 0.768986
0.559821 0.559821 0.610901
0.575787 0.575787 0.580464
4.32978e-17 4.32978e-17 1
0.641968 0.641968 0.419231
0.285132 0.285132 0.915095
0.108128 0.108128 0.988239
0.605785 0.605785 0.515799
0.678052 0.678052 0.283709
0.514093 0.514093 0.686598
0.341365 0.341365 0.875751
0.610527 0.610527 0.504494
0.646228 0.646228 0.40593
0.525909 0.525909 0.668461
0.681666 0.681666 0.265827
0.674347 0.674347 0.300851
0.58607 0.58607 0.559504
0.221165 0.221165 0.949827
0.412526 0.412526 0.812185
0.19078 0.19078 0.962915
0.0613451 0.0613451 0.99623
0.691832 0.691832 0.206726
0.378077 0.378077 0.845054
0.694942 0.694942 0.184694
0.134123 0.134123 0.981846
0.419229 0.419229 0.805292
0.624341 0.624341 0.469464
0.0785396 0.0785396 0.993812
0.543176 0.543176 0.640249
0.570524 0.570524 0.590767
0.405762 0.405762 0.818972
0.471164 0.471164 0.745661
0.301886 0.301886 0.904284
0.146225 0.146225 0.978385
0.700625 0.700625 0.13509
0.293565 0.293565 0.909747
0.356367 0.356367 0.863716
0.363687 0.363687 0.857592
0.615191 0.615191 0.493031
0.180101 0.180101 0.96702
0.325958 0.325958 0.887413
0.703127 0.703127 0.105948
0.520028 0.520028 0.677599
0.458451 0.458451 0.761344
0.249667 0.249667 0.935592
0.348918 0.348918 0.869777
0.464833 0.464833 0.753565
0.398952 0.398952 0.825636
0.230852 0.230852 0.945206
0.489866 0.489866 0.721154
0.477433 0.477433 0.737642
0.619801 0.619801 0.481345
0.439025 0.439025 0.783909
0.432478 0.432478 0.791154
0.685178 0.685178 0.247109
