0.911689 0.410882
6.12323e-17 1
0.875993 0.482324
0.532714 0.846295
0.323872 0.946101
0.795212 0.606332
0.61575 0.787941
0.391692 0.920097
0.499426 0.866356
0.148091 0.988974
0.543548 0.839378
0.554229 0.832364
0.124121 0.992267
0.809671 0.586884
0.476616 0.879112
0.982637 0.18554
0.429172 0.903223
0.989531 0.144319
0.992647 0.121044
0.625534 0.780197
0.975003 0.22219
0.91731 0.398175
0.857001 0.515315
0.749184 0.662362
0.209627 0.977782
0.962399 0.271641
0.89423 0.447608
0.365556 0.930789
0.900147 0.435585
0.716137 0.69796
1 4.76431e-17
0.9789 0.204339
0.905961 0.423361
0.928196 0.372093
0.863421 0.504484
0.378755 0.925497
0.605828 0.795596
0.654049 0.756452
0.882155 0.47096
0.51064 0.859795
0.441301 0.897359
0.802502 0.59665
0.227977 0.973666
0.644682 0.764451
0.888233 0.459393
0.995498 0.0947873
0.245468 0.969405
0.843932 0.53645
0.986182 0.165667
0.351994 0.936002
0.521749 0.853099
0.416883 0.90896
0.707611 0.706602
0.294007 0.955803
0.595759 0.803163
0.830517 0.556993
0.564792 0.825233
0.765007 0.644022
0.0648186 0.997897
0.837278 0.546777
0.278379 0.960471
0.93861 0.344981
0.966744 0.255746
0.741105 0.67139
0.998002 0.0631809
0.780329 0.625369
0.724566 0.689206
0.948521 0.316714
0.69897 0.715151
0.190373 0.981712
0.575227 0.817994
0.338129 0.9411
0.869742 0.493506
0.690227 0.723593
0.95329 0.302056
0.787838 0.615882
0.453296 0.89136
0.732893 0.680344
0.0971864 0.995266
0.772734 0.634729
0.169959 0.985451
0.957902 0.287096
0.585556 0.810632
0.816707 0.577053
0.672378 0.740208
0.943631 0.331001
0.823659 0.567086
0.262216 0.965009
0.933471 0.358653
0.970952 0.239274
0.635171 0.772371
0.404373 0.914594
0.30917 0.951007
0.681378 0.731932
0.922808 0.385259
0.757168 0.65322
0.465029 0.885296
0.850501 0.525974
0.488078 0.8728
0.663287 0.748366
