0.381102 0.993037
0.77153 0.732192
0.974763 0.425674
0.591384 0.884097
0.461907 0.958125
0.848713 0.641131
0.79837 0.702828
1.01378 0.321893
0.305154 1.01894
0.435957 0.970208
0.695375 0.80487
0.152598 1.05265
0.968699 0.4393
0.175329 1.04911
0.789547 0.712725
0.569189 0.898547
0.714971 0.787515
0.824083 0.672495
0.856683 0.630441
0.0667231 1.06156
0.613035 0.869224
0.992275 0.383082
1.06366 4.63736e-17
0.499254 0.939206
0.840617 0.651709
0.675439 0.821672
1.05895 0.0998877
1.0086 0.337757
0.534922 0.919359
0.929996 0.516207
0.216605 1.04137
0.127814 1.05595
0.962516 0.452687
0.936719 0.503905
0.894752 0.575135
0.879843 0.597695
0.887339 0.586508
0.235708 1.03721
0.602279 0.876711
0.665288 0.829912
0.753067 0.751167
0.734171 0.769646
0.832416 0.662152
1.0033 0.353206
0.546488 0.912531
0.288675 1.02373
1.04537 0.196373
1.03722 0.235666
0.634231 0.853881
0.655027 0.838034
6.51301e-17 1.06366
0.474554 0.951925
0.351878 1.00376
0.321171 1.01401
0.449034 0.964225
0.815626 0.682727
0.807051 0.692842
0.271637 1.02839
0.644655 0.846039
0.864519 0.619653
0.100058 1.05894
1.05596 0.127723
1.06157 0.0666277
0.395221 0.987503
0.623695 0.861607
1.05268 0.152435
0.580319 0.891399
0.909184 0.552038
1.02361 0.289111
0.40906 0.981851
1.03286 0.254079
1.01878 0.305709
0.943328 0.491421
0.997856 0.3683
0.366648 0.998465
0.705193 0.796282
0.724614 0.778651
0.916236 0.540254
0.523217 0.92607
0.196559 1.04534
0.949831 0.47873
0.902028 0.563656
0.42263 0.976087
0.956228 0.465822
0.780592 0.722522
0.254018 1.03288
1.04139 0.21647
0.98072 0.411766
0.923171 0.528315
0.33673 1.00895
1.04914 0.175117
0.487002 0.945617
0.557903 0.905597
0.762354 0.74174
0.685466 0.813326
0.986558 0.397575
1.02832 0.271864
0.743669 0.760473
0.511328 0.932688
0.872242 0.608733
