0.419465 0.0805348 0
0.110102 0.0359035 0.353995
5.86664e-18 0.301467 0.198533
0.0871882 0.0799832 0.332829
0.224426 0.0105441 0.26503
0.0404403 4.48978e-18 0.45956
0.0818665 0.298447 0.119686
0.17617 0.039722 0.284108
0.129698 0 0.370302
0.0911517 0.245285 0.163563
0.201536 0.0579148 0.24055
1.57486e-18 0.0809272 0.419073
0.0148682 0.214151 0.270981
0.390795 0.0529899 0.0562153
0.0684591 0.227076 0.204465
0.34212 0.076769 0.081111
0.381893 0.118107 0
0.455845 0 0.0441546
0.102107 0.174472 0.223422
0.33376 0.0486093 0.117631
0.164019 0.335981 0
0 0.187661 0.312339
0.184456 0.167411 0.148133
0.28292 0.112499 0.104582
0.0412435 0.169126 0.289631
0.252462 0.0969575 0.15058
0.359392 0 0.140608
7.97533e-18 0.409826 0.0901736
0.297948 0.0726184 0.129433
0.254219 0.157708 0.0880732
0 0.5 0
0.5 0 0
8.96048e-18 1.87951e-17 0.5
0.247163 0.0362267 0.21661
0.153807 0.0831225 0.26307
0.196154 0 0.303846
7.56085e-19 0.0388528 0.461147
0.230923 0.140413 0.128664
0.203528 0.123141 0.173331
0.377202 0.0216152 0.101183
0.0132763 0.148373 0.338351
0.0562613 0.199593 0.244145
0.112521 0.253601 0.133878
0.143671 0.189863 0.166466
0.130305 0.128207 0.241488
0.157453 0.218572 0.123975
0.415904 0 0.0840962
0.155098 0.14823 0.196672
0.320008 0.019467 0.160525
0.430928 0.0385608 0.0305112
0.0737844 0.415441 0.0107742
0.344104 0.141829 0.0140664
0.319976 0.180024 0
0.28163 0.21837 0
0.0602883 0.344773 0.0949385
0.222962 0.277038 0
6.66217e-18 0.342348 0.157652
2.39413e-18 0.123027 0.376973
0.298673 0.164003 0.0373241
0.0374943 0.320383 0.142122
0.223384 0.211899 0.0647164
0.0497396 0.277616 0.172644
0.0121608 0.370415 0.117424
8.85268e-18 0.454911 0.0450892
0.083699 0.149955 0.266346
0.466229 0.0337706 0
0.0907127 0 0.409287
0.0436089 0.0988823 0.357509
0.111899 0.205011 0.18309
0.244656 0.237887 0.0174567
0 0.247326 0.252674
0.314117 0.12334 0.0625429
0.176944 0.240322 0.0827338
0.178314 0.103317 0.218369
0.157659 0.0103427 0.331998
0.0312492 0.0668307 0.40192
0.36515 0.096127 0.0387227
0.152527 0.292166 0.0553071
0.198596 0.258828 0.0425761
0.0443379 0.389731 0.0659311
0.274817 0.0505102 0.174673
0.0617815 0.125397 0.312822
0.225858 0.0791969 0.194945
0.204927 0.189312 0.10576
0.129264 0.346418 0.0243183
0.111226 0.388774 0
0.023068 0.259131 0.217801
0.107924 0.104467 0.287609
0.131798 0.271813 0.0963886
0.0489456 0.0250151 0.426039
0.0308203 0.43235 0.0368295
0.0864359 0.367184 0.0463802
0.262621 0 0.237379
0.301782 0 0.198218
0.0705916 0.0497139 0.379695
0.107124 0.320169 0.072707
0.0423696 0.45763 0
0.182471 0.302806 0.0147222
0.264008 0.188026 0.0479665
0.132337 0.0583333 0.30933
