0.850971 0.525213
0.562844 0.826563
0.631897 0.775053
0.449452 0.893305
0.39836 0.917229
0.371576 0.928403
0.182321 0.983239
0.830035 0.557712
0.26893 0.96316
0.552351 0.833611
1 2.33319e-17
0.659479 0.751723
0.986933 0.161133
0.822836 0.568279
0.424363 0.905492
0.995776 0.0918131
0.31487 0.949135
0.77743 0.62897
0.583305 0.812253
0.141392 0.989954
0.976153 0.217082
0.913459 0.406931
0.935115 0.354343
0.694901 0.719105
0.940241 0.340509
0.641201 0.767373
0.411488 0.911415
0.62246 0.782652
0.972187 0.234208
0.686198 0.727415
0.86442 0.50277
0.84408 0.536217
0.979937 0.199307
0.737142 0.675738
0.461722 0.887025
0.785246 0.619183
0.437006 0.899459
0.901893 0.43196
0.385119 0.922867
0.808129 0.589005
0.485597 0.874183
0.284754 0.958601
0.837113 0.547029
0.508593 0.861007
0.945216 0.326445
0.870937 0.491394
0.990128 0.140167
0.162402 0.986725
0.593319 0.804967
0.728819 0.684706
0.299874 0.953979
0.530907 0.84743
0.929908 0.367792
0.497181 0.867647
0.473757 0.880655
0.950076 0.312018
0.54171 0.840566
0.650396 0.759596
0.883646 0.468156
0.329501 0.944155
0.72045 0.693507
0.201126 0.979565
0.745349 0.666675
0.0617441 0.998092
0.761529 0.648131
0.877361 0.479831
0.236153 0.971716
0.998123 0.061247
0.889838 0.456276
0.677383 0.73563
0.924523 0.381127
0.603188 0.797599
0.218968 0.975732
0.343793 0.939046
0.907734 0.419547
0.612888 0.79017
0.7035 0.710695
0.954809 0.29722
0.252798 0.967519
0.357829 0.933787
0.959351 0.282215
0.792978 0.609251
0.857753 0.514063
0.769531 0.638609
0.963813 0.266579
6.12323e-17 1
0.712008 0.702172
0.573165 0.81944
0.800591 0.599212
0.118412 0.992965
0.668473 0.743736
0.968073 0.25067
0.895914 0.444227
0.993093 0.117331
0.092559 0.995707
0.983534 0.180721
0.815533 0.57871
0.753456 0.657498
0.919064 0.394107
0.519835 0.854267
