0.0289927 0.471007
0.459419 0.0405807
0.361289 0.138711
0.279241 0.220759
0.429692 0.0703075
0.23297 0.26703
0.243184 0.256816
0.0991981 0.400802
0.119875 0.380125
0.5 0
0.15627 0.34373
0.248307 0.251693
0.390826 0.109174
0.171747 0.328253
0.0536029 0.446397
0.376141 0.123859
0.0586064 0.441394
0.494873 0.0051273
0.4544 0.0456005
0.130281 0.369719
0.197389 0.302611
0.125071 0.374929
0.0636264 0.436374
0.336099 0.163901
0.024135 0.475865
0.489767 0.0102331
0.310385 0.189615
0.0940467 0.405953
0.263729 0.236271
0.474514 0.0254864
0.434592 0.0654078
0.294824 0.205176
0.484667 0.0153333
2.08167e-17 0.5
0.187164 0.312836
0.330977 0.169023
0.0144499 0.48555
0.405357 0.0946434
0.212654 0.287346
0.161448 0.338552
0.166602 0.333398
0.400526 0.0994737
0.0436852 0.456315
0.371206 0.128794
0.140695 0.359305
0.315576 0.184424
0.176912 0.323088
0.21773 0.28227
0.202482 0.297518
0.27405 0.22595
0.341216 0.158784
0.114682 0.385318
0.0338808 0.466119
0.381043 0.118957
0.395688 0.104312
0.083811 0.416189
0.479582 0.0204181
0.151076 0.348924
0.268888 0.231112
0.0737055 0.426294
0.135496 0.364504
0.253441 0.246559
0.0889347 0.411065
0.300021 0.199979
0.351277 0.148723
0.46443 0.0355701
0.419905 0.0800953
0.222805 0.277195
0.145888 0.354112
0.346251 0.153749
0.192279 0.307721
0.366262 0.133738
0.410192 0.0898079
0.305214 0.194786
0.415029 0.0849714
0.004808 0.495192
0.424792 0.0752076
0.0686433 0.431357
0.32074 0.17926
0.284437 0.215563
0.0486564 0.451344
0.0387667 0.461233
0.227887 0.272113
0.439499 0.0605008
0.0193 0.4807
0.449428 0.0505719
0.0787409 0.421259
0.46947 0.0305304
0.444458 0.0555415
0.104356 0.395644
0.207567 0.292433
0.109516 0.390484
0.23808 0.26192
0.325868 0.174132
0.28963 0.21037
0.258582 0.241418
0.182044 0.317956
0.35628 0.14372
0.00963252 0.490367
0.385928 0.114072
