0.240164 0.710938 4.57598
0.66141 0.856526 3.67868
0.118471 0.128624 5.526
0.055669 0.230117 5.49615
5.54954e-17 0.681961 5.22008
0.235822 0.656597 4.98232
0.703312 0.854915 3.36638
0.85808 0.701146 3.38207
0.777811 0.858176 2.85552
0.859096 0.859094 2.61402
0.85882 0.0331048 4.26375
0.795262 0.852991 2.76874
0.816025 0.243166 3.95296
5.54954e-17 0.244055 5.57398
0.848708 0.772152 2.89202
0.858159 0.756971 2.98085
0.746691 0.0882061 4.58866
0.688938 0 5.16751
0.717572 0.858034 3.25829
0.150843 0.857721 4.0071
0.646754 0.857825 3.78101
0.225917 0.0492798 5.51113
0.858572 0.823636 2.6632
0.854123 0.742565 3.07851
2.57732e-17 0.799115 4.44297
0.211118 0.225308 5.17895
0.689165 0.858034 3.47287
0.856419 0.646416 3.78356
2.57732e-17 0.743477 4.7641
0.675727 0.846851 3.57981
0.732092 0.848003 3.15664
3.77322e-17 0 6
0.654425 0.236374 4.99736
0.239974 0.182067 5.21287
0.244985 0.144934 5.28695
0.134829 0.215962 5.32733
0.851469 0 4.30947
0.746236 0.858073 3.05221
0.167044 0.244464 5.23981
2.57732e-17 0.712629 4.98824
0.725618 0.783085 3.41167
0.857935 0.111146 4.09967
0.777811 0.742336 3.32046
0.0388288 0.858725 4.2543
0.785105 0 4.50951
0.219753 0.794254 4.05219
0.858133 0.660662 3.68377
0.209923 0.119466 5.37005
0.245131 0.0838367 5.43037
0.242995 0 5.57422
0.852276 0.159527 3.9903
0.206894 0.731045 4.45301
0.858296 0.78734 2.80519
0.850542 0.714848 3.28166
0.124835 0.851201 4.06955
0.761678 0.8551 2.95157
0.727868 0.220368 4.46208
0.69649 0.756833 3.78498
0.21104 0.852278 3.9051
0.797322 0.104762 4.25865
0.845315 0.6747 3.58902
0.786324 0.787921 2.99851
0.770851 0.207205 4.18867
0.0903131 0 5.84177
0.855073 0.087113 4.15687
0.228976 0.691517 4.72841
0.0954587 0.244099 5.40375
0.854747 0.8046 2.72798
0.748065 0.23981 4.30784
0.850026 0.215032 3.90234
0.248672 0.248674 5.14661
0.762229 0.704485 3.69008
0.0855969 0.756397 4.53009
0.249253 0.859085 3.88027
0.241787 0.770175 4.16665
0.709771 0.700028 4.09323
0.23151 0.748635 4.30774
0.727028 3.06818e-17 4.88132
0.129429 0.788807 4.23986
0.243375 0.817965 3.94677
0.15886 3.06818e-17 5.68271
0.856781 0.687452 3.48601
0.179229 0.858674 3.94982
0.837531 0.847625 2.63802
2.57732e-17 0.856299 4.30738
0.858677 0.135085 4.04279
2.57732e-17 0.166431 5.66714
0.695984 0.173845 4.76686
0.858089 0.728401 3.17837
0.814412 0.858419 2.69113
2.57732e-17 0.104737 5.80786
0.858162 0.0614566 4.21197
0.18112 0.679062 4.88122
0.790635 0.230018 4.06165
0.67585 0.22649 4.8478
0.858758 0.18496 3.93984
0.706632 0.239553 4.60868
0.0977159 0.858602 4.13151
0.85912 0.249491 3.88026
0.0700762 0.853238 4.19543
