0.90144 0.432904
0.9479 0.318569
0.74186 0.670555
0.88404 0.467411
0.150906 0.988548
0.839256 0.543736
0.974346 0.225055
0.648983 0.760803
0.871828 0.489812
0.126529 0.991963
0.0990505 0.995082
0.923055 0.384668
0.889986 0.455988
0.299982 0.953945
0.957118 0.289697
0.657838 0.75316
0.961607 0.27443
0.360051 0.932933
0.173262 0.984876
0.788798 0.614653
0.194127 0.980976
0.612534 0.790444
0.440005 0.897995
0.99794 0.0641586
0.213708 0.976898
0.675264 0.737576
0.683846 0.729626
0.985772 0.168089
0.427386 0.904069
0.989206 0.146532
0.31557 0.948902
0.80377 0.59494
0.765672 0.643231
0.818334 0.574742
0.852636 0.522505
0.593503 0.804832
0.41455 0.910027
0.992422 0.122875
0.374154 0.927366
0.865546 0.50083
0.709082 0.705126
0.631004 0.775779
0.917806 0.397029
0.60307 0.797688
0.859118 0.511778
0.330762 0.943714
0.928208 0.372063
0.499459 0.866337
0.938208 0.346071
0.906997 0.421137
0.38795 0.92168
0.232358 0.97263
0.982124 0.188234
0.64004 0.768342
1 6.21617e-18
0.781173 0.624315
0.757841 0.65244
0.895756 0.444546
0.666572 0.745441
0.476312 0.879276
0.0660875 0.997814
0.563756 0.825941
0.832359 0.554237
0.970227 0.242198
6.12323e-17 1
0.912459 0.409168
0.952568 0.304325
0.995357 0.0962548
0.978302 0.207185
0.573784 0.819006
0.345583 0.938388
0.510631 0.8598
0.943098 0.332514
0.811107 0.584898
0.283935 0.958844
0.796332 0.604859
0.452327 0.891852
0.521614 0.853182
0.733789 0.679377
0.464425 0.885612
0.58374 0.81194
0.488003 0.872842
0.933269 0.359179
0.749899 0.661553
0.825414 0.564527
0.553483 0.832861
0.267383 0.96359
0.401364 0.915919
0.773468 0.633835
0.725681 0.688031
0.846007 0.533172
0.543009 0.839727
0.717412 0.696649
0.532358 0.84652
0.965966 0.258671
0.878028 0.478609
0.700776 0.713381
0.621831 0.783152
0.250225 0.968188
0.692386 0.721527
