0.281565 0 0.959542
0.587326 0.565684 0.578835
0.973165 0.230108 0
0.62227 0 0.782803
0.562113 0.712659 0.419697
0.76597 0.468028 0.440727
5.81907e-17 0.950326 0.311256
0.35763 0 0.933863
0.879883 0.362847 0.306835
0.79947 0.529565 0.283563
5.25712e-17 0.858552 0.512726
0.275043 0.746427 0.605969
0.49448 0.454837 0.740685
0.200184 0.979758 0
0.335121 0.668204 0.664227
0.688702 0.517515 0.507806
0.45746 0.374124 0.806698
0.318988 0.463352 0.826772
0.830055 0.431573 0.353203
0.820083 0.572245 0
1.87655e-17 0.306463 0.951882
0.52131 0.785127 0.334382
0.286061 0.614561 0.735177
0.301249 0.27325 0.913556
6.00718e-17 1.1865e-17 1
0.947232 0.320548 0
0.274022 0.391191 0.878568
6.12323e-17 1 0
0.445232 0.895415 0
0.463671 0.748003 0.47487
5.65529e-17 0.923578 0.38341
0.663791 0 0.747918
0.376701 0.926335 0
5.47502e-17 0.894138 0.447791
0.909652 0 0.415372
0.685186 0.728368 0
4.77152e-17 0.779248 0.626716
0.546038 0.507538 0.666519
0.780429 0 0.625244
0.710976 0.647312 0.274775
0.329813 0.783889 0.526062
0.70379 2.65005e-268 0.710408
0.674268 0.600774 0.429457
0.477266 0.617159 0.625565
0.879705 0 0.475519
0.531484 0 0.847068
0.467217 0.841205 0.272181
0.427966 0.568204 0.702844
0.7993 0.336562 0.497841
0.345794 0.872069 0.346299
0.602711 0.750843 0.270137
0.982201 0 0.187832
0.521023 0.66537 0.534619
0.272866 0.840767 0.467605
0.480072 0 0.877229
0.734038 0.679108 0
3.66307e-17 0.598224 0.801329
1.36305e-17 0.222602 0.974909
4.50396e-17 0.735552 0.677468
0.68258 0.318624 0.657695
0.410463 0.813054 0.412871
0.816862 0 0.576834
0.574087 0.818794 0
1 0 0
0.917729 0.397207 0
2.29505e-17 0.37481 0.927102
0.410943 0.706242 0.576496
0.554253 0.312392 0.771502
0.779402 0.626524 0
0.578215 0 0.815885
0.847467 0 0.530848
0.407967 0.310626 0.85853
0.922604 0.27836 0.267052
0.723539 0.409861 0.555432
0.288109 0.913319 0.287821
3.3734e-17 0.550918 0.834559
0.188396 0 0.982093
4.25811e-17 0.695401 0.718622
3.06333e-17 0.50028 0.865864
0.857874 0.513859 0
5.0212e-17 0.820025 0.572328
0.855531 0.288872 0.429673
0.605488 0.366435 0.706477
0.631676 0.775232 0
0.741619 0 0.670821
0.299221 0.954184 0
2.69722e-17 0.44049 0.897758
0.609202 0.627448 0.484955
0.95976 0 0.280821
0.64516 0.684828 0.338791
0.356974 0.522479 0.774329
0.512639 0.858604 0
0.641907 0.456412 0.616152
5.96338e-17 0.973894 0.227003
0.424527 0 0.905415
0.888938 0.458027 0
0.935961 0 0.352104
3.97064e-17 0.648454 0.761254
0.742754 0.568649 0.353489
0.753427 0.282711 0.593651
