0.943094 0.443353
0.7208 0.752619
0.851033 0.60144
0.0609951 1.04032
0.835029 0.623469
0.801589 0.665914
0.591065 0.858271
0.818526 0.644983
0.379672 0.970483
0.418384 0.954433
0.632652 0.828094
0.923677 0.482502
1.00925 0.259635
0.757614 0.715547
0.792968 0.676157
0.622395 0.83583
0.265394 1.00775
0.491045 0.919164
1.03029 0.156464
0.233207 1.01568
0.989333 0.327425
0.405684 0.9599
0.443221 0.943156
1.00449 0.277466
0.874106 0.567386
0.652886 0.812236
0.961368 0.402193
0.662897 0.804087
6.38107e-17 1.04211
0.810115 0.655516
0.967215 0.387921
0.775454 0.696175
0.612044 0.843439
1.03985 0.0684979
0.580401 0.865519
1.03382 0.131157
0.916961 0.495146
0.692291 0.778923
0.467447 0.931387
0.843085 0.612532
1.01383 0.241096
0.682608 0.787422
0.766574 0.70594
0.826837 0.634293
0.569672 0.872618
0.642787 0.820252
0.711389 0.761521
0.888869 0.543967
0.739381 0.734372
0.310651 0.994728
0.930267 0.469671
0.70187 0.770302
0.881538 0.555768
0.514119 0.906459
0.547897 0.886452
0.2809 1.00354
0.0915212 1.03808
0.4309 0.948848
1.0265 0.179657
0.748528 0.725047
0.866542 0.578871
0.972943 0.373322
0.502691 0.912847
0.78426 0.686239
0.249589 1.01178
0.903159 0.519895
0.983998 0.343125
0.35284 0.980557
0.994532 0.311278
0.366381 0.975578
0.955401 0.416169
0.160483 1.02968
1.03703 0.102695
0.601553 0.850953
1.02248 0.201314
0.910126 0.507601
0.295981 0.999191
0.94931 0.429882
0.558838 0.879595
0.978534 0.358412
0.896068 0.532024
0.392816 0.965237
0.672787 0.79583
0.116915 1.03553
0.85884 0.590239
0.999584 0.294652
1.04211 0
0.536781 0.893227
0.455407 0.937332
0.52554 0.899886
0.324988 0.990136
0.180014 1.02644
0.936752 0.4566
0.13961 1.03271
0.198512 1.02303
1.01824 0.221735
0.216203 1.01943
0.730165 0.743537
0.339067 0.985404
0.479342 0.925321
