0.916917 0.399077
0.612641 0.790362
0.943738 0.330695
0.869383 0.494139
0.0642542 0.997934
0.719394 0.694602
0.766756 0.641938
0.875577 0.483078
0.823884 0.566759
0.986624 0.163014
0.948718 0.316123
0.668136 0.744039
0.72755 0.686055
0.781643 0.623726
0.407883 0.913034
0.803236 0.595661
0.640998 0.767543
0.495368 0.868683
0.75913 0.650939
0.602877 0.797834
0.188944 0.981988
0.953543 0.301256
0.91125 0.411854
0.711115 0.703076
0.592953 0.805237
0.631684 0.775226
0.43388 0.900971
0.905501 0.424345
0.810203 0.586149
0.881717 0.471779
0.659218 0.751952
0.123048 0.992401
0.676943 0.736036
0.685632 0.727948
0.843823 0.536621
0.367004 0.930219
0.933346 0.358978
0.226485 0.974015
0.483525 0.875331
0.863114 0.505009
0.323736 0.946147
0.506978 0.861959
1 0
0.26096 0.96535
0.975513 0.219942
0.459136 0.888366
0.83724 0.546835
0.44662 0.894724
0.958245 0.285949
0.0963473 0.995348
0.2773 0.960783
0.622252 0.782817
0.20816 0.978095
0.887788 0.460253
0.922484 0.386036
0.69423 0.719753
0.471439 0.881899
0.927969 0.372656
0.962792 0.270242
0.817085 0.576517
0.830613 0.55685
0.244021 0.96977
0.1686 0.985685
0.380852 0.924636
0.540682 0.841227
0.971445 0.237266
0.850312 0.526279
0.146816 0.989164
0.788957 0.614449
6.12323e-17 1
0.85675 0.515731
0.743586 0.668641
0.99808 0.0619401
0.51842 0.855126
0.338488 0.940971
0.992933 0.118677
0.99568 0.0928469
0.751414 0.659831
0.899664 0.436583
0.735621 0.677393
0.796123 0.605135
0.352895 0.935663
0.420944 0.907086
0.562211 0.826993
0.572605 0.819831
0.774255 0.632874
0.967199 0.254018
0.293212 0.956048
0.308624 0.951184
0.650153 0.759804
0.893775 0.448516
0.529689 0.848192
0.582853 0.812578
0.702727 0.71146
0.989894 0.141811
0.983136 0.182875
0.938604 0.344996
0.979415 0.201856
0.551528 0.834156
0.394467 0.91891
