0.422248 0.0777515
0.297678 0.202322
0.148944 0.351056
0.44845 0.0515499
0.064433 0.435567
0.385102 0.114898
0.458835 0.041165
0.287731 0.212269
0.312699 0.187301
0.411661 0.0883394
0.348415 0.151585
0.223572 0.276428
0.484592 0.0154076
0.198522 0.301478
0.0895776 0.410422
0.258208 0.241792
0.0795174 0.420483
0.494871 0.00512927
0.0744795 0.425521
0.353631 0.146369
0.104579 0.395421
0.33813 0.16187
0.5 0
0.00488166 0.495118
0.358855 0.141145
0.479463 0.0205372
0.416963 0.083037
0.2335 0.2665
0.243413 0.256587
0.322794 0.177206
0.364083 0.135917
0.134222 0.365778
0.0394218 0.460578
0.248356 0.251644
0.302645 0.197355
0.16372 0.33628
0.228541 0.271459
0.369289 0.130711
0.427509 0.0724907
0.0543875 0.445612
0.374541 0.125459
0.43279 0.0672104
0.139126 0.360874
0.158784 0.341216
0.144034 0.355966
0.0594077 0.440592
0.406359 0.0936413
0.307653 0.192347
0.390398 0.109602
0.153858 0.346142
0.395716 0.104284
0.119453 0.380547
0.343275 0.156725
0.474309 0.0256908
0.253283 0.246717
0.464001 0.0359988
0.0147062 0.485294
0.401037 0.0989628
0.218575 0.281425
0.443232 0.0567683
0.20855 0.29145
0.183533 0.316467
0.438024 0.0619764
0.277856 0.222144
0.00980831 0.490192
0.178574 0.321426
0.317741 0.182259
0.0294836 0.470516
0.188523 0.311477
0.213569 0.286431
0.124375 0.375625
0.0245688 0.475431
0.114508 0.385492
0.469156 0.0308439
0.193513 0.306487
0.173605 0.326395
0.453666 0.0463339
0.0443864 0.455614
0.238462 0.261538
0.333017 0.166983
0.129308 0.370692
0.0344426 0.465557
0.489737 0.0102628
0.168656 0.331344
0.069454 0.430546
0.327908 0.172092
0.0196211 0.480379
0.0945996 0.4054
0.263127 0.236873
0.292711 0.207289
0.0996027 0.400397
0.109546 0.390454
0.28279 0.21721
0.379802 0.120198
0 0.5
0.0845541 0.415446
0.0493707 0.450629
0.272941 0.227059
0.268032 0.231968
0.203533 0.296467
