6.12323e-17 1 0
0.393989 0.678899 0.619571
0.734935 0.410223 0.539988
0.346684 0.798107 0.492784
0.665592 0.454509 0.591953
0.283991 0.958827 0
0.189927 0.981798 0
0.272667 0.40714 0.871717
0.680407 0 0.732835
0.931537 0 0.363645
0.834964 0.370758 0.406661
3.47556e-17 0.567602 0.823303
0.427145 0 0.904183
6.12323e-17 2.20466e-23 1
0.496325 0.75697 0.42504
0.633893 1.79508e-91 0.77342
0.884492 0.305775 0.352386
0.480507 0.876991 0
3.15295e-17 0.514916 0.85724
0.298344 0.634201 0.713288
0.872932 0 0.487842
0.839639 0 0.543144
5.67245e-17 0.926382 0.376586
0.553263 0.554307 0.621807
0.34711 0.555453 0.755636
0.698536 0.529627 0.48119
5.30952e-17 0.867111 0.498115
1.92491e-17 0.314361 0.949304
5.9691e-17 0.974827 0.222961
0.35528 0.93476 0
0.270537 0.701003 0.659852
3.77709e-17 0.616846 0.787084
0.639946 0.76842 0
0.292151 0.856548 0.42541
0.189783 0 0.981826
0.913948 0.40583 0
0.445138 0.853428 0.271133
1 0 0
5.10682e-17 0.834007 0.551754
0.683053 0.730368 3.50696e-94
5.82811e-17 0.951803 0.306709
0.700744 0.304988 0.644935
0.540785 0.402793 0.738451
0.534394 0 0.845235
0.972471 0.233023 0
0.739319 0.579285 0.343272
0.845369 0.534183 0
4.37106e-17 0.713848 0.7003
0.590554 0.806998 0
5.49844e-17 0.897963 0.440071
0.311871 0.898084 0.310133
0.655492 0.628196 0.419165
0.858528 0.432639 0.275233
0.945116 0.326734 0
0.611077 0.71674 0.335958
0.359845 0 0.933012
0.418463 0.908234 0
0.438136 0.599241 0.670035
0.399531 0.335542 0.853104
2.77641e-17 0.453423 0.891296
0.53768 0.843149 0
0.591276 0.467059 0.657456
0.589414 0.279946 0.757774
0.296245 0.761589 0.576386
0.695243 0.660391 0.283761
0.509409 0.641084 0.574033
0.418531 0.82344 0.383116
0.614761 0.582002 0.5323
0.545713 0.785174 0.292744
0.728973 0.684543 0
0.924921 0.277012 0.260358
0.442967 0.72386 0.528967
0.903126 0 0.429376
4.07989e-17 0.666297 0.745686
0.881077 0.472972 7.69754e-321
0.484021 0.510437 0.710759
0.764689 0 0.6444
1.39438e-17 0.22772 0.973727
0.981115 0 0.193424
0.77163 0.461515 0.437712
4.88188e-17 0.797272 0.603621
0.772066 0.635543 0
0.498836 0.298689 0.813601
0.723741 0 0.690071
2.35978e-17 0.385381 0.922758
0.436213 0.438982 0.785502
0.63595 0.341771 0.691925
0.302018 0.281211 0.910882
0.808662 0.308237 0.501056
0.809866 0.586615 0
0.310345 0.4889 0.815269
0.283775 0 0.958891
0.480662 0 0.876906
0.957256 0 0.289243
0.800722 0.512744 0.309739
0.803322 0 0.595544
0.761013 0.285381 0.582595
0.58451 2.41579e-08 0.811386
0.562593 0.679283 0.471237
4.642e-17 0.758096 0.652143
