0.222286 0.209711 0.992495
0.175547 0.165617 1.01004
0.542556 0.511863 0.72254
0.715097 0.674643 0.334557
0.706471 0.666506 0.367565
0.6037 0.569548 0.624177
0.443211 0.469787 0.813203
0.626285 0.590855 0.580597
0.577097 0.611701 0.609276
0.455427 0.482736 0.798741
0.731074 0.689716 0.261263
0.294869 0.31255 0.94541
0.58005 0.547236 0.665215
0.65832 0.621079 0.509227
0.650529 0.689537 0.424013
0.6661 0.706042 0.369122
0.642292 0.680806 0.44989
0.370103 0.349166 0.905286
0.673424 0.713804 0.339735
0.353473 0.333477 0.917761
0.279614 0.296381 0.955201
0.503247 0.474778 0.774445
0.490929 0.520367 0.752757
0.318965 0.300921 0.941352
0.133733 0.141753 1.02003
0.324385 0.343836 0.924655
0.0505601 0.0535918 1.03586
0.75537 0.712638 1.02495e-17
0.205707 0.218042 0.994273
0.680423 0.721223 0.308703
0.668504 0.630686 0.483501
0.606489 0.642855 0.545293
0.418195 0.443272 0.840868
0.615139 0.58034 0.602699
0.123198 0.116228 1.02457
0.282268 0.2663 0.963247
0.461835 0.435709 0.821767
0.194072 0.183093 1.00362
4.61228e-17 4.37741e-17 1.03848
0.48971 0.462007 0.790676
0.0759622 0.0805171 1.03256
0.24641 0.261186 0.974423
0.688098 0.649172 0.428407
0.240336 0.22674 0.984512
0.430813 0.456646 0.82723
0.379405 0.402155 0.879067
0.699114 0.741035 0.201353
0.693322 0.734895 0.240144
0.188544 0.199849 1.00147
0.624963 0.662438 0.499031
0.229469 0.243229 0.983168
0.738283 0.696517 0.219631
0.647906 0.611254 0.533875
0.744896 0.702756 0.172336
0.615842 0.65277 0.522556
0.555288 0.523875 0.704021
0.712638 0.75537 0
0.637223 0.601175 0.557649
0.68709 0.72829 0.275566
0.263994 0.279824 0.964594
0.678441 0.640061 0.456591
0.366129 0.388083 0.890942
0.467457 0.495487 0.783845
0.300928 0.283904 0.952511
0.592007 0.558517 0.644998
0.704374 0.746611 0.157685
0.587104 0.622308 0.588623
0.432755 0.408274 0.851159
0.516557 0.487335 0.7577
0.309804 0.328381 0.935213
0.405435 0.429746 0.854036
0.386329 0.364474 0.892381
0.338646 0.358952 0.913733
0.658493 0.697978 0.397051
0.47591 0.448988 0.806446
0.596897 0.632688 0.567323
0.150087 0.159087 1.01519
0.392497 0.416032 0.866775
0.54603 0.578772 0.667316
0.502323 0.532444 0.736621
0.723331 0.682411 0.299238
0.352556 0.373697 0.902491
0.447467 0.422154 0.836657
0.262873 0.248002 0.973565
0.566888 0.60088 0.629299
0.0972344 0.103065 1.02877
0.513543 0.544336 0.720005
0.633765 0.671767 0.474875
0.535377 0.56748 0.6854
0.750718 0.70825 0.115066
0.529636 0.499674 0.740437
0.556518 0.589889 0.648656
0.479263 0.508001 0.768555
0.708979 0.751492 0.10509
0.417695 0.394066 0.865262
0.697414 0.65796 0.398921
0.524591 0.556047 0.702888
0.40224 0.379485 0.878993
0.567817 0.535695 0.684873
0.336477 0.317442 0.929758
