0.723277 2.90888
0.0718504 3.88313
0.685462 3.19375
0.823926 2.35538
0.766617 2.61338
0.088495 3.84596
0.06039 3.90706
0.66353 3.35608
0.0295164 3.96238
0.756156 2.67905
0.759604 2.65692
0.200275 3.60941
0.672934 3.28734
0 4
0.82926 2.34209
0.193035 3.61986
0.710625 3.00332
0.713778 2.97961
0.0155888 3.98213
0.84905 2.3112
0.777481 2.55029
0.736139 2.81557
0.0545275 3.91867
0.81892 2.3697
0.236411 3.57644
0.746018 2.74664
0.682326 3.21734
0.121137 3.76871
0.0227111 3.97246
0.749361 2.72396
0.00806017 3.99133
0.726469 2.88542
0.698033 3.09861
0.0994215 3.82046
0.641359 3.51017
0.16087 3.6785
0.0485344 3.93003
0.0360594 3.95192
0.773811 2.57098
0.701182 3.07472
0.742693 2.76953
0.647729 3.46727
0.729673 2.86205
0.669794 3.31046
0.126607 3.7557
0.694886 3.12247
0.132143 3.74265
0.154943 3.69106
0.792798 2.47156
0.841482 2.31952
0.634894 3.5524
0.78499 2.5101
0.644556 3.48879
0.796823 2.45307
0.173123 3.65407
0.115699 3.7817
0.800953 2.43511
0.137733 3.72962
0.208008 3.59957
0.739403 2.79249
0.691749 3.14624
0.11025 3.79472
0.835042 2.33003
0.679191 3.24082
0.752743 2.70141
0.0423855 3.94113
0.0661679 3.89519
0.179521 3.64227
0.781206 2.52998
0.216347 3.59059
0.660392 3.37864
0.788855 2.49059
0.707476 3.02707
0.704328 3.05089
0.716934 2.95597
0.688607 3.17001
0.859346 2.307
0.666666 3.33334
0.805202 2.41773
0.0830029 3.85849
0.770191 2.59202
0.657224 3.40119
0.166934 3.66613
0.0939817 3.83324
0.676065 3.26413
0.763091 2.63502
0.732897 2.83876
0.654083 3.42331
0.638136 3.53139
0.251122 3.5732
0.65092 3.44533
0.186137 3.63085
0.225592 3.58272
0.809596 2.40098
0.814155 2.38495
0.7201 2.93239
0.0774613 3.87088
0.149115 3.70381
0.10483 3.80765
0.143394 3.71665
