1.09003 0.166322
0.125184 1.09552
0.598232 0.926253
0.171698 1.08919
0.192595 1.08569
0.864865 0.683983
0.149392 1.09248
0.792368 0.766797
0.433597 1.01381
0.9575 0.546826
0.928589 0.594599
0.847631 0.705229
0.742345 0.815322
1.01689 0.426342
0.667138 0.877924
0.971333 0.521859
0.51251 0.976298
0.473729 0.995694
0.772754 0.78656
0.921061 0.606195
1.08597 0.191015
0.633244 0.902677
1.03487 0.380623
0.332164 1.05142
0.610004 0.918543
1.07242 0.256415
0.316514 1.05624
0.88968 0.651379
1.10024 0.0727937
0.856303 0.694672
0.873295 0.673188
1.06751 0.276135
0.377081 1.03616
0.991431 0.482587
1.05719 0.313316
0.0979148 1.09829
0.655975 0.886297
0.419694 1.01965
1.08167 0.214031
1.02899 0.396245
0.950436 0.559014
0.678189 0.869416
0.721439 0.833877
0.943273 0.571018
0.820649 0.736451
0.978135 0.508996
1.00434 0.455105
0.801956 0.756764
0.300472 1.06092
0.90561 0.629044
0.391502 1.0308
1.10264 0
0.689141 0.860761
0.838766 0.715749
1.09723 0.109142
0.486873 0.989333
0.231289 1.07811
0.525102 0.969584
0.644684 0.894544
0.897746 0.640216
1.0518 0.330963
0.283898 1.06547
0.3475 1.04646
0.935993 0.582875
1.06243 0.295068
0.4471 1.00793
0.913425 0.61764
0.499754 0.982889
0.249334 1.07408
0.762752 0.796263
1.04065 0.364518
0.405764 1.02527
0.266781 1.06988
0.752597 0.805868
0.586312 0.933843
0.621635 0.910711
0.829737 0.726196
0.710766 0.842993
0.362404 1.04139
1.0938 0.13938
0.881523 0.662376
1.04629 0.347992
0.562099 0.948614
6.75175e-17 1.10264
0.537604 0.962708
0.782632 0.776731
0.984842 0.495895
0.549907 0.955734
0.700001 0.851953
1.01069 0.440832
0.73196 0.824657
0.574261 0.941302
0.964456 0.534462
0.460487 1.00189
0.811407 0.746621
1.02298 0.411499
0.997939 0.468979
0.0652862 1.10071
1.07715 0.235748
0.212441 1.08199
