0.931997 0.362466
0.254427 0.967092
0.789085 0.614283
0.418473 0.908229
0.285349 0.958424
0.622984 0.782234
0.947114 0.320897
0.430494 0.902593
0.921314 0.38882
0.488052 0.872814
0.833299 0.552823
0.393882 0.919161
0.510081 0.860127
0.603355 0.797473
0.49915 0.866516
0.184692 0.982797
0.381262 0.924467
0.45397 0.891017
0.670427 0.741975
0.143659 0.989627
0.951926 0.306329
0.89253 0.450989
0.632667 0.774424
0.982013 0.188815
0.368432 0.929655
0.35537 0.934726
0.542094 0.840318
0.898516 0.43894
0.904401 0.426683
0.87383 0.486231
0.442329 0.896853
0.613225 0.789908
0.661108 0.750291
0.573118 0.819473
0.724109 0.689686
0.867332 0.497731
0.992385 0.123177
0.679645 0.733541
0.531558 0.847022
0.562861 0.826551
0.300088 0.953912
0.203304 0.979116
0.40627 0.913753
0.706663 0.70755
0.120487 0.992715
0.847237 0.531214
0.937164 0.34889
0.840326 0.542081
0.342018 0.939693
0.221132 0.975244
0.926725 0.37574
0.974124 0.226016
0.757521 0.652811
0.978152 0.207892
0.854032 0.52022
0.811629 0.584173
0.063015 0.998013
0.781382 0.624053
6.12323e-17 1
0.796708 0.604364
0.942199 0.335052
0.741059 0.671439
0.31439 0.949294
0.985686 0.168593
0.880157 0.474682
0.552515 0.833503
0.476862 0.878978
0.164902 0.98631
0.697774 0.716318
0.583279 0.812272
0.0944327 0.995531
0.995339 0.0964341
0.7656 0.643317
0.65172 0.758459
0.238118 0.971236
0.59338 0.804922
0.328353 0.944555
0.98915 0.146911
0.520845 0.853651
0.465503 0.885046
0.68877 0.72498
0.715434 0.69868
0.956622 0.291332
0.642228 0.766514
0.826172 0.563419
0.997931 0.0642868
0.965632 0.259911
0.915798 0.40164
0.804214 0.59434
0.860728 0.509066
0.818948 0.573868
0.270152 0.962818
0.773542 0.633745
0.969957 0.243276
0.732646 0.68061
1 2.56297e-17
0.910179 0.414216
0.961185 0.275905
0.749356 0.662167
0.886408 0.462906
