0.393455 0.106545
0.139928 0.360072
0.354688 0.145312
0.36912 0.13088
0.134758 0.365242
0.160462 0.339538
0.340397 0.159603
0.484418 0.0155822
0.0167102 0.48329
0.288117 0.211883
0.458658 0.0413422
0.330906 0.169094
0.311959 0.188041
0.383689 0.116311
0.40826 0.09174
0 0.5
0.479256 0.0207437
0.433231 0.0667692
0.259141 0.240859
0.200602 0.299398
0.205513 0.294487
0.42821 0.0717898
0.283325 0.216675
0.108647 0.391353
0.215345 0.284655
0.4232 0.0768002
0.170586 0.329414
0.225101 0.274899
0.0277976 0.472202
0.34991 0.15009
0.44841 0.0515898
0.463775 0.0362245
0.0660015 0.433999
0.403308 0.0966925
0.335642 0.164358
0.398378 0.101622
0.345152 0.154848
0.388555 0.111445
0.165551 0.334449
0.316689 0.183311
0.0605999 0.4394
0.0332952 0.466705
0.190663 0.309337
0.413214 0.0867863
0.04977 0.45023
0.321434 0.178566
0.129562 0.370438
0.0767919 0.423208
0.364297 0.135703
0.0443186 0.455681
0.453538 0.0464624
0.180652 0.319348
0.0928019 0.407198
0.297684 0.202316
0.119138 0.380862
0.307209 0.192791
0.155364 0.344636
0.0821499 0.41785
0.494801 0.00519902
0.175624 0.324376
0.229966 0.270034
0.254293 0.245707
0.292899 0.207101
0.150249 0.349751
0.302445 0.197555
0.0552055 0.444794
0.268843 0.231157
0.438282 0.0617179
0.239699 0.260301
0.0874977 0.412502
0.263993 0.236007
0.489603 0.0103967
0.185657 0.314343
0.373945 0.126055
0.0111467 0.488853
0.0981163 0.401884
0.5 0
0.210443 0.289557
0.0222662 0.477734
0.273667 0.226333
0.378783 0.121217
0.278496 0.221504
0.418214 0.0817858
0.103386 0.396614
0.124347 0.375653
0.359486 0.140514
0.0388127 0.461187
0.326163 0.173837
0.0714038 0.428596
0.234829 0.265171
0.195638 0.304362
0.44334 0.0566597
0.244569 0.255431
0.145095 0.354905
0.249427 0.250573
0.113906 0.386094
0.468934 0.0310664
0.22023 0.27977
0.474102 0.0258983
0.00557869 0.494421
