5.65841e-17 0.924088 0.382179
0.288026 0.451393 0.844562
5.48056e-17 0.895043 0.44598
0.702932 0.636952 0.31651
0.517147 0.592819 0.617353
4.58496e-17 0.748781 0.662818
0.771701 0.283756 0.569175
0.556215 0.490326 0.670973
0.703065 0.328308 0.630803
0.950647 0.310273 4.9262e-17
0.284305 0.958734 0
0.962157 7.58624e-17 0.272497
0.657426 0.291064 0.695035
4.00657e-17 0.654323 0.756215
0.573761 0.645542 0.504057
0.571362 0.76005 0.309628
0.79644 0.604718 4.9262e-17
1.17576e-17 0.192016 0.981392
0.37256 1.75564e-17 0.928008
0.861964 6.50166e-17 0.50697
0.734513 0.414898 0.536983
0.940117 7.09115e-17 0.340853
0.416002 0.75684 0.504118
0.547827 0.289561 0.784882
5.81981e-17 0.950447 0.310888
0.760253 1.294e-17 0.649627
0.36043 0.932786 6.07535e-18
0.98326 7.41657e-17 0.18221
3.71561e-17 0.606805 0.794851
0.406245 0.630424 0.661462
0.365221 0.489334 0.791938
0.696895 0.504279 0.509941
0.724547 2.35998e-17 0.689226
0.797637 6.01645e-17 0.603138
4.30549e-17 0.70314 0.711051
0.303505 9.88574e-18 0.95283
4.8433e-17 0.79097 0.611855
0.292408 0.912775 0.2852
3.40571e-17 0.556195 0.831052
0.849656 0.319513 0.419519
0.440678 0.848401 0.29329
5.96544e-17 0.97423 0.225555
0.771318 0.570237 0.282662
0.488396 8.31282e-18 0.872622
0.221375 7.21061e-18 0.975189
0.746166 0.524205 0.410422
2.23621e-17 0.3652 0.930929
0.863086 0.505058 4.9262e-17
1.75831e-17 0.287154 0.957885
0.637917 1.08578e-17 0.770105
0.332553 0.714795 0.615204
5.08472e-17 0.830398 0.557171
0.589874 1.004e-17 0.807495
0.817037 0.467756 0.337127
0.925362 0.379084 4.9262e-17
0.67949 0.733685 6.07535e-18
0.456468 0.322882 0.829086
0.312329 0.582437 0.750478
0.661994 0.600351 0.448711
0.448666 0.539369 0.712586
0.610991 0.553378 0.566095
0.645876 0.45107 0.615939
0.915788 4.31554e-17 0.401663
5.9242e-18 6.09451e-17 1
0.872588 0.401025 0.27887
0.427577 0.903979 0
0.488538 0.872543 0
5.28967e-17 0.863868 0.503718
0.796753 0.375191 0.473726
0.832809 6.28175e-17 0.55356
0.832699 0.553726 6.07535e-18
1 7.54284e-17 6.07535e-18
0.590756 0.363737 0.72021
0.637258 0.770651 0
3.04613e-17 0.497471 0.867481
2.65708e-17 0.433934 0.900945
0.527337 0.72308 0.446174
0.282071 0.293324 0.913453
0.906575 0.288444 0.308095
0.283132 0.776408 0.563051
0.682543 3.2164e-17 0.730845
0.7198 0.694181 6.07535e-18
0.974603 0.223939 6.07535e-18
0.190186 0.981748 6.07535e-18
0.466484 0.681122 0.564328
0.889345 6.70819e-17 0.457236
0.544598 0.838697 0
0.434332 2.04674e-17 0.900753
0.475722 0.796658 0.37286
0.335611 0.868399 0.365032
0.895508 0.445046 6.07535e-18
0.628033 0.691484 0.356965
0.314021 0.826079 0.467957
0.757844 0.652435 0
0.352282 0.34701 0.869185
0.538533 4.24613e-17 0.842604
0.592339 0.805689 6.07535e-18
6.12323e-17 1 0
0.27726 0.666741 0.691797
0.491096 0.42989 0.757641
