0.573851 0.901264
0.740723 0.770008
0.795211 0.713598
0.284075 1.02999
0.193945 1.0507
0.374289 1.00074
0.681668 0.822746
0.759399 0.751595
1.00886 0.351833
0.786431 0.723262
0.585076 0.894018
0.803811 0.703897
0.639873 0.855655
0.933911 0.51903
1.06845 0
1.02985 0.284573
0.661004 0.839437
0.919987 0.543329
0.0989269 1.06386
0.721513 0.788036
0.45413 0.967134
0.912896 0.55516
0.466688 0.961137
0.388139 0.995455
0.36013 1.00593
0.650491 0.847611
0.562376 0.908469
1.01432 0.335769
0.891149 0.589437
0.415142 0.984499
0.883725 0.600509
1.05995 0.134519
0.213656 1.04687
0.926981 0.531308
1.06613 0.0702777
1.04832 0.20643
0.330885 1.01592
1.03474 0.266277
1.06324 0.10532
0.629104 0.863603
1.05633 0.16045
0.868593 0.622197
0.701833 0.805613
0.300137 1.02543
0.428302 0.978846
0.596189 0.886646
0.401747 0.990041
0.947455 0.493873
0.845148 0.653687
0.150764 1.05776
0.967054 0.454301
0.515567 0.935827
1.04398 0.227357
0.618244 0.871411
0.828994 0.674055
0.671397 0.831148
0.853089 0.643289
0.876205 0.61143
0.691811 0.814235
0.973381 0.440581
0.441211 0.973096
6.54236e-17 1.06845
0.315737 1.02073
1.02482 0.302189
0.267485 1.03442
0.345694 1.01098
0.991671 0.397706
0.539231 0.922395
0.820696 0.684135
0.250238 1.03873
0.960632 0.467727
0.985698 0.412288
0.126353 1.06095
1.01965 0.319216
0.954086 0.48094
0.503532 0.942357
0.711738 0.796876
0.99753 0.382774
0.491358 0.948762
0.479111 0.955005
0.979602 0.42657
0.75012 0.760856
0.232335 1.04288
0.731185 0.77907
0.173096 1.05433
0.0659767 1.06641
1.00326 0.36749
0.527441 0.929187
0.768545 0.742241
1.05244 0.184247
0.77756 0.732791
0.83712 0.663936
1.03944 0.247265
0.905735 0.566769
0.81229 0.694094
0.898484 0.578195
0.550838 0.915511
0.940738 0.506552
0.860891 0.63281
0.607274 0.879091
