0.800249 2.43809
0.216372 3.59057
0.859344 2.307
0.752509 2.70295
0.693185 3.13536
0.708134 3.02211
0.236485 3.57641
0.660325 3.37912
0.705106 3.045
0.669429 3.31314
0.687255 3.18023
0.657251 3.40099
0.638213 3.53089
0.654137 3.42293
0.690211 3.15789
0.726554 2.88479
0.0679013 3.89155
0.766258 2.61557
0.69913 3.09029
0.113834 3.78616
0.841182 2.31994
0.848875 2.31134
0.755891 2.68078
0.179311 3.64265
0.717267 2.95349
0.0853483 3.85317
0.0302172 3.96129
0.780666 2.53288
0.804491 2.42056
0.675415 3.26896
0.0159137 3.98171
0.813486 2.38722
0.0433817 3.93937
0.749164 2.72528
0.125235 3.75896
0 4
0.160394 3.67949
0.732886 2.83884
0.818297 2.37161
0.769788 2.5944
0.64466 3.48809
0.130966 3.74541
0.684299 3.20251
0.096792 3.82666
0.0737929 3.87892
0.678381 3.24687
0.696157 3.11284
0.166546 3.66691
0.773366 2.57353
0.828769 2.34323
0.67243 3.29106
0.762765 2.63705
0.796129 2.45619
0.0497204 3.92782
0.776987 2.55304
0.736094 2.81589
0.742572 2.77036
0.702108 3.0677
0.0795964 3.86614
0.641455 3.50954
0.634934 3.55214
0.788229 2.4937
0.142539 3.71859
0.06193 3.90394
0.79214 2.47467
0.0910751 3.84
0.729707 2.86181
0.208005 3.59958
0.172842 3.65461
0.186017 3.63105
0.148412 3.70537
0.11953 3.77254
0.666412 3.33519
0.663374 3.35721
0.154359 3.69232
0.192972 3.61996
0.714204 2.97641
0.023233 3.97172
0.745856 2.74774
0.784407 2.51311
0.650999 3.44478
0.102476 3.81324
0.200264 3.60943
0.00822345 3.99114
0.136733 3.73194
0.834643 2.33078
0.251123 3.5732
0.73932 2.79308
0.723435 2.90771
0.720346 2.93057
0.225639 3.58269
0.681343 3.22471
0.108142 3.79975
0.823364 2.3569
0.647844 3.46648
0.75931 2.65879
0.0369251 3.95048
0.0558925 3.91601
0.711163 2.99927
0.808903 2.40354
