5.63528e-17 0.920311 0.391187
0.648925 0.632485 0.422918
2.44183e-17 0.398781 0.917046
4.86495e-17 0.794507 0.607255
0.47182 0.413232 0.778862
0.410622 0.525587 0.745083
0.307367 0.747755 0.588547
0.516971 0.278359 0.80948
0.452051 0.816015 0.360235
0.959804 0 0.280671
0.918522 0.25932 0.298446
0.256929 0.272479 0.927223
0.684582 6.34396e-18 0.728936
0.946002 0.324161 0
0.31022 0.950665 3.78088e-17
0.605805 0.584072 0.540241
0.769868 0.638203 0
0.834702 0 0.550701
0.392964 0.919554 0
0.972336 0.233587 0
3.56985e-17 0.583 0.812472
0.679071 0.734072 0
0.696795 0.31803 0.642911
0.443422 0.713834 0.54205
0.489654 0 0.871917
0.849128 0.528187 0
0.810888 0.585201 3.78088e-17
0.583697 0.319595 0.746429
3.88528e-17 0.634515 0.772911
4.64443e-17 0.758493 0.651681
0.546153 0 0.837685
0.625196 0.381204 0.681038
1 0 3.78088e-17
0.654071 0.470191 0.592547
0.765661 0.484247 0.4234
0.557987 0.675783 0.481631
3.23154e-17 0.527751 0.849399
0.892069 0.375758 0.251037
0.310348 0.888497 0.338021
1.40343e-17 0.229198 0.97338
0.800486 0 0.599351
0.421209 0.338193 0.841551
0.430407 3.98854e-18 0.902635
0.759852 0.29729 0.578137
0.867613 0.324687 0.376598
0.289314 0 0.957234
0.417665 0.865171 0.277554
5.27432e-17 0.861362 0.507992
0.880436 0.474165 0
0.500794 0.751217 0.429975
0.831862 0.446681 0.329365
5.07275e-17 0.828443 0.560074
0.691383 0.66493 0.28259
0.845985 0.2724 0.458375
0.462636 0.886549 0
0.257757 0.931742 0.255771
0.525985 0.850494 0
0.274937 0.41743 0.866119
0.727285 0.425487 0.538532
0.301393 0.843795 0.44404
0.361642 0.788605 0.497309
4.41083e-17 0.720343 0.693618
0.691407 0.538225 0.481945
0.731034 0.589236 0.34408
0.982226 0 0.187703
0.582903 0.812542 0
1.96609e-17 0.321087 0.94705
4.15588e-17 0.678707 0.734409
0.791348 0.543688 0.279591
0.20754 0.978227 5.49652e-17
0.364175 0 0.931331
0.725315 0 0.688417
0.764007 0 0.645207
0.635271 0.772289 0
2.08221e-17 5.75833e-17 1
0.726089 0.687601 3.78088e-17
0.915019 0.40341 0
0.598716 0 0.800961
0.56589 0.526046 0.634857
0.312031 0.628144 0.712791
5.81125e-17 0.949049 0.315128
5.46174e-17 0.891969 0.452096
0.870035 0 0.492989
0.902742 0 0.430182
0.797261 0.357311 0.486523
0.338716 0.471019 0.814501
0.642928 0 0.765926
0.526737 0.465914 0.710966
0.549817 0.784931 0.28563
0.453932 0.583415 0.673478
6.12323e-17 1 5.49652e-17
2.85519e-17 0.466288 0.884633
0.35844 0.678706 0.640998
0.501951 0.632381 0.590034
0.932853 0 0.360258
5.96577e-17 0.974284 0.225323
0.279644 0.559701 0.780086
0.352492 0.293078 0.888738
0.193443 1.79262e-18 0.981112
0.608743 0.717445 0.33868
