0.955233 0.295855
0.165281 0.986246
0.715246 0.698873
0.940044 0.341052
0.663288 0.748364
0.540451 0.841376
0.476762 0.879032
0.672097 0.740463
0.997907 0.0646606
0.945235 0.326389
0.894172 0.447724
0.599152 0.800635
0.918069 0.396421
0.740345 0.672227
0.934735 0.355346
0.185227 0.982696
0.969192 0.246307
0.580045 0.814584
0.875008 0.484108
0.811501 0.584351
0.796294 0.60491
0.550541 0.834808
0.654317 0.75622
0.698157 0.715944
0.90033 0.435209
0.329895 0.944017
0.301429 0.953489
0.343579 0.939124
0.960032 0.27989
0.680828 0.732444
0.239015 0.971016
0.589639 0.807667
0.86838 0.495899
0.981685 0.190509
0.780712 0.624891
0.906362 0.422502
0.255484 0.966813
0.431269 0.902223
0.36992 0.929064
0.2866 0.95805
0.748564 0.663063
0.964686 0.263403
0.271324 0.962488
0.847832 0.530265
0.995288 0.0969597
0.204021 0.978967
0.617917 0.786243
0.519824 0.854274
0.992295 0.123895
0.756747 0.653707
0.818961 0.57385
0.788549 0.614972
0.395134 0.918624
0.636277 0.771461
0.45436 0.890818
0.419425 0.90779
0.221897 0.97507
0.950298 0.311341
0.912282 0.409564
6.12323e-17 1
0.826327 0.56319
0.985457 0.169923
0.80394 0.59471
0.627132 0.778913
0.732058 0.681242
0.0944296 0.995532
0.881507 0.472171
0.989005 0.147883
0.12061 0.9927
0.764826 0.644237
0.143909 0.989591
0.929301 0.369324
0.608556 0.793511
0.854796 0.518964
0.645373 0.763868
1 4.35984e-17
0.840765 0.541401
0.923744 0.383011
0.68952 0.724267
0.861649 0.507506
0.977703 0.209994
0.465661 0.884963
0.973536 0.228533
0.772788 0.634664
0.706717 0.707496
0.570324 0.82142
0.723677 0.690139
0.560513 0.828146
0.487746 0.872985
0.356892 0.934146
0.530212 0.847865
0.509284 0.860598
0.315868 0.948803
0.407391 0.913254
0.887903 0.460031
0.498589 0.866838
0.0629717 0.998015
0.4429 0.896571
0.38265 0.923893
0.833591 0.552382
