1.9116e-17 0.312188 0.95002
5.78382e-17 0.944569 0.328312
0.816085 0.281074 0.504978
0.348941 0.539079 0.766573
1 5.70185e-17 0
0.364052 0.931379 0
0.407188 0.269056 0.872815
3.61015e-17 0.589582 0.807708
0.620998 0.571523 0.536398
0.488602 0.872507 0
0.681425 0.338045 0.649142
0.90814 4.81906e-17 0.418666
0.460162 0.793424 0.398408
0.919873 0.392216 0
0.726365 0.516168 0.453833
0.713749 0.64159 0.280936
5.39457e-17 0.881 0.473116
5.20111e-17 0.849405 0.527741
0.405707 0.759901 0.507889
0.774343 0 0.632766
0.282725 0.616695 0.73468
0.649288 0.760543 0
0.579116 0.75308 0.312243
0.739823 0.672802 0
0.675905 0.606005 0.419416
3.93695e-17 0.642953 0.765906
0.546372 0.344332 0.763487
0.981926 5.2106e-17 0.189267
0.75004 0.300334 0.58927
2.85524e-17 0.466295 0.884629
0.316527 0.723108 0.613943
0.736219 0 0.676744
0.594356 0.420157 0.685718
0.292365 0.884613 0.363294
0.219752 1.16612e-17 0.975556
0.846203 0 0.532861
0.483961 0.305649 0.819976
0.711136 0.437584 0.550278
0.506497 0 0.862242
0.627347 0.282601 0.725653
5.59127e-17 0.913124 0.407682
0.578052 0.653596 0.488537
2.42776e-17 0.396483 0.918042
0.848702 0.43556 0.299987
0.557364 3.178e-17 0.830268
0.34008 0.399812 0.851173
0.934907 4.9611e-17 0.354893
0.856183 0.516672 0
0.382112 0 0.924116
0.429982 0.902838 0
0.653381 0 0.75703
4.73012e-17 0.772487 0.635031
0.507644 0.617461 0.600866
0.357913 0.659314 0.661213
0.447342 0 0.894363
0.781788 0.401858 0.476778
0.765122 0.560091 0.317626
0.547379 0.836885 0
0.273726 0.49521 0.824525
0.69885 0 0.715268
0.693729 0.720236 0
6.12323e-17 1 0
0.193757 0.98105 0
4.97277e-17 0.812115 0.583498
0.783046 0.621964 0
0.284018 0.335489 0.89821
0.324249 0.830504 0.452909
0.904497 0.297696 0.305389
0.492442 0.478891 0.726749
0.605253 0 0.796033
1.27709e-17 0.208565 0.978009
0.858749 0.322806 0.397928
0.406945 0.859015 0.310626
0.245232 0.253782 0.935658
0.602046 0.798462 0
0.972906 0.2312 0
4.49312e-17 0.733782 0.679385
0.636228 0.68982 0.345489
0.810919 4.62373e-17 0.585159
0.457934 0.691007 0.55929
0.959203 0 0.282719
0.889334 0.457258 0
6.07612e-17 7.58104e-18 1
0.274069 0.788733 0.550261
0.289587 0.957152 0
4.24187e-17 0.692749 0.721179
0.526538 0.724802 0.444319
0.820586 0.571523 0
0.510883 0.815926 0.270674
0.947434 0.319951 0
5.95272e-17 0.972153 0.234347
3.24822e-17 0.530475 0.847701
0.645119 0.47913 0.595194
0.879252 5.01336e-17 0.476357
0.427067 0.434914 0.792757
0.802576 0.472897 0.363649
0.436114 0.57687 0.690671
0.307398 1.63121e-17 0.951581
0.262651 0.92372 0.278847
0.553366 0.530353 0.642271
