0.958216 0.286044 0
0.909623 0.272672 0.313426
0.31595 0.723866 0.613346
0.841921 0.539601 0
0.774292 0.293211 0.560802
3.42616e-17 0.559534 0.828807
0.495623 0.816116 0.297173
5.97211e-17 0.97532 0.220797
0.283669 0.786847 0.548091
0.413625 0.74691 0.520614
0.798308 0 0.602249
4.0057e-17 0.65418 0.756339
0.408256 0.912868 0
0.4466 0.309009 0.839679
0.357839 6.1816e-168 0.933783
0.564858 0.751668 0.340485
0.733459 0.563492 0.380151
0.789709 0.526251 0.315309
0.897366 0 0.441287
0.371738 0.443813 0.815378
0.513497 0.35637 0.780591
0.318308 0.375471 0.870461
0.319529 0.535985 0.781422
0.420645 0.586214 0.692395
1.92757e-17 0.314796 0.949159
5.34903e-17 0.873563 0.486711
3.71319e-17 0.60641 0.795152
0.658566 0.752523 0
4.961e-17 0.810193 0.586163
0.776629 0.629958 0
0.475807 0.653907 0.588229
0.680571 0.284358 0.675251
2.76499e-17 0.451557 0.892242
5.8319e-17 0.952422 0.304782
5.17028e-17 0.844371 0.535759
0.424373 0 0.905487
0.285419 0.619718 0.731085
0.700445 0.713707 0
0.577357 0.613328 0.538969
0.625138 0.516571 0.585112
3.11561e-17 0.508817 0.860874
0.31822 0.832467 0.45358
0.674069 0.55599 0.486318
5.51562e-17 0.900769 0.434299
0.460806 0.488664 0.740854
0.85425 0.307257 0.419344
0.903977 0.42758 0
4.73773e-17 0.77373 0.633515
0.933474 0.358646 0
0.282358 0 0.959309
0.184868 0.982763 0
0.715265 0.36112 0.598321
0.867727 0 0.497042
0.34634 0.938109 0
6.12323e-17 1 0
1.39455e-17 0.227747 0.97372
0.523258 0.706446 0.476587
0.647584 0.416334 0.638201
0.800716 0.371614 0.469849
0.57997 1.9566e-262 0.814638
0.291459 0.284232 0.91338
0.880354 0.386467 0.27499
0.350626 0.667173 0.657223
0.452081 0.78774 0.418434
0.531685 0 0.846942
0.825356 0.444139 0.348608
0.871774 0.489909 0
0.715944 0 0.698158
4.27984e-17 0.698951 0.715169
0.926741 0 0.375701
0.758252 7.7347e-167 0.651961
0.276556 0.960998 0
6.12249e-17 9.52426e-19 1
0.739965 0.672646 0
0.626863 0 0.77913
0.700987 0.63668 0.321334
0.975417 0 0.220368
0.188827 0 0.98201
0.981532 0.191301 0
0.380853 0.860915 0.337308
0.953313 0 0.301983
0.299619 0.906945 0.296106
0.643622 0.705195 0.297406
2.37074e-17 0.387171 0.922008
0.614018 0.789292 1.35456e-07
4.51524e-17 0.737395 0.675462
0.567629 0.823285 0
0.464623 0.885508 0
0.835993 0 0.54874
0.810213 0.586135 0
0.48007 0 0.87723
0.733858 0.460161 0.499704
0.602472 0.314697 0.73348
0.562855 0.449982 0.693333
0.517935 0.85542 0
5.68105e-17 0.927786 0.373113
1 0 0
0.617107 0.659519 0.429202
0.67094 0 0.741512
0.526892 0.556062 0.642791
