0.94296 0.332907
0.822332 0.569008
0.688055 0.725658
0.947831 0.318772
0.978492 0.206283
0.932914 0.3601
0.882275 0.470735
0.957224 0.289348
0.777802 0.628509
0.561745 0.82731
0.286516 0.958076
0.705306 0.708903
0.495316 0.868713
0.330737 0.943723
0.551036 0.834482
0.385217 0.922826
0.220989 0.975276
0.746475 0.665414
0.529154 0.848526
1 0
0.917006 0.398873
0.344779 0.938684
0.483734 0.875215
0.316355 0.948641
0.661095 0.750303
0.869789 0.493424
0.358531 0.933518
0.856777 0.515687
0.518027 0.855364
0.807825 0.589422
0.50674 0.862099
0.642425 0.766348
0.863345 0.504614
0.970382 0.241575
0.238241 0.971206
0.448146 0.89396
0.952597 0.304236
0.800435 0.59942
0.142974 0.989726
0.119806 0.992797
0.982304 0.187295
0.69676 0.717304
0.0937842 0.995593
0.460155 0.887838
0.785429 0.618952
0.713769 0.700381
0.900173 0.435532
0.815127 0.579282
0.911493 0.411316
0.593088 0.805138
0.722087 0.691802
0.792967 0.609265
0.670247 0.742138
0.843337 0.537386
0.572316 0.820033
0.30164 0.953422
0.730302 0.683124
0.850108 0.526608
0.270922 0.962601
0.371989 0.928237
0.613281 0.789865
0.58278 0.81263
0.876082 0.482161
0.435982 0.899955
0.836436 0.548064
0.98593 0.167159
0.203025 0.979174
0.63288 0.77425
0.997965 0.0637633
0.67924 0.733916
0.472062 0.881566
0.754432 0.656379
0.961734 0.273985
0.254855 0.966979
0.992517 0.122106
0.65182 0.758374
0.82943 0.558611
0.922433 0.386156
0.966128 0.258063
0.974519 0.224305
0.894324 0.44742
0.927732 0.373247
0.164231 0.986422
0.762302 0.647222
0.398219 0.91729
0.603261 0.797544
0.623169 0.782087
0.888374 0.459121
0.062519 0.998044
0.423585 0.905856
0.995419 0.0956056
6.12323e-17 1
0.770077 0.637951
0.905894 0.423505
0.540145 0.841572
0.184122 0.982903
0.411014 0.911629
0.989343 0.145601
0.937995 0.346649
0.738438 0.674322
