0.148257 0.351743 0
0.0140088 0.22277 0.263221
0.0604816 0.333051 0.106467
0 0.5 0
0.330559 0.0989424 0.0704988
0.196221 0.0576342 0.246145
0.0123969 0.0222613 0.465342
0.373864 0.0791052 0.0470307
0.0427021 0.454871 0.00242655
0.213595 0.186457 0.0999484
0.108825 0.380022 0.0111532
0.00997527 0.358369 0.131656
0.255474 0.241782 0.00274469
0.043086 0.240622 0.216292
0.0401253 0.377211 0.0826641
0.0388734 0.0450841 0.416042
0.0584391 0.40256 0.0390009
0.0101989 0.0932599 0.396541
0.22823 0.0415906 0.23018
0.180096 0.0280274 0.291877
0.259776 0.163649 0.0765753
0.138177 0.191468 0.170356
0.0536842 0 0.446316
0 0.398693 0.101307
0.435148 0.0648521 0
0 0.197505 0.302495
0 0.132158 0.367842
0.0900106 0.216537 0.193453
0.353008 0.0527024 0.09429
0.37438 0 0.12562
0.111542 0.0419683 0.34649
0.131552 0.262056 0.106391
0.0942569 0 0.405743
0.111916 0.238323 0.149761
0.30738 0.0751654 0.117454
0.0849273 0.355972 0.0591004
0 0.463597 0.0364029
0.0597619 0.070684 0.369554
0.301644 0 0.198356
0.13267 0.00181931 0.365511
0.0653609 0.196341 0.238298
0.41728 0.0485564 0.0341635
0.208001 0.226348 0.0656505
0.0133296 0.426735 0.059935
0.355665 0.124593 0.0197422
0.336975 0.163025 0
0.163206 0.145698 0.191097
0.217233 0 0.282767
0.107027 0.308811 0.0841623
0 0.328928 0.171072
0.283699 0.119795 0.0965059
0.153742 0.28675 0.0595073
0.260562 0.0965895 0.142849
0.235957 0.1416 0.122444
0.112672 0.10508 0.282248
0.238255 0.0739974 0.187747
0.327739 0.0035029 0.168758
0.129189 0.330807 0.0400032
0.0905854 0.150276 0.259138
0.252483 0 0.247517
3.52947e-17 3.845e-18 0.5
0.186525 0.100093 0.213382
0.0633294 0.263457 0.173214
0.187484 0.166685 0.145831
0.266714 0.0246688 0.208617
0.16833 1.86884e-17 0.33167
0.218257 0.281743 0
0 0.262348 0.237652
0.157348 0.0804894 0.262162
0.449989 0 0.0500107
0.0812797 0.41872 0
0.0413085 0.111597 0.347095
0.0411408 0.3086 0.150259
0.394802 0.105198 0
0.308617 0.142237 0.0491457
0.173628 0.239642 0.0867294
0.197092 0.265189 0.0377189
0.0862025 0.28532 0.128477
0.211926 0.120139 0.167935
0.333845 0.0304116 0.135743
0.0125418 0.289203 0.198255
0.16064 0.212391 0.126968
0.282811 0.184105 0.0330848
0.393383 0.0338751 0.0727421
0.013056 0.158423 0.328521
0.137081 0.0563423 0.306576
0.296081 0.203919 0
0.412289 0 0.0877109
0.138342 0.125072 0.236585
0.28664 0.050081 0.163279
0.0796487 0.031301 0.38905
0.465965 0.0244809 0.00955367
0.0884704 0.0862256 0.325304
4.60208e-17 0.0635513 0.436449
0.5 1.11022e-16 0
0.114384 0.170838 0.214778
0.242732 0.209976 0.0472915
0.0642525 0.131658 0.304089
0.0433702 0.175167 0.281462
0.178218 0.312797 0.00898445
