0.780541 0.625105
0.964228 0.265076
0.285514 0.958375
0.358874 0.933386
0.726072 0.687619
1 4.90482e-17
0.749865 0.661591
0.757636 0.652677
0.838165 0.545417
0.883451 0.468523
0.907049 0.421026
0.944915 0.327316
0.985178 0.171536
0.23697 0.971517
0.603681 0.797226
0.563584 0.826059
6.12323e-17 1
0.162654 0.986683
0.509528 0.860454
0.0926995 0.995694
0.474868 0.880057
0.659059 0.752091
0.741999 0.670401
0.219577 0.975595
0.988786 0.149338
0.531749 0.846902
0.573863 0.818951
0.613223 0.78991
0.253643 0.967298
0.667801 0.744339
0.26981 0.962914
0.372699 0.927952
0.772947 0.63447
0.412671 0.91088
0.788002 0.615673
0.68491 0.728627
0.973124 0.23028
0.923876 0.382692
0.520742 0.853714
0.954819 0.297187
0.817185 0.576375
0.641175 0.767395
0.315834 0.948814
0.399587 0.916695
0.851626 0.52415
0.182665 0.983175
0.386266 0.922387
0.895434 0.445195
0.99214 0.125131
0.701603 0.712568
0.977333 0.211709
0.0618132 0.998088
0.934586 0.355738
0.918376 0.395709
0.76534 0.643627
0.71802 0.696022
0.425568 0.904926
0.844941 0.534859
0.462885 0.886419
0.14149 0.98994
0.631996 0.774971
0.330487 0.943811
0.650211 0.759754
0.622684 0.782473
0.542551 0.840023
0.968758 0.248008
0.824286 0.566173
0.486601 0.873624
0.995193 0.0979348
0.831278 0.555857
0.795404 0.606079
0.912744 0.408532
0.864696 0.502296
0.901283 0.43323
0.889491 0.456952
0.553153 0.83308
0.709874 0.704329
0.929284 0.369366
0.871039 0.491215
0.676422 0.736514
0.734049 0.679096
0.344776 0.938685
0.959574 0.281457
0.802758 0.596305
0.593908 0.804533
0.949937 0.312441
0.498157 0.867087
0.939817 0.341677
0.997866 0.0652942
0.300796 0.953689
0.118378 0.992969
0.438226 0.898865
0.693303 0.720646
0.858212 0.513295
0.877298 0.479946
0.981347 0.192246
0.583959 0.811783
0.201599 0.979468
0.450672 0.89269
0.81001 0.586416
