0.415929 0.909397
0.868428 0.495815
0.935873 0.352338
0.118062 0.993006
0.98411 0.17756
0.577051 0.816708
0.217822 0.975989
0.296788 0.954943
0.595599 0.803282
0.906984 0.421165
0.740116 0.672479
0.861595 0.507597
0.60467 0.796476
0.900868 0.434092
0.946641 0.322291
0.699171 0.714954
0.0924341 0.995719
0.723962 0.68984
0.961839 0.273616
0.715688 0.698421
0.657121 0.753786
0.924663 0.380786
0.338909 0.940819
0.764146 0.645044
0.639886 0.76847
0.95183 0.306625
0.485657 0.874149
0.648518 0.761199
0.966628 0.256185
0.994826 0.101597
0.756171 0.654374
0.91888 0.394537
0.463236 0.886235
0.674072 0.738665
0.847548 0.530718
0.748171 0.663506
0.66557 0.746336
0.707447 0.706766
0.795467 0.605997
0.825728 0.564069
0.32518 0.945652
0.528038 0.849221
0.40365 0.914913
0.251083 0.967966
0.31116 0.950358
0.613613 0.789607
0.428037 0.903761
0.840375 0.542006
0.833086 0.553143
0.282022 0.959408
6.12323e-17 1
0.55799 0.829848
0.200128 0.97977
0.391151 0.920327
0.941285 0.337614
0.810726 0.585426
0.140917 0.990021
0.517677 0.855576
0.365498 0.930812
1 0
0.161907 0.986806
0.439952 0.898021
0.352348 0.935869
0.548186 0.836356
0.538151 0.842849
0.507191 0.861834
0.930323 0.366742
0.586409 0.810015
0.181572 0.983378
0.991559 0.12966
0.9569 0.290418
0.854623 0.519249
0.0616235 0.998099
0.63121 0.775612
0.881767 0.471686
0.787723 0.61603
0.997701 0.0677627
0.690835 0.723013
0.234777 0.972049
0.474549 0.880229
0.682503 0.730883
0.87517 0.483815
0.987968 0.154659
0.266817 0.963747
0.772076 0.63553
0.912983 0.407997
0.496499 0.868038
0.975736 0.21895
0.98003 0.198851
0.971255 0.238043
0.803088 0.595861
0.818265 0.574841
0.732113 0.681183
0.779931 0.625866
0.888257 0.459348
0.894636 0.446795
0.378438 0.925627
0.451694 0.892173
0.567639 0.823278
0.622441 0.782667
