0.462099 0.462099 0.75692
0.292406 0.292406 0.910493
0.309304 0.309304 0.899257
0.584341 0.584341 0.563108
0.435742 0.435742 0.787565
0.0781761 0.0781761 0.99387
0.372242 0.372242 0.850218
0.655225 0.655225 0.375979
0.562847 0.562847 0.605316
0.614714 0.614714 0.494219
0.415257 0.415257 0.809397
0.442439 0.442439 0.780061
0.687924 0.687924 0.231345
0.633561 0.633561 0.444074
0.551792 0.551792 0.625341
0.659298 0.659298 0.361459
0.0934774 0.0934774 0.991223
0.529086 0.529086 0.663428
0.394124 0.394124 0.830261
0.0610756 0.0610756 0.996263
0.455616 0.455616 0.764741
0.23865 0.23865 0.941325
0.428986 0.428986 0.794948
0.523281 0.523281 0.672573
0.690953 0.690953 0.212529
0.699153 0.699153 0.14957
0.696582 0.696582 0.171894
0.16808 0.16808 0.971339
0.401247 0.401247 0.823409
0.178913 0.178913 0.967461
0.49348 0.49348 0.716209
0.681469 0.681469 0.266835
0.684749 0.684749 0.249474
0.349433 0.349433 0.869363
0.628958 0.628958 0.456971
0.422158 0.422158 0.802225
0.133372 0.133372 0.982051
0.511528 0.511528 0.690419
0.609824 0.609824 0.506191
0.209713 0.209713 0.955008
0.21953 0.21953 0.950586
0.66327 0.66327 0.346621
0.573705 0.573705 0.584572
0.275014 0.275014 0.921268
0.619537 0.619537 0.482025
0.624291 0.624291 0.469596
0.701541 0.701541 0.125222
0.557338 0.557338 0.615426
0.26613 0.26613 0.926472
0.189448 0.189448 0.963441
0.283764 0.283764 0.915946
0.51743 0.51743 0.681566
0.693849 0.693849 0.192738
0.145346 0.145346 0.978647
0.120825 0.120825 0.985293
0.199706 0.199706 0.959289
0.540537 0.540537 0.644702
0.257124 0.257124 0.931544
0.107571 0.107571 0.988361
0.481135 0.481135 0.732816
0.499559 0.499559 0.70773
0.66715 0.66715 0.331393
0.317559 0.317559 0.893483
4.32978e-17 4.32978e-17 1
0.674543 0.674543 0.299972
0.678092 0.678092 0.28352
0.449064 0.449064 0.772452
0.651066 0.651066 0.39016
0.579054 0.579054 0.573927
0.670893 0.670893 0.315921
0.53484 0.53484 0.654135
0.364723 0.364723 0.856711
0.599831 0.599831 0.529532
0.646828 0.646828 0.404013
0.604861 0.604861 0.517965
0.568289 0.568289 0.595059
0.357114 0.357114 0.863099
0.594734 0.594734 0.540908
0.705599 0.705599 0.0652634
0.229158 0.229158 0.94603
0.46851 0.46851 0.748997
0.247951 0.247951 0.936504
0.707107 0.707107 8.71967e-17
0.703702 0.703702 0.0980162
0.300907 0.300907 0.904936
0.156902 0.156902 0.975071
0.379614 0.379614 0.843674
0.386922 0.386922 0.837008
0.505574 0.505574 0.699135
0.33372 0.33372 0.881624
0.6425 0.6425 0.417596
0.638061 0.638061 0.430995
0.474855 0.474855 0.740962
0.487345 0.487345 0.724562
0.546193 0.546193 0.635096
0.341631 0.341631 0.875543
0.040604 0.040604 0.99835
0.325706 0.325706 0.887599
0.589569 0.589569 0.552103
0.408297 0.408297 0.816448
