0.637586 0.770379
0.832756 0.55364
0.964397 0.264458
0.818051 0.575146
0.549118 0.835745
0.993066 0.11756
0.440907 0.897553
0.22942 0.973328
0.825449 0.564476
0.910112 0.414362
0.853862 0.5205
0.728802 0.684725
0.353052 0.935604
0.507364 0.861732
0.46381 0.885934
0.0654474 0.997856
0.754461 0.656345
0.599054 0.800709
0.737477 0.675372
0.618427 0.785842
0.986943 0.161067
0.538852 0.8424
0.628063 0.778163
0.496715 0.867914
0.310468 0.950584
0.665801 0.746129
0.990117 0.140241
0.171315 0.985216
0.52844 0.848971
0.21112 0.97746
0.904402 0.42668
0.71123 0.702959
0.559253 0.828997
0.325076 0.945688
0.995755 0.0920383
0.860617 0.509253
0.980046 0.198772
0.839939 0.54268
0.960104 0.279643
0.485901 0.874014
0.0981294 0.995174
0.810492 0.58575
0.379601 0.92515
0.787145 0.616768
0.92647 0.376368
0.771006 0.636828
0.93165 0.363358
0.404874 0.914373
0.936718 0.350084
0.846953 0.531667
0.417164 0.908831
0.880155 0.474686
0.392376 0.919805
0.65644 0.754378
0.26364 0.964621
0.125307 0.992118
0.873784 0.486314
0.675009 0.73781
0.779132 0.626859
0.693263 0.720685
0.921094 0.389341
0.983582 0.180462
0.474945 0.880015
0.998114 0.0613813
0.968521 0.248932
0.295299 0.955405
0.972509 0.232866
0.517981 0.855392
0.569324 0.822113
0.746023 0.66592
0.279741 0.960075
0.867279 0.497822
0.91567 0.401931
0.702317 0.711864
0.941662 0.336561
0.339254 0.940695
0.720063 0.693909
0.762785 0.646652
0.429136 0.90324
0.608788 0.793333
0.246769 0.969074
0.97635 0.216198
0.951154 0.308718
0.452496 0.891766
1 0
0.886421 0.46288
0.95569 0.294375
0.149294 0.988793
0.684188 0.729306
0.802837 0.596199
0.946482 0.322756
0.579295 0.815118
0.898547 0.438877
6.12323e-17 1
0.589257 0.807945
0.36647 0.93043
0.89254 0.450969
0.191865 0.981421
0.795047 0.606547
0.647053 0.762445
