0.792482 0.295472 0.533544
0.288713 4.049e-189 0.957416
0.684295 0 0.729206
3.69202e-17 0.602952 0.797777
0.472276 0.598663 0.646961
0.640023 0 0.768356
0.765402 0.56605 0.306183
0.527466 0.633219 0.566404
0.975337 0.220722 0
0.425922 0.539962 0.725969
0.902059 0.431613 0
0.481251 0.876583 0
0.593587 0.663099 0.456021
0.477029 0.431629 0.765598
0.779461 0.626451 0
1 0 0
0.590436 0.343322 0.730421
0.726747 0.33767 0.598179
0.300788 0.912673 0.276683
0.642602 0.581047 0.499446
0.840445 0.319047 0.438021
0.259881 0.270747 0.926908
1.38721e-17 0.226549 0.974
6.12323e-17 1 0
0.593269 0 0.805004
0.671518 0.300632 0.677263
0.686574 0.474587 0.550802
0.728174 0.527577 0.437523
0.694206 0.624884 0.357209
0.313549 0.709215 0.631427
0.706967 0.707246 0
5.8231e-17 0.950985 0.309237
3.95623e-17 0.646102 0.763251
0.288909 0.412874 0.863752
0.845091 0.534622 0
0.348573 0.751881 0.559618
4.67473e-17 0.763441 0.645878
0.838612 0 0.544729
0.864945 0.387939 0.318393
4.20755e-17 0.687145 0.72652
0.429658 0.345531 0.834268
0.478731 0.811762 0.334454
6.12323e-17 0 1
0.571162 0.765822 0.295449
0.534471 0.735987 0.415529
5.09656e-17 0.832331 0.554279
5.66838e-17 0.925716 0.378219
2.40173e-17 0.392233 0.919866
0.527449 0.300058 0.794835
0.928827 0.370515 0
0.543475 0 0.839425
3.41236e-17 0.55728 0.830324
0.425337 0.905035 0
3.13022e-17 0.511203 0.85946
0.580816 0.814035 0
0.340241 0.486244 0.804862
5.48741e-17 0.896163 0.443725
0.765652 0 0.643256
0.404897 0.859692 0.311429
0.803178 5.44047e-254 0.595739
0.766701 0.420979 0.484713
0.430414 0 0.902631
0.66816 0.744017 0
0.53914 0.484234 0.68909
0.42855 0.782428 0.451831
0.635221 0.42764 0.643131
0.953163 0.302456 0
2.7812e-17 0.454204 0.890898
0.53309 0.846059 0
0.363845 0 0.93146
0.282108 0.959383 0
0.813261 0.581899 0
0.910639 0.287427 0.296852
0.302313 0.58346 0.753778
0.490316 0 0.871545
0.871985 0 0.489532
0.188648 0.982045 0
0.474074 0.704078 0.528704
0.358909 0.292139 0.886476
0.902461 1.3582e-78 0.430771
4.44773e-17 0.726369 0.687305
0.726153 2.98346e-160 0.687533
0.348696 0.64356 0.681353
1.93644e-17 0.316244 0.948678
0.3582 0.933645 0
0.588761 0.5394 0.602003
5.29168e-17 0.864198 0.503153
0.308606 0.818408 0.484737
5.96714e-17 0.974508 0.224353
0.931574 0 0.363551
0.193066 0 0.981186
0.808919 0.470621 0.352372
0.981354 0 0.192208
0.743689 0.668526 0
0.27792 0.873802 0.399037
0.625748 0.780025 0
0.957848 0 0.287277
0.642078 0.696171 0.321065
4.88952e-17 0.798518 0.60197
0.87451 0.485008 0
