0.74837 0.663282
0.85053 0.525927
0.596743 0.802433
0.794188 0.607673
0.724273 0.689514
0.889127 0.45766
0.586469 0.809971
1 0
0.857168 0.515037
0.756213 0.654325
0.876598 0.481223
0.978144 0.207927
0.779257 0.626705
0.532576 0.846382
0.995394 0.0958675
0.982063 0.188554
0.945957 0.324293
0.616777 0.787138
0.965321 0.261066
0.901285 0.433227
0.94076 0.339072
0.64552 0.763744
0.969773 0.24401
0.438305 0.898826
0.989229 0.146377
0.521305 0.85337
0.808823 0.588052
0.935441 0.353483
0.690632 0.723207
0.870199 0.4927
0.319562 0.947565
0.836993 0.547214
0.740428 0.672135
0.413177 0.910651
0.400377 0.91635
0.543732 0.839259
0.960708 0.277561
0.907213 0.420672
0.114181 0.99346
0.716038 0.698061
0.707692 0.706521
0.374279 0.927316
0.305442 0.952211
0.474779 0.880105
0.290825 0.956776
0.830091 0.557628
0.606869 0.794802
0.955935 0.293578
0.194286 0.980945
0.92445 0.381303
0.554706 0.832046
0.0893911 0.995997
0.211562 0.977364
0.462856 0.886434
0.823095 0.567903
0.275793 0.961217
0.636095 0.771611
0.136314 0.990666
0.997954 0.063935
0.498309 0.866999
0.763974 0.645247
0.974049 0.226338
0.930004 0.367548
0.486647 0.873599
0.509884 0.860243
0.816006 0.578043
0.42586 0.904789
0.360926 0.932594
0.663991 0.747741
0.176072 0.984377
0.672996 0.739646
0.0595863 0.998223
0.801547 0.597931
0.244732 0.969591
0.156742 0.98764
0.771669 0.636025
0.228261 0.9736
0.843809 0.536643
0.882922 0.46952
0.786756 0.617265
0.992454 0.122621
0.576056 0.817411
6.12323e-17 1
0.347333 0.937742
0.626474 0.779442
0.863726 0.503962
0.895258 0.445549
0.699235 0.714891
0.654815 0.755789
0.333616 0.942709
0.260571 0.965455
0.450636 0.892708
0.918811 0.394699
0.732388 0.680887
0.565506 0.824744
0.913067 0.40781
0.951027 0.309109
0.387414 0.921906
0.985763 0.16814
0.681905 0.731441
