0.244069 0.0945437 5.4059
0.858047 0.689589 3.46967
1.38868e-17 0.166367 5.66727
0.725929 0 4.88937
0.239867 0.705964 4.61363
0.700416 0.760592 3.7312
0.718821 0.858007 3.24898
0.160656 0.857925 3.98604
0.0975658 0.243917 5.39885
0.858584 0.124671 4.06733
0.0910232 0 5.84012
1.38868e-17 0 6
0.226667 0.0555266 5.49868
0.690772 0.858021 3.46072
0.841858 0.731247 3.16965
0.795205 0.232338 4.03881
0.173355 0.244355 5.22755
0.748172 0.858065 3.03906
0.815994 0.858457 2.68592
0.859112 0.85911 2.61402
0.13809 0.218917 5.31698
0.854887 0.804501 2.72832
0.858081 0.661862 3.67517
0.216593 0.134439 5.32763
1.38868e-17 0.717173 4.95419
8.19371e-18 0.684338 5.20221
0.16639 0.697337 4.77111
0.820065 0.244191 3.94022
0.111949 0.803124 4.21675
0.219521 0.791174 4.06693
0.85625 0.64709 3.77902
0.733567 0.850353 3.14416
0.77989 0.851786 2.84635
0.792081 0.12044 4.24532
0.654661 0.227387 5.00071
0.713265 0.235872 4.56014
8.19371e-18 0.852865 4.30868
0.858186 0.757941 2.9746
0.784277 0.787513 3.01106
1.53762e-17 0.24408 5.57397
0.242944 0.815401 3.95505
0.160045 0 5.68022
0.126436 0.759509 4.41363
0.242007 0.745537 4.32439
0.857877 0 4.3071
0.802887 0 4.42705
0.858672 0.178755 3.95067
0.220638 0.212878 5.18078
0.856817 0.743664 3.07007
0.858332 0.787729 2.80324
0.0886168 0.856682 4.15297
0.858637 0.0695992 4.19498
0.775163 0.213614 4.15662
0.249563 0.859128 3.88025
0.859083 0.249262 3.88027
0.216078 0.849454 3.90173
0.0341885 0.858279 4.26204
0.243041 0 5.57421
0.248503 0.248531 5.14663
0.239255 0.676776 4.83417
0.847125 0.67619 3.5761
0.718384 0.704185 3.99713
0.753745 0.233167 4.27278
0.681613 0 5.22269
0.775162 0.712239 3.55446
0.244345 0.16776 5.23841
1.38868e-17 0.105119 5.80696
0.858589 0.823217 2.66434
0.676362 0.856682 3.56921
0.796832 0.856991 2.76026
0.186554 0.858781 3.93718
0.858067 0.717422 3.25941
0.744835 0.769452 3.35113
0.741521 0.133083 4.51812
0.647094 0.857837 3.7787
0.856411 0.0977631 4.13173
0.851146 0.15162 4.00796
0.0569246 0.229267 5.4942
0.853637 0.210472 3.90505
0.688752 0.10875 4.96722
0.696262 0.209678 4.70968
0.849901 0.772828 2.88717
0.705185 0.845913 3.35851
0.234167 0.767724 4.18418
0.733128 0.24215 4.41153
0.662002 0.851598 3.67648
0.217158 0.656795 4.99403
8.19371e-18 0.79365 4.46756
0.217519 0.726438 4.47511
0.675276 0.239999 4.84507
0.113053 0.858665 4.09505
0.124272 0.125553 5.51945
0.0628541 0.858725 4.20907
0.853638 0.0391016 4.25512
0.137139 0.851972 4.04017
0.763692 0.856789 2.93857
8.19371e-18 0.750393 4.71704
0.854421 0.703598 3.3644
0.762106 0 4.64116
0.838881 0.846525 2.63687
