0.65973 0.451551 0.600714
0.637723 0.278606 0.718114
0.917641 0.397411 0
4.79837e-17 0.783633 0.621225
0.857237 0.514922 0
0.54788 0.750713 0.36913
0.489997 0.556463 0.671008
0.326412 0.424625 0.844481
0.973514 0.228626 0
0.29497 0.523124 0.799583
0.280302 0 0.959912
0.74636 0 0.665542
5.55199e-17 0.906709 0.421756
0.591926 0.674877 0.440641
0.697726 0.311867 0.644917
0.434524 0.652707 0.620615
0.329551 0.944138 0
1.40215e-17 0.228989 0.973429
0.294874 0.297167 0.908152
0.653433 0.756984 0
3.46068e-17 0.565172 0.824973
0.497558 0.809518 0.311634
0.386935 0.585357 0.712487
2.38223e-17 0.389048 0.921218
0.601748 0.798686 0
6.01153e-17 0.981758 0.190137
0.741106 0.356822 0.568718
5.87021e-17 0.958678 0.284495
0.400121 0.302159 0.865218
0.690054 0.499525 0.523737
0.351991 0 0.936003
0.926872 0.272407 0.258269
0.608757 0.404452 0.68252
3.78847e-17 0.618704 0.785624
0.637685 0.591379 0.493587
0.886423 0.304018 0.349038
0.933721 3.33135e-101 0.358001
4.59495e-17 0.750412 0.66097
0.306456 0.886732 0.346109
0.888622 0.458641 0
0.906129 0 0.423001
0.619968 0 0.784627
0.665713 0 0.746208
0.682704 0.645085 0.343192
0.422425 0.483461 0.766696
0.187424 0 0.982279
0.581747 0.523638 0.622393
0.757084 0.590631 0.279247
2.04072e-17 5.77317e-17 1
5.00199e-17 0.816887 0.576798
0.574803 0 0.818292
0.72281 0.552086 0.415628
0.78379 0.621026 0
0.354362 0.837466 0.416027
0.853963 0.428237 0.295566
0.834428 0.352035 0.42403
0.781885 0 0.623423
0.488562 0.704842 0.5143
0.800074 0.499401 0.332386
0.847182 0 0.531303
0.981716 0 0.19035
1 0 0
0.437093 0.773677 0.458665
0.708772 0 0.705438
0.27757 0.925789 0.256651
0.876915 2.32761e-86 0.480646
0.301976 0.679036 0.669119
0.409877 0.912141 0
0.958633 1.53224e-211 0.284644
0.815509 0 0.578745
0.701694 0.712478 0
5.71928e-17 0.93403 0.357196
0.304122 0.801868 0.514312
0.473285 0 0.880909
0.741446 0.671012 0
0.543827 0.620126 0.565416
0.431916 0.860248 0.270965
0.55576 0.313926 0.769793
0.947395 0.320067 0
5.375e-17 0.877804 0.47902
5.19416e-17 0.84827 0.529564
1.93833e-17 0.316554 0.948575
0.767805 0.441755 0.464034
0.467117 0.355473 0.809593
4.09511e-17 0.668782 0.743458
0.523096 0.4487 0.724595
0.823394 0.56747 0
0.545625 0.83803 0
0.415532 0 0.909579
0.526657 1.40315e-321 0.850078
0.234108 0.972211 0
0.347998 0.736359 0.580235
6.12323e-17 1 0
0.265858 0.60259 0.752466
0.627467 0.721551 0.292658
3.1189e-17 0.509355 0.860556
4.35229e-17 0.710784 0.703411
0.80191 0.301251 0.515934
0.48105 0.876693 0
2.77576e-17 0.453316 0.89135
