0.576517 0.817085
0.905981 0.423319
0.958759 0.284219
0.746007 0.665938
0.861932 0.507024
0.361077 0.932536
0.979698 0.20048
0.899978 0.435936
0.828077 0.560614
0.887643 0.460533
0.721096 0.692835
0.806826 0.590789
0.136955 0.990577
0.532404 0.84649
0.54364 0.839318
0.29129 0.956635
0.27642 0.961037
0.868461 0.495758
1 6.53975e-17
0.769661 0.638452
0.923243 0.384217
0.911872 0.410475
0.43802 0.898965
0.983337 0.18179
0.72946 0.684024
0.333927 0.942599
0.967609 0.252455
0.934088 0.357043
6.12323e-17 1
0.676927 0.73605
0.462466 0.886637
0.509568 0.86043
0.986784 0.162042
0.245476 0.969403
0.971793 0.235834
0.4002 0.916428
0.638686 0.769467
0.229351 0.973344
0.474473 0.88027
0.99572 0.0924226
0.990011 0.14099
0.893865 0.448337
0.425441 0.904986
0.754049 0.656818
0.954128 0.299399
0.412913 0.91077
0.963243 0.268633
0.712565 0.701606
0.703891 0.710308
0.450338 0.892858
0.686075 0.727531
0.521049 0.853527
0.881333 0.472496
0.949323 0.314301
0.799591 0.600545
0.37439 0.927271
0.92874 0.370733
0.486305 0.873789
0.565682 0.824623
0.608292 0.793713
0.305748 0.952112
0.792268 0.610173
0.114787 0.99339
0.628726 0.777627
0.78485 0.619686
0.917615 0.39747
0.874929 0.484252
0.975836 0.218503
0.667618 0.744504
0.387378 0.921921
0.0597641 0.998213
0.695066 0.718946
0.855288 0.518152
0.777339 0.629082
0.261202 0.965284
0.658126 0.752908
0.939309 0.343072
0.212583 0.977143
0.813952 0.580932
0.834997 0.550254
0.848625 0.528995
0.195085 0.980786
0.554704 0.832047
0.82106 0.570843
0.319986 0.947422
0.841864 0.53969
0.176824 0.984242
0.498006 0.867174
0.761877 0.647721
0.944384 0.328844
0.597877 0.801588
0.618619 0.785691
0.737782 0.675039
0.587264 0.809396
0.347587 0.937648
0.157614 0.987501
0.648461 0.761248
0.993001 0.118103
0.998099 0.0616297
0.0898163 0.995958
