0.231289 0.268711 5.55112e-17
0.141312 0.035008 0.32368
0.137594 0.256148 0.106258
0.0935717 0.27768 0.128748
0.455099 0 0.0449013
0.462038 0.0338332 0.00412887
0.311519 0.185666 0.00281515
0.0191811 0.0154845 0.465334
0.181638 0.232638 0.0857235
0.0414268 0.0421254 0.416448
0.111099 0.154532 0.234369
0.0140276 0.0851408 0.400832
0.425248 0.0747523 0
0.0931854 0.126338 0.280476
3.29049e-17 0.5 5.55112e-17
0.277884 0 0.222116
0.177826 0.168241 0.153933
0.0357536 0.347415 0.116832
0.0985799 0.351456 0.0499639
0.231695 0.119887 0.148418
0.161112 0 0.338888
0.248626 0.0732915 0.178083
0.138979 0.0994864 0.261534
0.258223 0.0376237 0.204154
0.262207 0.202966 0.0348269
0.313556 0.117233 0.0692114
0.218666 0.0332209 0.248113
0.194528 0.131528 0.173945
0.420956 0.0181845 0.0608591
0.191573 0.0702637 0.238163
0.083637 0.0185467 0.397816
0.195711 0.00460719 0.299682
0.0393078 0.416959 0.0437335
0.403309 0.0594807 0.0372105
0.293825 0.108536 0.0976389
2.05431e-18 0.232622 0.267378
0.332534 0.134013 0.0334539
0.384642 0.109387 0.00597127
0.398075 0 0.101925
3.88651e-18 0.440094 0.0599061
0.0610402 0 0.43896
0.117982 0.30157 0.0804488
0.241394 0.174778 0.0838281
0.0672223 0.174146 0.258632
0.167641 0.0517366 0.280622
0.121141 0 0.378859
0.236412 0 0.263588
0.157531 0.21085 0.131619
0 0.172211 0.327789
0.273029 0.226971 0
3.26222e-18 0.369402 0.130598
0.0471521 0.216912 0.235936
0.114286 0.230744 0.154969
0.224353 0.216895 0.0587521
0.0367502 0.255903 0.207347
0.050545 0.301783 0.147672
0.117322 0.0785248 0.304154
0.0716694 0.101135 0.327196
0.0985644 0.0505375 0.350898
0.341243 0.0319693 0.126788
0 0 0.5
0.212568 0.0876938 0.199739
0.0740234 0.248221 0.177756
0.023605 0.129081 0.347314
0.0166961 0.293329 0.189975
0.5 5.55112e-17 5.55112e-17
0.0473178 0.148841 0.303841
0.315544 0.0019684 0.182487
1.0417e-18 0.117958 0.382042
0.251587 0.138971 0.109442
0.295989 0.0473659 0.156645
0.203699 0.184655 0.111646
0.356515 0 0.143485
0.206867 0.254546 0.038587
0.373185 0.04479 0.0820248
0.132198 0.187235 0.180567
0.165259 0.112407 0.222335
0.0827902 0.399581 0.0176285
0.0080615 0.399609 0.092329
0.163201 0.278906 0.0578928
0.0179892 0.19501 0.287001
0 0.330064 0.169936
0.285378 0.160795 0.0538275
0.0900181 0.20216 0.207822
0.0592504 0.44075 5.55112e-17
0.159835 0.340165 5.55112e-17
0.0557171 0.373708 0.0705748
2.39587e-18 0.271299 0.228701
0 0.0573701 0.44263
0.140034 0.323674 0.0362916
0.190505 0.30165 0.00784481
0.0765025 0.325075 0.0984224
0.3239 0.0703711 0.105729
0.150002 0.14718 0.202817
0.357107 0.0883011 0.0545923
0.274296 0.0900979 0.135606
0.351452 0.148548 5.55112e-17
0.017007 0.46541 0.0175828
0.12015 0.37985 5.55112e-17
0.0559314 0.072805 0.371264
