0.31938 0.990247
0.68736 0.781108
0.936874 0.452614
0.911221 0.502264
0.21516 1.01799
0.876187 0.56115
0.734471 0.736984
0.50721 0.908477
1.02427 0.182951
0.897586 0.526244
0.845827 0.605946
0.71589 0.755046
0.696958 0.772556
0.930645 0.465288
0.837928 0.616823
1.04048 0
0.821742 0.638227
1.0091 0.253575
0.942932 0.439854
1.03863 0.0619089
1.00489 0.269806
0.924342 0.477686
0.770581 0.699141
0.552924 0.881401
0.36463 0.974494
0.883447 0.549648
1.03367 0.118797
1.03077 0.14182
0.530378 0.895149
0.252408 1.0094
0.890585 0.538007
0.706469 0.763868
0.446166 0.939962
0.0993762 1.03572
0.637846 0.822038
0.518869 0.901869
0.495393 0.914975
0.378971 0.969006
0.743648 0.727722
0.98158 0.345099
0.574879 0.867241
0.8051 0.659095
0.657959 0.806029
0.76169 0.708817
0.126903 1.03271
1.01705 0.219571
0.406745 0.95768
0.26999 1.00484
0.667887 0.797822
0.458807 0.933857
0.779353 0.689348
0.349926 0.97987
0.991372 0.315871
0.965832 0.386991
0.948833 0.426976
1.00054 0.285503
0.483394 0.92137
0.0662613 1.03837
0.976469 0.359307
0.471195 0.927668
0.829899 0.627582
0.541736 0.888321
0.996044 0.300813
0.954626 0.413863
0.627637 0.829858
0.917864 0.490019
0.752703 0.718353
0.420169 0.951867
0.334854 0.985122
1.01317 0.236821
0.813478 0.648726
1.02762 0.163061
0.861237 0.583836
0.433289 0.945967
0.151476 1.02939
0.986529 0.330685
0.286973 1.00012
0.393038 0.963387
0.234152 1.01379
0.596344 0.852623
0.853605 0.594938
0.606904 0.845139
0.303417 0.995254
0.868759 0.572583
0.971225 0.373249
0.904455 0.514349
0.960297 0.400529
0.563958 0.874382
0.796615 0.669326
0.788033 0.679409
0.174114 1.02581
6.37109e-17 1.04048
0.617322 0.83756
1.03632 0.0929461
0.195211 1.022
0.585665 0.859994
0.647934 0.814109
0.677687 0.789515
0.725241 0.746068
1.02074 0.201692
