0.706673 0.707541
0.25319 0.967417
0.572493 0.81991
0.582876 0.812561
0.344034 0.938957
0.642712 0.766108
0.315031 0.949081
0.385216 0.922827
0.867972 0.496613
0.723932 0.689871
0.697885 0.71621
0.118436 0.992962
0.950845 0.309668
6.12323e-17 1
0.219262 0.975666
0.411418 0.911447
0.09274 0.99569
0.269217 0.96308
0.789297 0.614012
0.613364 0.789801
0.623262 0.782013
0.749107 0.662449
0.848019 0.529967
0.992964 0.118418
0.740804 0.671721
0.732416 0.680857
0.979785 0.200053
0.97218 0.234236
0.715353 0.698764
0.886862 0.462034
0.3002 0.953876
0.329688 0.94409
1 0
0.472846 0.881145
0.989974 0.141249
0.99569 0.092742
0.603327 0.797494
0.529629 0.848229
0.955358 0.295451
0.915752 0.401744
0.540526 0.841327
0.201335 0.979522
0.826978 0.562234
0.964023 0.26582
0.841129 0.540835
0.507369 0.861729
0.936552 0.350529
0.371784 0.928319
0.652219 0.758031
0.968162 0.250324
0.182508 0.983204
0.804717 0.593658
0.797055 0.603906
0.593169 0.805078
0.781429 0.623995
0.861472 0.507805
0.757294 0.653074
0.931568 0.363568
0.998085 0.0618586
0.812253 0.583306
0.688994 0.724767
0.561965 0.827161
0.983355 0.181696
0.898808 0.438343
0.946218 0.32353
0.496032 0.868304
0.661615 0.749844
0.141369 0.989957
0.986753 0.162231
0.551297 0.834309
0.236538 0.971622
0.854798 0.518961
0.484527 0.874776
0.880713 0.47365
0.448922 0.893571
0.460981 0.88741
0.910208 0.414151
0.77347 0.633833
0.42414 0.905597
0.162612 0.98669
0.941436 0.337192
0.518587 0.855025
0.904579 0.426306
0.398448 0.917191
0.358033 0.933709
0.436643 0.899635
0.633062 0.774101
0.834116 0.55159
0.679988 0.733223
0.0617935 0.998089
0.959753 0.280846
0.765434 0.643514
0.921155 0.389197
0.819655 0.572857
0.976055 0.217525
0.670866 0.741578
0.892907 0.450242
0.926447 0.376426
0.284974 0.958535
0.874382 0.485238
