0.304059 0.508097 0.805845
0.29431 0.95571 5.97981e-17
5.42722e-17 0.886332 0.463051
0.470759 0.842114 0.263115
0.36391 0.551956 0.750276
0.32128 0 0.946984
0.78511 0.619356 0
3.42834e-17 0.55989 0.828567
0.894213 0.447641 7.31883e-17
0.732763 0.435813 0.522615
0.663642 0.648894 0.372177
5.2356e-17 0.855038 0.518566
0.550526 0.779845 0.297931
0.303136 0.848387 0.43399
0.259417 0.250119 0.932815
0.196902 0.980423 5.97981e-17
0.481306 0.693296 0.536363
0.981853 0 0.189642
3.09483e-17 0.505425 0.862871
5.95504e-17 0.972531 0.232773
1.24038e-17 0.20257 0.979268
0.707328 0.706886 0
0.26647 0.922834 0.278157
0.614171 0.789173 0
0.436557 0.813295 0.384667
0.655886 0.495088 0.569826
0.834166 0.454833 0.311918
0.559715 0.563078 0.607999
0.730294 0.605315 0.316646
0.502876 0.864359 0
0.426503 0.593863 0.682219
0.52969 0 0.848191
0.835775 0 0.549072
4.55148e-17 0.743313 0.668943
0.562637 0.826704 0
0.674158 0 0.738587
0.57422 0.356434 0.737039
5.7911e-17 0.945759 0.32487
0.370363 0.928887 7.31883e-17
0.662516 0.749048 0
0.456585 0.64062 0.617362
0.756128 0 0.654424
0.285144 0.631398 0.72113
0.974055 0.226313 0
0.574503 0.672553 0.466497
0.281258 0.428762 0.85852
0.313778 0.68835 0.654002
0.620744 0.7182 0.31443
5.01589e-17 0.819157 0.57357
1 1.47312e-17 0
0.950092 0.311969 0
0.467999 0 0.883729
2.73681e-17 0.446956 0.894556
0.861771 0.507298 0
0.438224 0.264715 0.859003
6.12323e-17 1 7.96272e-17
0.629242 0 0.77721
0.958913 0 0.283701
5.84447e-17 1.82652e-17 1
0.323122 0.316321 0.891927
3.7357e-17 0.610087 0.792335
0.402516 0.388972 0.828663
0.581136 0 0.813806
0.871033 1.28314e-17 0.491224
0.227533 0 0.97377
0.607494 0.601691 0.518575
1.85464e-17 0.302886 0.953027
0.703501 0.349251 0.618959
0.693889 0.554217 0.45974
0.747351 0.664429 7.96272e-17
0.345634 0.734358 0.584171
0.35344 0.879544 0.318564
0.511529 0.497908 0.700304
0.913922 0.282754 0.2912
0.795323 0.541153 0.273155
5.60474e-17 0.915324 0.402718
0.517113 0.744035 0.423091
0.61057 0.443988 0.655804
0.400198 0 0.916429
0.519132 0.306466 0.79786
2.34714e-17 0.383316 0.923617
0.923495 0.383612 0
4.78155e-17 0.780886 0.624674
0.716505 0 0.697582
0.655506 0.306145 0.690353
0.40556 0.772351 0.488871
0.871847 0.355066 0.337359
0.903614 0 0.428347
0.824826 0.565386 0
4.03114e-17 0.658336 0.752724
0.797378 0 0.60348
0.437694 0.899124 0
0.76665 0.49477 0.409207
0.850202 0.28509 0.442584
0.932726 0 0.360585
0.771219 0.288209 0.567588
0.458442 0.445273 0.769131
0.278637 0.800215 0.531054
0.801476 0.366446 0.472603
4.30809e-17 0.703565 0.710631
