0.642826 0.642826 0.416594
0.393596 0.393596 0.830761
0.455473 0.455473 0.764911
0.589663 0.589663 0.551902
0.23504 0.23504 0.943139
0.26995 0.26995 0.924259
0.120115 0.120115 0.985467
0.535174 0.535174 0.653588
0.546493 0.546493 0.634579
0.647257 0.647257 0.402637
0.225919 0.225919 0.947587
0.705459 0.705459 0.068227
0.679398 0.679398 0.277192
0.651609 0.651609 0.388343
0.428603 0.428603 0.795361
0.552077 0.552077 0.624838
0.15557 0.15557 0.975498
0.462018 0.462018 0.75702
0.557604 0.557604 0.614944
0.448851 0.448851 0.7727
0.302876 0.302876 0.903622
0.540864 0.540864 0.644152
0.261436 0.261436 0.929141
0.379172 0.379172 0.844071
0.523636 0.523636 0.67202
0.144267 0.144267 0.978966
0.177069 0.177069 0.968139
0.517778 0.517778 0.681038
0.50585 0.50585 0.698735
0.414778 0.414778 0.809888
0.077932 0.077932 0.993908
0.638323 0.638323 0.430217
0.698451 0.698451 0.155984
0.487483 0.487483 0.724376
0.421719 0.421719 0.802687
0.568505 0.568505 0.594646
0.216609 0.216609 0.951925
0.468489 0.468489 0.749023
0.132467 0.132467 0.982296
0.310862 0.310862 0.898181
0.207091 0.207091 0.956152
0.252787 0.252787 0.933915
0.294801 0.294801 0.908947
0.278349 0.278349 0.919263
0.584458 0.584458 0.562865
0.594805 0.594805 0.540753
0.357027 0.357027 0.863171
0.33425 0.33425 0.881223
0.093085 0.093085 0.991297
0.481215 0.481215 0.73271
0.326548 0.326548 0.886979
0.407786 0.407786 0.816959
0.707107 0.707107 8.71967e-17
0.0609463 0.0609463 0.996279
0.197349 0.197349 0.960264
0.701045 0.701045 0.130657
0.36447 0.36447 0.856927
0.435409 0.435409 0.787933
0.633746 0.633746 0.443546
0.68959 0.68959 0.221202
0.671989 0.671989 0.311224
0.166498 0.166498 0.971883
0.664142 0.664142 0.343265
0.400717 0.400717 0.823925
4.32978e-17 4.32978e-17 1
0.668121 0.668121 0.327459
0.511851 0.511851 0.68994
0.579201 0.579201 0.573632
0.655878 0.655878 0.373695
0.695666 0.695666 0.179156
0.692702 0.692702 0.200817
0.599889 0.599889 0.529403
0.341914 0.341914 0.875323
0.187337 0.187337 0.964266
0.529429 0.529429 0.66288
0.703396 0.703396 0.102318
0.349493 0.349493 0.869316
0.660056 0.660056 0.35868
0.604916 0.604916 0.517836
0.318762 0.318762 0.892626
0.37186 0.37186 0.850553
0.107037 0.107037 0.988477
0.474892 0.474892 0.740915
0.629097 0.629097 0.45659
0.499791 0.499791 0.707402
0.609877 0.609877 0.506063
0.493672 0.493672 0.715944
0.442169 0.442169 0.780367
0.675747 0.675747 0.294501
0.386417 0.386417 0.837475
0.682919 0.682919 0.259311
0.0405649 0.0405649 0.998353
0.286631 0.286631 0.914158
0.243993 0.243993 0.938581
0.614783 0.614783 0.494049
0.61962 0.61962 0.48181
0.686321 0.686321 0.240683
0.624391 0.624391 0.469331
0.563077 0.563077 0.604888
0.573879 0.573879 0.584232
