0.097604 0.0883609 0.314035
0.211241 0.192232 0.0965268
0.0927507 0.407249 0
0.228198 0.222098 0.0497041
2.08167e-17 0.5 0
0.0193274 0.094649 0.386024
0.0562679 0.362194 0.081538
0.0102015 0.464484 0.0253148
0.407355 0.0926446 0
0.385382 0.0654 0.0492181
0.20153 0.263825 0.0346447
0.303943 0.196057 0
1.04961e-17 0.432185 0.0678147
0.272972 0.1451 0.0819274
0.17546 0.313221 0.0113189
0.271527 0 0.228473
0.215212 0.284788 0
0.269018 0.0839658 0.147017
0.0371155 0.413364 0.0495206
0.271652 0.203081 0.0252669
0.25343 0.179248 0.0673214
0.0160386 0.238029 0.245933
0.0869642 0.172171 0.240865
0.0981546 0.346758 0.055087
5.4846e-17 6.6518e-19 0.5
0.136208 0.269046 0.0947461
0.415288 0.0245508 0.0601613
0.157233 0.291708 0.0510596
0.210269 0.0716607 0.21807
0.321909 0.124873 0.0532175
0.17216 0.0139475 0.313893
0 0.0751414 0.424859
0.46585 0.0341502 0
0.0644896 0.214137 0.221373
0.241073 0.134907 0.124021
0.104144 0 0.395856
0.406624 0 0.093376
0.340726 0.0841036 0.0751702
0.0739939 0.390303 0.0357027
0.182105 0.241819 0.0760761
0.194581 0.166792 0.138627
0.115138 0.1863 0.198562
0.18963 0.0453518 0.265018
0.360517 0.0406911 0.0987919
0.292766 0.104695 0.102539
0.116848 0.314128 0.0690233
0.0448286 0.257696 0.197475
0.254837 0.245163 0
0.0903394 0.0314203 0.37824
0.091743 0.231376 0.176881
0.226774 0.105068 0.168158
0.371223 0 0.128777
3.24592e-18 0.133653 0.366347
0.16617 0.157761 0.17607
0.0489686 0.0472271 0.403804
0.0325697 0.157175 0.310255
0.0695982 0.0720227 0.358379
0.351297 0.148703 0
0.0473877 0.11361 0.339002
0.310465 0 0.189535
0.212246 0 0.287754
0.12107 0.0443321 0.334598
0.0524141 0.447586 0
0.0611794 0 0.438821
0.306912 0.163126 0.0299614
0.141174 0.202384 0.156442
0.0706171 0.27871 0.150673
0 0.320245 0.179755
0.164016 0.218979 0.117006
0.5 5.55112e-17 5.55112e-17
0.250209 0.0527667 0.197025
0.0451723 0.187374 0.267454
0.335494 0.0147591 0.149747
0.0875714 0.303023 0.109406
0.152743 0.347257 0
0.367936 0.110021 0.0220431
0.0431627 0.333779 0.123058
0.315447 0.0604179 0.124135
0.429908 0.0534856 0.0166064
0.0216979 0.0356482 0.442654
0.167281 0.0923192 0.2404
0.0314739 0.302567 0.165959
0.126167 0.104733 0.269099
0.289978 0.0383144 0.171708
0.00628435 0.020248 0.473468
0.105527 0.137922 0.256551
0.188278 0.119345 0.192377
0.0093781 0.390756 0.0998664
8.7842e-18 0.361696 0.138304
0.140524 0.14154 0.217936
0.146988 0.06254 0.290472
0.23392 0.0196705 0.24641
0.119743 0.366098 0.0141594
0 0.215443 0.284557
0.147105 0 0.352895
0.115464 0.250392 0.134144
6.74692e-18 0.27781 0.22219
4.24366e-18 0.174736 0.325264
0.456124 0 0.0438765
0.0739052 0.131676 0.294419
