0.923807 0.273968 0.267436
0.765819 0 0.643057
5.13113e-17 0.837977 0.545705
0.584475 0 0.811412
0.902056 0 0.431618
0.625034 0.460571 0.630243
6.12323e-17 1 1.53259e-17
0.561619 0.777658 0.282545
0.234947 0.972008 1.53259e-17
0.441812 0.262174 0.857944
0.462156 0.61466 0.639222
0.279301 0.92385 0.261709
0.409402 0.912354 5.91689e-17
0.486208 0.798703 0.354506
0.329545 0.94414 5.91689e-17
0.652697 0.338343 0.677872
2.85349e-17 0.46601 0.884779
0.871105 0 0.491098
0.540285 0.841482 5.91689e-17
0.802914 0 0.596094
0.94827 0.317465 5.91689e-17
0.627053 0.596186 0.501365
0.406299 0.388219 0.827168
0.957053 0 0.289912
0.857737 0.514089 1.53259e-17
0.327773 0.316565 0.890141
0.981062 0 0.193694
0.744523 0.346112 0.570869
0.514046 0.521647 0.680912
5.70247e-17 0.931284 0.364295
0.41555 0.695312 0.586395
0.751757 0.587811 0.298898
3.58634e-17 0.585693 0.810533
3.24419e-17 0.529817 0.848112
0.761511 0.424263 0.490002
0.515124 0.324772 0.793203
2.42005e-17 0.395225 0.918585
0.651541 0.758614 5.91689e-17
4.90347e-17 0.800797 0.598936
5.86026e-17 0.957053 0.289913
0.884405 0.365193 0.290623
0.919381 0.393368 5.91689e-17
4.41037e-17 0.720268 0.693696
0.700312 0.713837 1.53259e-17
6.00694e-17 0.981008 0.193969
0.324038 1.6724e-17 0.946044
0.889795 0.456361 1.53259e-17
0.71596 0.541656 0.440466
0.378576 0.579432 0.721761
0.366369 0.830619 0.41934
0.823744 0.566962 1.53259e-17
0.259724 0.255676 0.931221
5.34333e-17 0.872632 0.488378
0.403341 2.0817e-17 0.91505
0.684343 0 0.72916
0.229863 0 0.973223
0.307459 0.88287 0.354979
1.91138e-17 0.312152 0.950032
0.598023 0.801479 5.91689e-17
0.266801 0.429547 0.862732
0.745919 0.666037 1.53259e-17
0.349029 0.767554 0.537624
5.52798e-17 0.902787 0.430088
0.28283 0.729978 0.622205
0.459933 0.463784 0.757209
0.817647 0.329958 0.471785
0.281199 0.558356 0.780491
0.571482 0.691646 0.441628
0.468047 0.744157 0.476615
0.525248 0.654722 0.543557
2.89722e-17 5.39445e-17 1
0.61125 0.722208 0.323712
0.837608 0.446276 0.315041
0.664505 0.635048 0.393887
0.863905 0.297626 0.406309
0.318774 0.657317 0.682875
3.90267e-17 0.637355 0.77057
0.471792 2.43498e-17 0.88171
0.477918 0.878405 5.91689e-17
4.66464e-17 0.761793 0.64782
0.931017 0 0.364975
0.433511 0.857263 0.277791
1.2799e-17 0.209024 0.977911
1 0 8.58009e-17
0.563622 0.412426 0.715706
0.837769 0 0.546024
0.78815 0.495413 0.36522
0.576432 0.561312 0.593848
0.282732 0.815642 0.504768
0.681758 0.485776 0.547017
0.603526 0.276783 0.747762
0.685117 0.675852 0.271731
0.711771 0.300272 0.634995
4.1641e-17 0.680049 0.733167
0.973651 0.228043 1.53259e-17
0.534252 0 0.845325
0.336269 0.488568 0.805124
0.786065 0.618143 1.53259e-17
0.726406 0 0.687265
0.636311 0 0.771433
