0.362826 0 0.931857
0.570392 0.544756 0.61473
0.766755 0.64194 4.84802e-17
0.440132 0.795359 0.416759
0.927005 0.375049 4.84802e-17
0.340204 0.336349 0.878141
0.589156 0.808019 0
5.58977e-17 0.912878 0.408232
0.521269 0.504778 0.688098
0.409678 0.85936 0.306047
0.299594 0.88202 0.363709
3.1558e-17 0.515381 0.856961
0.668516 0.623248 0.405769
0.598389 0 0.801206
5.06854e-17 0.827755 0.56109
0.278691 0.924573 0.259801
0.797279 0.484033 0.360636
1 0 4.84802e-17
0.353141 0.516181 0.780288
2.82478e-17 0.461321 0.887233
0.491926 0 0.870637
0.894864 0 0.44634
4.25201e-17 0.694406 0.719583
0.360483 0.650304 0.668698
0.324854 0.945764 0
0.303279 0.59987 0.74039
0.825452 0.345421 0.446445
6.12323e-17 1 0
0.307398 0.720936 0.621094
0.802911 0.596098 0
5.74484e-17 0.938203 0.346086
1.4248e-17 0.232688 0.972551
0.563207 0.407218 0.719007
3.46437e-17 0.565775 0.82456
5.88499e-17 0.961091 0.276232
0.53148 0.847071 0
0.980149 0 0.198263
0.428631 0.415273 0.802386
0.50384 0.6253 0.595941
0.435629 0.554519 0.709039
0.62397 0.714014 0.317563
0.468503 0.883462 0
0.288458 0 0.957493
2.46451e-17 0.402485 0.915427
4.00426e-17 0.653946 0.756541
5.17956e-17 3.2659e-17 1
0.630095 0.437524 0.641525
0.700568 0.657235 0.277933
0.550134 0 0.835077
0.347144 0.771042 0.53384
0.778131 0 0.628102
0.716892 0.532891 0.449548
0.548872 0.760004 0.348043
0.953232 0.30224 0
0.440227 0.693452 0.570372
0.793647 0.278488 0.540896
0.955051 0 0.29644
0.61727 0.274738 0.737222
0.231768 0.972771 0
0.192937 0 0.981211
0.975141 0.221586 4.84802e-17
0.267047 0.27878 0.922479
1.98886e-17 0.324806 0.945781
0.299144 0.448239 0.842375
0.696484 8.71351e-18 0.717572
4.89082e-17 0.798731 0.601688
3.74369e-17 0.611391 0.791329
0.403384 0.915031 0
0.310635 0.831753 0.4601
6.01775e-17 0.982773 0.184815
0.619971 0.58616 0.521587
0.756464 0.574008 0.313493
0.45494 0.27968 0.845464
0.853644 0.418815 0.309655
0.89801 0.439975 0
0.758644 0.424236 0.494452
0.526145 0.333336 0.782342
0.927833 0 0.372996
0.649157 0 0.760655
0.499748 0.822296 0.272178
0.63625 0.771483 4.84802e-17
0.429137 0 0.903239
4.47681e-17 0.731119 0.68225
0.725099 0.688644 4.84802e-17
5.42775e-17 0.886418 0.462885
5.2532e-17 0.857913 0.513795
0.908719 0.308024 0.281694
0.819882 1.02573e-17 0.572533
0.876335 0.271731 0.397744
0.858722 1.48502e-17 0.512441
0.676667 0.481601 0.55694
0.580711 0.671831 0.459802
0.738528 0 0.674222
0.868524 0.495648 4.84802e-17
0.726772 0.341271 0.596101
0.491735 0.724535 0.482954
4.68991e-17 0.76592 0.642936
0.836746 0.547592 4.84802e-17
0.680393 0.732848 0
0.675086 0.311612 0.668698
