0.826321 0 0.563199
3.40587e-17 0.556221 0.831034
0.392272 0.497507 0.773698
0.286742 0.284901 0.914664
0.767119 0.641505 0
0.692329 0.295596 0.658258
0.599719 0.534848 0.59521
0.918719 5.54248e-17 0.394912
0.407914 0.91302 0
6.12323e-17 1 0
0.295075 0.726528 0.620555
5.95979e-17 0.973308 0.229503
0.298669 0.445356 0.84407
0.859356 0 0.511378
0.618919 0.594673 0.51313
0.868095 0.496399 6.22446e-17
0.690897 0.722953 2.51369e-17
0.897881 0.440239 6.22446e-17
0.306619 0.601136 0.737984
0.49019 0.600373 0.631875
0.593476 0.739954 0.316629
0.76359 0.482876 0.428673
4.28704e-17 0.700126 0.714019
0.436853 0.391762 0.809742
0.528691 0.649623 0.546329
0.836334 0.54822 0
0.789172 0 0.614172
0.675389 0.676484 0.29363
0.564557 0 0.825394
0.649711 0.760182 2.51369e-17
0.749468 0 0.662041
0.607681 0.794181 0
0.885368 0.35027 0.30567
4.02027e-17 0.65656 0.754274
0.464145 0.885759 2.73612e-17
0.925554 0.378616 6.22446e-17
0.441865 0 0.897081
1 7.59127e-17 0
5.23434e-17 0.854833 0.518903
0.559447 0.484464 0.672543
0.296604 0 0.955
0.420576 0.694404 0.583882
0.713893 0.446385 0.539534
0.282333 0.868801 0.406785
0.444395 0.551831 0.705688
0.752099 0.307167 0.583092
0.474124 0.268305 0.838582
0.456175 0.744375 0.487657
0.852074 0.30047 0.428588
0.954027 0.299722 0
0.36594 0.815503 0.448378
0.198272 0 0.980147
0.312047 0.903808 0.292844
0.504479 0.787002 0.355146
0.802486 0.596672 0
0.707271 0 0.706942
4.54545e-17 0.742329 0.670036
0.515152 0.857099 0
2.29076e-17 0.374109 0.927385
0.948094 0 0.317991
0.929985 0.254852 0.264912
0.357776 0.331311 0.873057
3.04631e-17 0.4975 0.867464
0.645574 0.645183 0.408623
0.184913 0.982755 6.22446e-17
2.67409e-17 0.436713 0.899601
0.308713 0.782001 0.541453
0.615105 0 0.788445
1.36233e-17 0.222486 0.974936
0.662334 0 0.749209
5.01889e-17 0.819646 0.57287
0.429975 0.845827 0.31575
1.86263e-17 0.304191 0.952611
0.505777 0 0.862664
0.792748 0.531645 0.298169
5.6408e-17 0.921213 0.389059
0.276847 0.960914 0
0.614863 0.342196 0.710525
3.7388e-17 0.610592 0.791945
0.349079 0.653129 0.671987
0.265048 0.533417 0.803254
0.831348 0.435018 0.345861
0.346188 0.938165 0
0.37375 0 0.927529
0.796141 0.351153 0.492798
4.39022e-17 4.26849e-17 1
0.973896 0 0.226996
0.730053 0.68339 0
0.690906 0.548714 0.470704
0.730041 0.596446 0.333606
5.44697e-17 0.889558 0.456823
0.509065 0.435774 0.742262
0.890198 0 0.455574
0.558782 0.700475 0.443957
0.979659 0.20067 2.67943e-17
5.80495e-17 0.948021 0.318208
0.657098 0.421159 0.625178
4.79007e-17 0.782277 0.622931
0.553436 0.304438 0.775259
0.562836 0.826569 0
