0.85876 0.185308 3.93926
0.661784 0.848621 3.68021
0.726135 0.782714 3.40982
0.854507 0.801298 2.74159
0.765748 0.699783 3.704
0.859103 0.859099 2.61402
0.796717 0.852711 2.7623
0.856319 0.159067 3.98965
0.172505 0.244668 5.2291
0.858507 0.820704 2.67143
0.858031 0.0878078 4.15462
0 0.85761 4.30713
0.226558 0.055228 5.49933
0 0.159402 5.68157
0.227173 0.792935 4.05251
0.134073 0.234197 5.31559
0.802471 1.75449e-17 4.42877
0.85912 0.24949 3.88026
0.239696 0.694405 4.7013
0.248503 0.248514 5.14663
0.132456 0.801298 4.17557
0.849274 0.768126 2.91532
0.718486 0.858018 3.25148
0.189565 0.714785 4.59732
0 0.753593 4.6958
0.853583 0.737492 3.11431
0.244637 0.171133 5.23175
0.788283 0.21974 4.08087
0.679333 0.209838 4.83722
0.151252 0.858612 4.00612
0.69665 0.75827 3.77453
0 0.679952 5.23513
0.847077 0.693725 3.44421
0.813671 0.242325 3.96098
0.815956 0.858429 2.68605
0.64689 0.857811 3.78009
0.849048 0.215467 3.90266
0.100274 1.75449e-17 5.81845
0.74731 0.85806 3.0449
0.857853 1.84766e-17 4.3071
0.704231 0.852891 3.36029
0.244287 0.0936075 5.40804
0.779139 0.858182 2.84823
0.762129 1.75449e-17 4.64101
0.249257 0.859083 3.88027
0.857991 0.722646 3.22062
4.52e-17 0.242922 5.57424
0.839674 0.844645 2.63766
0.243732 0 5.57405
0.236407 0.654073 4.99982
0.0392109 0.852341 4.25558
0.858068 0.752557 3.00971
0.724291 1.84766e-17 4.9014
0.698695 0.24177 4.66813
0.124648 0.854703 4.06822
0.240818 0.769478 4.17105
0.858742 0.0622369 4.21034
0.856533 0.707884 3.33132
0.74259 0.206466 4.37166
0 1.75449e-17 6
0.163708 1.75449e-17 5.67265
0.689984 0.858038 3.46668
0.733154 0.847959 3.14904
0.106314 0.688029 4.97849
0.675733 0.85673 3.57388
0.847763 0.112161 4.10246
0.179479 0.857891 3.94944
0.687271 1.84766e-17 5.18011
0.222357 0.675168 4.85601
0.762583 0.241072 4.21292
0.0976177 0.858591 4.13175
0.782595 0.12854 4.27373
4.52e-17 0.797952 4.44805
0.0945445 0.244047 5.4059
0.853508 0.034793 4.26237
0.656781 0.235564 4.98114
0.151245 0.150657 5.3995
0.786301 0.787554 3.00046
0 0.0907087 5.84085
0.762897 0.855202 2.94392
0.710469 0.129933 4.75234
0.216948 0.216066 5.18088
0.111851 0.111281 5.58315
0.0559729 0.225347 5.49875
0.857972 0.67873 3.55135
0.857752 0.647953 3.77284
0.858236 0.783801 2.82332
0.22257 0.749188 4.31017
0.211191 0.851875 3.90517
0.111851 0.766978 4.4021
0.0694362 0.857902 4.19539
0.243346 0.817799 3.94729
0.708322 0.704465 4.07053
0.720592 0.233154 4.50673
0.240255 0.728419 4.44617
0.858668 0.134299 4.04463
0.778252 0.741543 3.32355
0.853377 0.663674 3.66347
0.234626 0.132984 5.31793
4.52e-17 0.723945 4.90395
