0.229127 0.270873 0
0.222989 0 0.277011
0.105244 0.124184 0.270572
0.154504 0.245963 0.0995334
0.000846798 0.105548 0.393605
0.371496 0.0783371 0.0501673
0.0432142 0.356725 0.100061
0.5 5.55112e-17 1.11022e-16
0.217394 0.248623 0.033983
0.0567892 0 0.443211
0.134533 0.040358 0.325109
0.349971 0.0590657 0.0909628
0.286603 0.19045 0.022947
0.060978 0.141511 0.297511
0.0428289 0.420602 0.0365693
0.0444943 0.283728 0.171778
0.0145987 0.336251 0.14915
0.141113 0.288798 0.0700898
0.252182 0.0923023 0.155516
0.416577 0.0466124 0.0368104
0.173345 0.201239 0.125417
0.247461 0.0165336 0.236005
0.0379471 0.127308 0.334745
0.270231 0.229769 0
0.188957 0.305153 0.00588977
0.268483 0.0468883 0.184629
0.0503141 0.209313 0.240373
0.155621 0.344379 0
0.293716 0.0748273 0.131457
0.157476 0 0.342524
0.0319846 0.253911 0.214105
0.0476665 0.071622 0.380711
0.079786 0.017986 0.402228
7.989e-19 0.312926 0.187074
0.0959774 0.404023 0
0.0675566 0.0879706 0.344473
1.12616e-18 0.441111 0.058889
0.096095 0.0492021 0.354703
1.62909e-19 0.063811 0.436189
0.142689 0.106513 0.250798
0.184283 0.0871938 0.228523
0.0614393 0.31135 0.12721
0.1084 0.198922 0.192678
0.124608 0.153314 0.222078
0.196786 0.225297 0.0779176
3.75588e-19 0.147117 0.352883
9.61326e-19 0.376548 0.123452
1.2765e-18 0.5 0
0.26075 0.163112 0.0761384
0.167173 0.132109 0.200718
0.177204 0.272876 0.0499198
0.390776 0.0328061 0.0764178
0.131548 0.326145 0.0423073
0.0866672 0.25344 0.159892
0.321023 0.0998168 0.0791601
0.0992121 0.0928718 0.307916
0.22761 0.0655001 0.20689
0.0155617 0.466533 0.0179056
0.364288 0.135712 0
0.46572 0.0214142 0.0128654
0.0353342 0.0458657 0.4188
5.91908e-19 0.231848 0.268152
0.344624 0.120325 0.0350509
0.0564911 0.443509 0
0.149877 0.177159 0.172964
0.0344565 0.181443 0.284101
0.114154 0.367765 0.0180818
0.110502 0.26813 0.121368
6.95262e-19 0.272332 0.227668
0.398399 0.0970567 0.00454461
0.335621 0.0427752 0.121604
0.325262 0 0.174738
0.0998813 0.303803 0.0963154
0.0657214 0.382651 0.0516276
0.20127 0.0436953 0.255035
0.406112 0 0.0938885
0.217233 0.181334 0.101432
0.0865542 0.342482 0.0709633
0.325043 0.174957 0
4.84446e-19 0.189756 0.310244
0.210147 0.111411 0.178442
0.18313 0.0136622 0.303208
0.437926 0.0620743 0
0.0140124 0.402453 0.0835341
0.308266 0.0315684 0.160166
0.235501 0.136948 0.127551
0.0716927 0.226877 0.20143
0.2846 0 0.2154
0.446417 0 0.0535835
0.129263 0.223639 0.147097
0.19265 0.156356 0.150994
0.365835 0 0.134165
0.118071 0 0.381929
0.277997 0.118699 0.103304
0.0136382 0.0206673 0.465695
0.242323 0.206343 0.0513343
8.40884e-17 6.11723e-18 0.5
0.081479 0.169268 0.249253
0.155008 0.0640836 0.280909
0.302982 0.145161 0.0518571
