6.12323e-17 1
0.96828 0.249867
0.70522 0.708989
0.162798 0.986659
0.0929303 0.995673
0.831984 0.5548
0.462422 0.88666
0.236828 0.971552
0.68844 0.725294
0.554235 0.83236
0.330265 0.943888
0.972648 0.232283
0.59585 0.803096
0.300698 0.95372
0.141671 0.989914
0.870844 0.491559
0.412286 0.911055
0.811392 0.584503
0.315583 0.948898
0.883108 0.46917
0.509752 0.860322
0.521135 0.853474
0.928799 0.370584
0.0619177 0.998081
0.912296 0.409531
0.564888 0.825168
0.182664 0.983175
0.939314 0.343058
0.634672 0.772782
0.615635 0.788031
0.991938 0.126727
0.790053 0.613038
0.845275 0.534332
0.37236 0.928089
0.253424 0.967355
0.696902 0.717167
0.963731 0.266875
0.877023 0.480448
0.97687 0.213835
0.797248 0.603652
0.760504 0.649333
0.585697 0.81053
0.60583 0.795594
0.653129 0.757247
0.358534 0.933517
0.474514 0.880248
0.285324 0.958431
0.532332 0.846536
0.75292 0.658112
0.575365 0.817897
0.90088 0.434069
0.944426 0.328725
0.934104 0.357001
0.997806 0.0661987
0.72959 0.683885
0.219617 0.975586
0.118687 0.992932
0.385915 0.922534
1 0
0.671133 0.741337
0.864584 0.502489
0.437745 0.899099
0.745238 0.666798
0.625256 0.78042
0.954309 0.298821
0.201618 0.979464
0.988517 0.151108
0.995065 0.0992213
0.94941 0.314038
0.959078 0.283143
0.713438 0.700718
0.498173 0.867078
0.768018 0.640429
0.85823 0.513265
0.851796 0.523874
0.906635 0.421916
0.782791 0.622285
0.399222 0.916854
0.737462 0.675389
0.895037 0.445991
0.923395 0.383851
0.679845 0.733356
0.980953 0.194247
0.269547 0.962987
0.450151 0.892952
0.425116 0.905139
0.486434 0.873717
0.818344 0.574729
0.838675 0.544633
0.344541 0.938771
0.77545 0.631409
0.825209 0.564828
0.804353 0.594152
0.721569 0.692342
0.889121 0.457671
0.984856 0.173375
0.662246 0.749287
0.543368 0.839494
0.917869 0.396883
0.643979 0.765043
