0.777898 0.62839
0.635578 0.772037
0.746726 0.665132
0.697599 0.716488
0.489487 0.87201
0.597146 0.802133
0.440737 0.897636
0.662955 0.74866
0.807837 0.589406
0.754637 0.656143
0.163596 0.986527
0.286878 0.957967
0.465571 0.88501
0.271045 0.962567
0.401808 0.915724
0.477655 0.878548
0.714303 0.699837
0.906699 0.421779
0.374751 0.927126
0.427964 0.903796
0.616648 0.787239
0.587201 0.809441
0.722546 0.691323
0.888889 0.458122
0.770222 0.637776
0.785493 0.61887
0.220532 0.97538
0.302324 0.953205
0.793004 0.609216
0.918005 0.396568
0.939256 0.343218
0.346635 0.938
0.863538 0.504283
0.0622613 0.99806
0.606963 0.79473
0.68052 0.732729
0.949158 0.314801
0.545677 0.837996
0.882709 0.46992
0.836494 0.547977
0.99564 0.0932777
0.870028 0.493002
0.876431 0.481528
0.900866 0.434097
0.317462 0.948271
0.979389 0.201984
0.534792 0.844984
0.523779 0.851854
0.762467 0.647028
0.332168 0.94322
0.923489 0.383625
0.388423 0.921481
0.705998 0.708213
0.944269 0.329175
0.64484 0.764317
0.983063 0.183266
0.934119 0.356961
0.689104 0.724662
0.415004 0.90982
0.958511 0.285056
0.45328 0.891368
0.971517 0.236971
0.183649 0.982992
0.992878 0.119135
0.119164 0.992875
0.989837 0.142209
0.512556 0.858654
0.975532 0.219856
0.56679 0.823862
0.81514 0.579263
0.626188 0.779672
0.202425 0.979298
0.928864 0.37042
0.822347 0.568987
0.671818 0.740716
0.142364 0.989814
0.850229 0.526413
0.962991 0.269534
0.738741 0.673989
0.577062 0.8167
6.12323e-17 1
0.800465 0.59938
1 2.38429e-17
0.65397 0.75652
0.998064 0.062201
0.967336 0.253498
0.894951 0.446164
0.254804 0.966993
0.82947 0.558552
0.953902 0.30012
0.237986 0.971268
0.50111 0.865384
0.912413 0.409271
0.730675 0.682725
0.856929 0.515434
0.986566 0.163363
0.556333 0.83096
0.843408 0.537274
0.360836 0.932629
0.0932857 0.995639
