0.952501 0 0.304536
0.957232 0.289321 0
5.34215e-17 0.87244 0.488721
0.822363 0.313617 0.474724
0.474531 0 0.880239
5.1563e-17 0.842088 0.53934
0.670861 0.609863 0.421916
0.417176 0.432307 0.799422
0.705123 0.642782 0.299388
0.755976 0.560797 0.337648
4.48985e-17 0.733249 0.679961
0.611315 0 0.791387
0.974983 0 0.222279
0.675612 0.457052 0.578491
5.51512e-17 0.900687 0.434469
0.52353 0 0.852007
0.857457 0.398753 0.325214
0.929235 0.36949 0
0.319996 0.29342 0.900837
0.818303 0.49385 0.294097
0.718252 0.506828 0.476696
0.584583 0.428984 0.688648
0.300165 0.399099 0.866384
4.73367e-17 0.773068 0.634324
4.95854e-17 0.80979 0.586719
0.912128 0.306441 0.272242
0.772661 0 0.634819
0.761052 0.648691 0
4.23071e-17 0.690927 0.722924
0.362847 0 0.931849
0.361968 0.93219 0
0.441305 0.793028 0.419947
0.298147 0 0.95452
0.21805 0 0.975938
0.722199 0.691685 0
0.724694 0.308857 0.615975
0.285978 0.958236 0
0.789124 0.445017 0.423372
0.284461 0.495177 0.820903
0.314391 0.738427 0.596559
0.421191 0 0.906972
0.429012 0.903299 0
0.737107 0 0.675776
0.89802 0.439954 0
0.48298 0.875631 0
0.358673 0.771223 0.525897
0.627596 0.708139 0.323516
0.583644 0.668724 0.460617
0.492846 0.821106 0.287901
0.797563 0.603235 0
0.9811 0.1935 0
0.290501 0.685793 0.667306
0.444259 0.311302 0.840075
0.529405 0.625524 0.573106
2.21261e-17 0.361347 0.932431
0.86692 0.498447 0
0.619115 0.288976 0.730198
0.547783 0.756353 0.357581
1 0 0
2.6172e-17 0.427421 0.904053
0.899586 0 0.436745
0.371133 0.864227 0.339666
0.627723 0.568393 0.531877
0.806366 1.87645e-197 0.591417
3.65951e-17 0.597643 0.801763
0.191367 0.981518 0
0.593203 0.805053 2.64793e-277
0.699738 0 0.7144
0.567752 0.528907 0.630805
0.638445 0.769667 0
5.83333e-17 0.952654 0.304055
0.531717 0.341992 0.774802
1.76213e-17 0.287777 0.957697
3.33624e-17 0.54485 0.838533
0.838339 0 0.545149
0.86845 0 0.495777
0.310763 0.618882 0.721396
6.12323e-17 1 0
0.833466 0.552571 0
5.68173e-17 0.927897 0.372836
0.483674 0.715913 0.503517
0.421261 0.662281 0.619616
3.9534e-17 0.645639 0.763643
5.97107e-17 0.975149 0.221549
0.307543 0.832616 0.460617
0.656833 0 0.754036
0.928329 0 0.371759
0.877607 0.271133 0.395339
0.680913 0.732364 0
0.760828 0.365499 0.536238
0.540272 0.841491 0
6.12323e-17 0 1
0.569512 0 0.821983
0.455853 0.578189 0.67668
1.18178e-17 0.193 0.981199
0.356391 0.541322 0.761549
0.490012 0.480824 0.727115
2.98548e-17 0.487566 0.873086
0.294963 0.911557 0.286461
0.659021 0.358725 0.661066
