0.505689 0.505689 0.698968
0.473885 0.473885 0.742204
0.595122 0.595122 0.540055
0.63391 0.63391 0.443076
0.614998 0.614998 0.493512
0.67202 0.67202 0.311091
0.251459 0.251459 0.934632
4.32978e-17 4.32978e-17 1
0.579642 0.579642 0.572739
0.655966 0.655966 0.373387
0.144441 0.144441 0.978915
0.216023 0.216023 0.952191
0.107321 0.107321 0.988415
0.499502 0.499502 0.707811
0.15571 0.15571 0.975453
0.563646 0.563646 0.603826
0.624572 0.624572 0.46885
0.529804 0.529804 0.66228
0.32415 0.32415 0.888737
0.686326 0.686326 0.240649
0.268281 0.268281 0.92523
0.426497 0.426497 0.797622
0.0407207 0.0407207 0.99834
0.552654 0.552654 0.623816
0.486852 0.486852 0.725225
0.0611146 0.0611146 0.996258
0.689593 0.689593 0.221186
0.419506 0.419506 0.805002
0.259938 0.259938 0.929981
0.132715 0.132715 0.982229
0.177061 0.177061 0.968142
0.29274 0.29274 0.910278
0.590012 0.590012 0.551156
0.242854 0.242854 0.939172
0.33183 0.33183 0.88305
0.642967 0.642967 0.416156
0.316432 0.316432 0.894283
0.619813 0.619813 0.481315
0.70339 0.70339 0.102393
0.361875 0.361875 0.859124
0.660123 0.660123 0.358434
0.339426 0.339426 0.877257
0.647382 0.647382 0.402236
0.701036 0.701036 0.130759
0.369267 0.369267 0.852809
0.354441 0.354441 0.865299
0.511828 0.511828 0.689974
0.398277 0.398277 0.826287
0.558187 0.558187 0.613885
0.584857 0.584857 0.562037
0.698447 0.698447 0.156021
0.517899 0.517899 0.680853
0.695664 0.695664 0.179177
0.605155 0.605155 0.517277
0.460624 0.460624 0.758717
0.0781306 0.0781306 0.993877
0.541375 0.541375 0.643293
0.651718 0.651718 0.387979
0.197099 0.197099 0.960367
0.453908 0.453908 0.766769
0.467294 0.467294 0.750515
0.376572 0.376572 0.846396
0.682923 0.682923 0.259292
0.206669 0.206669 0.956335
0.447129 0.447129 0.774695
0.391075 0.391075 0.833139
0.705456 0.705456 0.0682849
0.664187 0.664187 0.34309
0.6794 0.6794 0.277185
0.493209 0.493209 0.716582
0.4804 0.4804 0.733779
0.569055 0.569055 0.593593
0.187262 0.187262 0.964296
0.574377 0.574377 0.583251
0.638476 0.638476 0.429764
0.629272 0.629272 0.456108
0.225164 0.225164 0.947946
0.675769 0.675769 0.294403
0.707107 0.707107 5.44979e-18
0.41247 0.41247 0.812242
0.383849 0.383849 0.839833
0.234098 0.234098 0.943608
0.308642 0.308642 0.899711
0.346943 0.346943 0.871356
0.276524 0.276524 0.920364
0.1204 0.1204 0.985397
0.405419 0.405419 0.819311
0.440319 0.440319 0.782457
0.600171 0.600171 0.528761
0.523887 0.523887 0.671629
0.535633 0.535633 0.652835
0.284674 0.284674 0.915381
0.30071 0.30071 0.905067
0.547051 0.547051 0.633616
0.692705 0.692705 0.200797
0.668156 0.668156 0.327316
0.0933279 0.0933279 0.991252
0.43344 0.43344 0.790101
0.610105 0.610105 0.505512
0.166552 0.166552 0.971865
