0.764828 0.644235
0.344135 0.93892
6.12323e-17 1
0.203889 0.978994
0.988746 0.149601
0.679412 0.733757
0.903063 0.429507
0.576285 0.817249
0.860239 0.509891
0.940607 0.339497
0.0944869 0.995526
0.643098 0.765784
0.879346 0.476182
0.458441 0.888725
0.968919 0.247377
0.446637 0.894715
0.25519 0.966891
0.271047 0.962566
0.546053 0.837751
0.995171 0.0981542
0.315997 0.94876
0.914248 0.405155
0.221718 0.975111
0.357765 0.933812
0.935508 0.353306
0.833115 0.5531
0.77288 0.634553
0.891437 0.453145
1 0
0.330204 0.94391
0.964486 0.264135
0.885433 0.464767
0.853646 0.520854
0.47007 0.882629
0.919689 0.392647
0.788685 0.614798
0.840102 0.542429
0.652293 0.757967
0.803988 0.594645
0.78084 0.624732
0.866735 0.498768
0.165258 0.98625
0.945581 0.325387
0.796402 0.604768
0.615043 0.788494
0.981347 0.192245
0.434589 0.900629
0.38428 0.923217
0.714508 0.699628
0.93032 0.36675
0.955261 0.295765
0.525202 0.850977
0.977362 0.211576
0.740073 0.672527
0.908712 0.417423
0.371188 0.928558
0.670441 0.741963
0.973219 0.229879
0.818763 0.574131
0.723113 0.69073
0.492677 0.870212
0.0630722 0.998009
0.705847 0.708365
0.688306 0.725421
0.950466 0.310827
0.825997 0.563674
0.595843 0.803101
0.397168 0.917746
0.120634 0.992697
0.633832 0.77347
0.959935 0.280224
0.731627 0.681706
0.697092 0.716982
0.238787 0.971072
0.301438 0.953486
0.748413 0.663233
0.586138 0.810211
0.409847 0.912154
0.661409 0.750026
0.846918 0.531724
0.897315 0.441391
0.811405 0.584484
0.286447 0.958096
0.481466 0.876465
0.925053 0.379838
0.535699 0.844409
0.143931 0.989588
0.556255 0.831011
0.503713 0.863871
0.75667 0.653798
0.873095 0.487551
0.422315 0.906449
0.605499 0.795846
0.514539 0.857467
0.997852 0.0655149
0.18514 0.982712
0.985132 0.171801
0.992107 0.125396
0.624473 0.781046
0.566318 0.824187
