1.05688 0.27049
0.336754 1.03767
0.533669 0.951499
1.0245 0.374905
0.848103 0.686203
0.266013 1.05801
0.568898 0.930864
0.831327 0.706433
1.00031 0.435358
0.864453 0.665487
0.644423 0.880268
1.01262 0.405888
1.08244 0.135927
0.918341 0.5889
0.456921 0.990644
0.925654 0.577337
0.384685 1.02087
0.104753 1.0859
0.496464 0.97143
0.613146 0.902333
0.694342 0.841453
0.787706 0.754766
0.399858 1.01502
0.654596 0.87273
1.06169 0.250954
0.760561 0.782113
0.159692 1.07919
0.814135 0.72618
1.08575 0.106347
1.05188 0.289309
0.664678 0.865076
0.55731 0.937848
0.960933 0.516489
0.872463 0.654951
0.954055 0.529085
0.910941 0.600283
0.742026 0.799719
0.353171 1.03219
0.591445 0.916704
0.674671 0.857305
0.684571 0.849421
0.183516 1.0754
0.796557 0.745419
0.483535 0.97793
0.822783 0.716367
1.09094 0
1.06631 0.230535
0.470337 0.984346
0.993984 0.44961
0.856326 0.675913
0.974435 0.490539
0.20573 1.07137
1.00652 0.420801
0.967736 0.503626
0.987538 0.463596
0.28456 1.05318
0.704023 0.83337
0.414686 1.00905
0.769708 0.773113
0.89586 0.622565
0.932897 0.565558
0.302478 1.04817
0.508976 0.964933
0.903446 0.611505
1.01862 0.390596
0.947074 0.541482
0.634134 0.887709
0.839767 0.696379
0.888168 0.633491
0.443213 0.996853
1.08863 0.0709059
1.07071 0.209135
1.07881 0.162259
0.226748 1.06712
0.778749 0.764005
0.940037 0.553609
0.713606 0.825178
0.580184 0.923872
1.03591 0.34213
0.880375 0.644277
1.03027 0.358735
0.623708 0.895065
6.68009e-17 1.09094
0.732604 0.808359
0.545561 0.944731
1.07489 0.18645
0.369174 1.02658
0.246813 1.06266
0.429155 1.00298
0.0698459 1.0887
1.04138 0.325078
0.751325 0.790989
0.319862 1.043
0.723126 0.816849
0.521375 0.958291
1.04671 0.307477
0.602365 0.909566
0.981033 0.477208
0.133829 1.0827
0.805394 0.735863
