0.807451 0.589935
0.377359 0.926067
0.730321 0.683104
0.918978 0.39431
0.208237 0.978078
0.96437 0.264557
0.678601 0.734507
0.950154 0.311782
0.510665 0.859779
0.800245 0.599673
0.584357 0.811497
0.476517 0.879165
0.981347 0.192244
0.754681 0.656092
0.884924 0.465736
0.872948 0.487812
0.35029 0.936641
0.499459 0.866338
0.738576 0.67417
0.896602 0.442838
0.532556 0.846395
0.642118 0.766606
0.828202 0.560429
0.336308 0.941752
0.94519 0.32652
0.77803 0.628227
0.82142 0.570324
6.12323e-17 1
0.687472 0.726211
0.860665 0.509172
0.713534 0.700621
0.841476 0.540294
0.574294 0.818649
0.363947 0.93142
0.5217 0.853129
0.276631 0.960976
0.632775 0.774336
0.564101 0.825706
0.959746 0.28087
0.762577 0.646898
0.935 0.354647
0.226408 0.974032
0.16878 0.985654
0.651376 0.758755
0.440808 0.897602
0.792956 0.609278
0.890795 0.454406
0.0964604 0.995337
0.997856 0.0654421
0.604069 0.796932
0.968821 0.247761
0.403382 0.915032
1 0
0.977336 0.211696
0.785558 0.618788
0.594265 0.80427
0.292235 0.956346
0.913505 0.406827
0.623297 0.781985
0.123192 0.992383
0.669633 0.742692
0.973153 0.230161
0.696267 0.717783
0.854359 0.519682
0.543257 0.839566
0.847964 0.530055
0.995164 0.0982248
0.988749 0.149583
0.660547 0.750784
0.985158 0.171651
0.452901 0.891561
0.146983 0.989139
0.746716 0.665143
0.30735 0.951597
0.834889 0.550419
0.814477 0.580196
0.704948 0.709259
0.613723 0.789521
0.902307 0.431094
0.770365 0.637603
0.955017 0.29655
0.924403 0.381417
0.866863 0.498546
0.992109 0.125381
0.553773 0.832667
0.907952 0.419075
0.322011 0.946736
0.0643338 0.997928
0.878976 0.476867
0.488076 0.872801
0.428555 0.903516
0.464785 0.885423
0.39049 0.920607
0.940137 0.340797
0.24379 0.969828
0.929754 0.368181
0.260526 0.965467
0.721974 0.69192
0.189056 0.981966
0.416073 0.909331
