0.14906 1.03169
0.762787 0.710462
0.549388 0.885874
0.905992 0.515538
0.919373 0.491278
0.502864 0.913087
0.728351 0.745724
0.856713 0.593837
0.414289 0.956538
0.951187 0.426431
0.673456 0.795649
0.12489 1.03489
0.925915 0.478834
0.803462 0.664116
0.811313 0.654501
0.313941 0.994003
0.969022 0.384183
0.991008 0.32327
0.74579 0.728283
0.819083 0.644751
0.779364 0.692237
0.787493 0.682975
0.453432 0.938616
0.826761 0.634875
1.01063 0.25539
0.892312 0.538869
0.985731 0.33902
0.863977 0.583219
0.701395 0.771133
0.771119 0.70141
0.358751 0.978722
0.93874 0.453175
0.737126 0.737052
0.932363 0.466155
1.03754 0.100579
0.265439 1.00804
0.560616 0.878811
0.373057 0.973359
1.0424 0
0.65421 0.811548
0.849342 0.604333
0.841894 0.614667
0.571632 0.871686
0.614113 0.842298
0.230288 1.01665
0.624335 0.834749
0.963192 0.398574
0.754348 0.719416
6.38287e-17 1.0424
0.0977595 1.03781
0.440587 0.944713
1.00596 0.273219
0.878325 0.561378
0.88537 0.5502
0.329237 0.989041
0.478532 0.926071
0.191983 1.02457
0.634435 0.827099
0.974728 0.369467
1.03107 0.153311
1.00114 0.290388
0.834374 0.624836
0.603711 0.849784
0.68289 0.787566
0.692199 0.779397
1.03445 0.128491
0.171234 1.02824
0.957248 0.412645
0.71947 0.754296
1.01943 0.217609
0.593179 0.857169
0.46606 0.93241
0.0651914 1.04036
0.211594 1.0207
0.538033 0.892816
0.899175 0.527336
0.663904 0.803637
0.582484 0.864472
1.02742 0.176101
1.04024 0.0670787
0.98031 0.354391
1.02353 0.197426
1.01513 0.236898
0.490794 0.919631
0.344154 0.98395
0.871191 0.572386
0.248165 1.01243
0.710487 0.762764
0.387071 0.967872
0.526485 0.899674
0.64439 0.819367
0.400795 0.96227
0.514761 0.906433
0.282102 1.0035
0.79552 0.673608
0.427538 0.95069
0.298268 0.998818
0.945014 0.439941
0.912719 0.503532
0.996153 0.307048
