0.687913 0.84692 3.48835
0.793707 0.22503 4.05043
0.17846 0.858662 3.95121
0.123883 0.850823 4.07206
0.724141 0.128212 4.65441
0.215866 0.795274 4.05113
0.852147 0.0385679 4.25679
0.71246 0.707242 4.01835
0.75689 0.856889 2.98156
0.125732 0.785955 4.26293
0.23824 0.0912213 5.41536
0.0969112 0.858597 4.13341
0.851857 0.210744 3.90567
0.226989 0.65662 4.98719
0.818188 0.243329 3.94609
4.35509e-17 0.761819 4.64295
0.858382 0.813763 2.69332
0.859077 0.249219 3.88027
0.244507 0.167319 5.23925
0.179916 0.73761 4.44671
0.249201 0.859079 3.88027
0.243378 0.818208 3.94601
0.674213 0.855337 3.58553
0.859086 0.859085 2.61402
4.35509e-17 0.2362 5.57653
4.35509e-17 0.157365 5.68588
0 0.857861 4.3071
0.248596 0.248606 5.14662
0.0688652 0.857919 4.1966
0.245139 0.0483701 5.5041
0.240169 0.677922 4.82532
0.846851 0.712341 3.30356
0.700866 0.856739 3.3844
0.233005 0.129803 5.32622
0.768574 0.111038 4.39445
0.240151 0.71733 4.52805
0.660375 0.858138 3.68583
0.858666 0.178649 3.95087
0.215674 0.699123 4.68159
0.751108 0 4.71226
0.779771 0.691022 3.68947
0.147093 0.230484 5.28779
0.853793 0.743145 3.07463
0.822958 0.858554 2.66505
0.111886 0.2448 5.36464
0.796574 3.25111e-17 4.45418
0.803754 0.854691 2.7314
0.742405 0.858122 3.07859
0.240453 0.749408 4.29858
0.74941 0.241127 4.29836
0.857006 0.0964332 4.13473
0.697951 0.764629 3.72475
0.110231 0.6916 4.94214
0.730666 0.221102 4.44111
0.129333 0.0846904 5.60392
0.18124 0.245511 5.21293
4.99024e-17 0.683869 5.20574
0.710275 0.241929 4.58045
0.85765 0.648645 3.76812
0.224696 0 5.58338
0.116617 0 5.7795
0.854943 0.150483 4.00857
0.771907 0.845818 2.89618
0.857536 0 4.30714
0.761812 0.737135 3.4515
0.654595 0.236183 4.99625
0.858578 0.123273 4.07065
0.646203 0.856372 3.78502
4.35509e-17 0.0895523 5.84352
5.31735e-17 0 6
0.210524 0.852397 3.90561
0.682584 3.25111e-17 5.2154
0.856825 0.793954 2.77342
0.728456 0.853516 3.17926
0.714583 0.858082 3.28064
0.676168 0.190675 4.88687
0.786576 0.858296 2.80905
0.801831 0.132369 4.17354
0.733573 0.792225 3.30817
0.858649 0.068356 4.19762
0.853576 0.665059 3.65335
0.851437 0.776371 2.86597
0.1499 0.857705 4.00918
0.15429 0.143393 5.40912
0.71233 3.25111e-17 4.99049
0.0841039 0.214231 5.4487
4.35509e-17 0.728982 4.86707
0.0386379 0.853292 4.25607
0.85639 0.696662 3.41637
0.223906 0.211342 5.17976
0.235308 0.771493 4.16131
0.0462931 0.245987 5.50777
0.857899 0.680893 3.53518
0.69064 0.232056 4.73321
0.790422 0.774586 3.04948
0.857919 0.727226 3.18697
4.35509e-17 0.802599 4.42824
0.847064 0.837405 2.63876
0.858058 0.759245 2.96628
0.770629 0.234183 4.16691
