0 0.5 0
0.228027 0.166158 0.105815
0.381348 0.0977986 0.0208529
0.353191 0.00777075 0.139038
0.100361 0.0357569 0.363882
0.118971 0.178166 0.202863
0.0378529 0.321004 0.141143
0.172503 0.0219137 0.305583
0.5 1.11022e-16 5.55112e-17
0.156009 0 0.343991
0.0794098 0.00457847 0.416012
0.23187 0.0984998 0.169631
0.420132 0.0798683 5.55112e-17
0.302187 0.0374611 0.160352
0.376584 0.0355928 0.0878227
0.0393581 0.0991138 0.361528
0.0906146 0.343983 0.0654021
0.185398 0.283196 0.0314054
0.0803414 0.208776 0.210883
0.250789 0 0.249211
0.0134032 0.146747 0.33985
0 0.0431907 0.456809
0.432381 9.60078e-17 0.0676193
1.62202e-18 8.16447e-17 0.5
0.146488 0.0741141 0.279398
1.0484e-18 0.227519 0.272481
0.0639295 0.38419 0.0518809
0.10789 0.254944 0.137166
0.326577 0.158045 0.0153774
0.157748 0.342252 5.55112e-17
0.0041255 0.0817805 0.414094
1.55879e-18 0.338281 0.161719
0.0916027 0.146989 0.261409
0.00716071 0.372401 0.120439
0.211244 0 0.288756
0.171526 0.258812 0.0696627
0.200026 0.212021 0.0879529
0.183281 0.119581 0.197137
0.0560015 0.0553315 0.388667
0.218727 0.237272 0.0440003
0.462922 0.00662683 0.0304516
5.55867e-19 0.120631 0.379369
0.241872 0.258128 5.55112e-17
0.181299 0.186306 0.132395
0.189678 0.049398 0.260924
0.160736 0.0971528 0.242111
0.199871 0.300129 0
0.0190458 0.466772 0.0141818
0.331279 0.118946 0.0497753
0.0305631 0.211197 0.25824
0.363942 0.136058 5.55112e-17
0.0679255 0.187401 0.244674
0.160841 0.160954 0.178204
8.53778e-19 0.185283 0.314717
0.0582338 0.275124 0.166642
0.117283 0 0.382717
0.254604 0.121287 0.124109
0.154931 0.231343 0.113726
0.107271 0.309371 0.0833578
0.0406721 0.420208 0.0391201
0.208303 0.0768801 0.214817
0.454034 0.044007 0.00195884
0.355233 0.0769859 0.0677816
0.0421933 4.6844e-18 0.457807
0.0982644 0.401736 5.55112e-17
0.305103 0.0990645 0.0958323
0.231562 0.0348877 0.23355
0.246197 0.191484 0.062319
0.0439157 0.165828 0.290257
0.207205 0.141863 0.150932
0.0107033 0.297877 0.19142
0.25678 0.0542521 0.188968
0.13493 0.135414 0.229657
0.0794762 0.298544 0.121979
0.107508 0.103029 0.289463
0.0596411 0.440359 5.55112e-17
0.134767 0.207454 0.157779
0.27976 0.0787162 0.141524
1.24262e-18 0.269667 0.230333
0.406073 0.0500808 0.0438462
0.0413149 0.244851 0.213834
0.132072 0.274983 0.0929455
0 0.445278 0.0547218
0.0334963 0.0344163 0.432087
0.288954 0.167444 0.0436018
0.0485158 0.354128 0.0973558
1.8811e-18 0.408227 0.0917731
0.303647 0.196353 5.55112e-17
0.32176 0 0.17824
0.392337 0 0.107663
0.276018 0.142768 0.0812139
0.0826298 0.0791658 0.338204
0.266217 0.218625 0.0151579
0.329695 0.0548077 0.115497
0.0622786 0.124114 0.313608
0.127363 0.0511735 0.321463
0.282385 0.00714133 0.210473
0.140856 0.315298 0.0438463
0.0889841 0.233087 0.177929
0.117264 0.36398 0.0187563
