0.0950262 0.404974
0.37009 0.12991
0.407098 0.0929017
0.385874 0.114126
0.494424 0.00557632
0.0424638 0.457536
0.262891 0.237109
0.0282081 0.471792
0.0758933 0.424107
0.153352 0.346648
0.466685 0.0333155
0.228386 0.271614
0.0854562 0.414544
0.203446 0.296554
0.123951 0.376049
0.218422 0.281578
0.233337 0.266663
0.0472136 0.452786
0.104632 0.395368
0.138604 0.361396
0.391169 0.108831
0.0663282 0.433672
0.292813 0.207187
0.444738 0.0552621
0.423126 0.0768743
0.439312 0.0606884
0.328441 0.171559
0.313043 0.186957
0.148418 0.351582
0.307962 0.192038
0.00937276 0.490627
0.354364 0.145636
0.0615489 0.438451
0.28278 0.21722
0.0234951 0.476505
0.428507 0.0714929
0.0519793 0.448021
0.0377049 0.462295
0.0711134 0.428887
0.163321 0.336679
0.396477 0.103523
0.461158 0.0388418
0.183343 0.316657
0.333597 0.166403
0.158314 0.341686
0.34395 0.15605
0.472213 0.0277874
0.0567605 0.44324
0.488848 0.0111518
0.323268 0.176732
0.133722 0.366278
0.41242 0.08758
0.433911 0.0660886
0.34916 0.15084
0.243199 0.256801
0.0187896 0.48121
0.128829 0.371171
0.455642 0.0443584
0.173303 0.326697
0.0140754 0.485925
0.223402 0.276598
0.208459 0.291541
0.31813 0.18187
0.0902396 0.40976
0.272811 0.227189
0.143515 0.356485
0.198434 0.301566
0.0329597 0.46704
0.483292 0.0167076
0.11909 0.38091
0.401777 0.0982232
0.28777 0.21223
0.188371 0.311629
0.277782 0.222218
0.375346 0.124654
0.417773 0.0822272
0.338765 0.161235
0.0998187 0.400181
0.364836 0.135164
0.00468151 0.495318
0.267854 0.232146
0.114253 0.385747
0.253037 0.246963
0.178323 0.321677
0.3596 0.1404
0.248121 0.251879
0.297857 0.202143
0.5 0
0.168296 0.331704
0.193402 0.306598
0.0806713 0.419329
0.257952 0.242048
0.213444 0.286556
0.477761 0.0222389
0.302905 0.197095
2.968e-18 0.5
0.109434 0.390566
0.380606 0.119394
0.238269 0.261731
0.450172 0.0498282
