0.352992 0.147008
0.224631 0.275369
0.347844 0.152156
0.409851 0.0901486
0.404703 0.0952974
0.0728997 0.4271
0.0829076 0.417092
0.004746 0.495254
0.198837 0.301163
0.296827 0.203173
0.138333 0.361667
0.250622 0.249378
0.271295 0.228705
0.103076 0.396924
0.0929763 0.407024
0.193732 0.306268
0.480422 0.0195779
0.123262 0.376738
0.0383775 0.461622
0.0530877 0.446912
0.414996 0.0850039
0.5 0
0.0580178 0.441982
0.203953 0.296047
0.0190617 0.480938
0.0879314 0.412069
0.16339 0.33661
0.45059 0.0494096
0.485336 0.0146645
0.133329 0.366671
0.25581 0.24419
0.301904 0.198096
0.306979 0.193021
0.0629605 0.437039
0.363313 0.136687
0.286648 0.213352
0.378847 0.121153
0.373667 0.126333
0.420142 0.0798575
0.168404 0.331596
0.148352 0.351648
0.337559 0.162441
0.240209 0.259791
0.276421 0.223579
0.445567 0.0544334
0.425254 0.0747458
0.322229 0.177771
0.178501 0.321499
0.394375 0.105625
0.098022 0.401978
0.235008 0.264992
0.108133 0.391867
0.229815 0.270185
0.158365 0.341635
0.128292 0.371708
0.209113 0.290887
0.495129 0.00487057
0.24542 0.25458
0.143344 0.356656
0.0286718 0.471328
0.358144 0.141856
0.183565 0.316435
0.435432 0.0645681
0.475503 0.0244969
0.31713 0.18287
0.00951148 0.490489
0.281544 0.218456
0.3427 0.1573
0.0432628 0.456737
0.455622 0.044378
0.214276 0.285724
0.188631 0.311369
0.312056 0.187944
0.470558 0.0294422
0.399539 0.100461
0.118225 0.381775
0.291743 0.208257
0.266144 0.233856
0.465604 0.0343962
0.490226 0.00977377
0.440495 0.0595047
0.219441 0.280559
0.173453 0.326547
0.389204 0.110796
0.0238633 0.476137
0.368482 0.131518
0.260968 0.239032
0.0481605 0.45184
0.0779148 0.422085
0.0142773 0.485723
0.430347 0.0696528
0.460616 0.039384
0.11319 0.38681
0.153356 0.346644
0.0335116 0.466488
2.08167e-17 0.5
0.332433 0.167567
0.327324 0.172676
0.384032 0.115968
0.0679239 0.432076
