1.01349 0.234263
0.59565 0.852787
0.975004 0.362506
0.507305 0.908122
0.563718 0.874223
0.684713 0.783078
0.331207 0.986076
0.541659 0.888059
0.755606 0.714915
0.552788 0.881175
0.675292 0.791217
1.03809 0.0664507
0.445686 0.939898
0.721114 0.749692
0.376969 0.969504
0.738588 0.732483
0.626391 0.830468
0.263031 1.00641
0.224833 1.01562
0.585145 0.860029
0.95305 0.416821
0.819685 0.640437
0.891408 0.53613
0.78838 0.678602
0.24444 1.01108
1.00002 0.286358
0.849557 0.600246
0.910941 0.502225
0.703166 0.766552
0.362117 0.975149
0.574509 0.86717
0.518929 0.90153
6.36947e-17 1.04021
1.02906 0.151914
0.827292 0.63058
0.935561 0.454718
1.04021 0
0.346902 0.980664
1.00465 0.269678
0.747146 0.723751
0.95868 0.403703
0.884679 0.547163
0.941484 0.442325
0.811985 0.650173
0.606008 0.845457
0.796338 0.669246
0.18227 1.02412
0.694004 0.774856
0.780323 0.687851
0.616262 0.838012
0.842228 0.610488
0.495454 0.914641
0.863904 0.579408
0.530369 0.894847
0.904522 0.513696
0.636405 0.82282
0.665753 0.79926
0.1042 1.03498
1.03543 0.099664
1.00915 0.252321
0.391403 0.963767
0.995252 0.302518
0.87093 0.568791
0.772175 0.696986
0.923438 0.478858
0.763942 0.706
0.158745 1.02803
0.94731 0.429705
0.985359 0.333335
0.85679 0.589877
0.28093 1.00156
0.43257 0.946006
1.02167 0.195559
0.969663 0.376559
0.298261 0.996536
0.729907 0.741134
0.419204 0.952004
0.917239 0.490628
0.929541 0.466901
0.13309 1.03166
0.804206 0.65977
1.01767 0.215391
0.204185 1.01998
0.656094 0.807208
0.990361 0.318166
0.712202 0.758163
0.483386 0.921076
0.405456 0.95794
0.47104 0.927451
0.458455 0.933736
0.646308 0.815064
0.315034 0.991361
0.83481 0.620592
1.03239 0.127318
0.898012 0.524994
1.02547 0.174495
0.877864 0.55803
0.980241 0.348097
0.964214 0.3903
0.0695029 1.03789
