0.194426 0.980917 0
3.81171e-17 0.6225 0.78262
2.35385e-17 0.384413 0.923161
0.494371 0.869251 0
0.802336 0.515687 0.30054
0.975388 0 0.220495
5.39725e-17 0.881438 0.472301
0.227763 0 0.973717
0.706792 0.305379 0.638113
0.290684 0.956819 0
0.874643 0.484768 0
3.47729e-17 0.567885 0.823108
0.894826 8.87292e-320 0.446414
0.487303 0.794738 0.36184
0.583889 0.647697 0.489451
0.27635 0.536307 0.7975
0.578961 0 0.815355
0.431512 0.902107 0
0.811417 0.584467 0
0.653376 0.757034 0
0.552121 0.833764 0
0.706282 0.647086 0.287133
5.7886e-17 0.94535 0.326057
0.718758 0 0.69526
0.522377 0 0.852715
0.836068 0.421743 0.35089
0.910989 0.265263 0.315809
0.355836 0.817015 0.453726
0.478272 0.684026 0.550785
0.328107 0.439133 0.836366
1.24447e-17 0.203237 0.97913
0.808196 0.310546 0.500381
5.59972e-17 0.914504 0.404576
0.631583 0.695395 0.342824
0.47099 0.549711 0.689917
0.844059 0.53625 0
0.85876 0.296896 0.417594
0.262916 0.924055 0.277485
4.6679e-17 0.762326 0.647193
0.574794 0.765892 0.288135
0.319018 0 0.947749
0.278585 0.784804 0.553601
0.749101 0.359032 0.556726
6.12323e-17 1 0
0.415604 0.284792 0.86381
4.3888e-17 0.716745 0.697336
1 0 0
0.426454 0.755919 0.496712
0.677866 0 0.735185
0.885369 0.378578 0.269814
0.448767 0.846563 0.28625
0.829727 0 0.558169
0.668881 0.605457 0.431301
0.627184 0.552961 0.54852
0.525469 0.440545 0.727875
0.776728 0.629836 0
0.346869 0.88226 0.318275
0.604522 0.796588 1.17833e-90
3.38503e-17 5.10251e-17 1
0.590089 0.307746 0.746383
0.709611 0.502485 0.493924
0.396119 0 0.918199
4.93168e-17 0.805404 0.592726
3.11662e-17 0.508983 0.860777
0.935444 0.353475 0
5.95469e-17 0.972474 0.23301
0.276691 0.86245 0.423818
0.775506 0.450939 0.441865
0.581478 0.492808 0.64732
0.906405 0.42241 0
0.532548 0.597328 0.599661
0.278536 0.682088 0.676146
0.5417 0.274318 0.794551
0.736417 0.676528 0
0.413276 0.49099 0.766898
0.634362 0.35826 0.685007
0.745139 0.566363 0.352137
0.63155 0 0.775335
1.86018e-17 0.30379 0.952739
0.340086 0.723217 0.601082
0.462193 2.65374e-138 0.886779
0.536603 0.724986 0.431801
0.264191 0.257157 0.929555
0.331482 0.598349 0.729451
0.297471 0.354291 0.88656
0.952975 0 0.303048
4.09098e-17 0.668108 0.744064
5.17688e-17 0.845448 0.534057
0.416718 0.64067 0.644893
0.459187 0.366338 0.809286
0.693517 0.720441 0
0.9593 0.282389 0
0.863456 0 0.504424
0.757437 0 0.652908
0.794038 0 0.607868
0.365404 0.930849 0
0.925374 0 0.379056
0.98201 0.18883 0
2.75251e-17 0.449519 0.893271
0.670315 0.44186 0.596186
