0.203366 0.231551 0.0650827
0.314482 0.142646 0.0428721
0.362186 0.125272 0.0125421
0.0636763 0.413281 0.0230427
0.282169 0.0114818 0.206349
0 0.220775 0.279225
0.380064 0.0776431 0.042293
0.269112 0.230888 5.55112e-17
0.455881 0.00215094 0.0419677
0.153075 0.0453282 0.301597
0.110455 0.20363 0.185915
0.0698051 0.286655 0.14354
0.177046 0.138843 0.184111
0.180879 0.274732 0.0443891
0.0615853 0.0894423 0.348972
0.0862453 0.111349 0.302406
0.0514685 0.448532 5.55112e-17
1.12868e-18 0.154655 0.345345
0.134296 0.2992 0.0665039
0.0420972 0.200293 0.25761
0.464016 0.035984 5.55112e-17
0.178911 0.208215 0.112874
0.23942 0.0732864 0.187294
0 0.443217 0.0567828
0.172023 0 0.327977
0.321946 0 0.178054
0.198144 0.0934658 0.20839
0.205239 0.294761 0
0.221968 0.117844 0.160188
0.103934 0.396066 5.55112e-17
0.247861 0.20901 0.0431294
0.292085 0.118503 0.0894123
0.401892 0.0981079 5.55112e-17
0.224392 0.186197 0.0894102
0.345673 0.017496 0.136831
0.267124 0.0970364 0.13584
0.122043 0.340261 0.0376962
0.246321 0.14155 0.112129
0 0.0911659 0.408834
0.0497863 0.320303 0.12991
0.0826396 0.327694 0.0896659
0.036049 0.359353 0.104598
0.0620717 0.157393 0.280535
0.109616 0 0.390384
0.133619 0.229266 0.137115
0.0643018 0.223419 0.212279
0.200651 0.162804 0.136545
0.044682 0.26429 0.191028
0.156515 0.253264 0.090221
0.226543 0.0448442 0.228613
0.196853 0.0316052 0.271541
2.49717e-18 0.342171 0.157829
0.403664 0.0355002 0.0608357
0.0177869 0.306003 0.17621
0.335157 0.164843 5.55112e-17
0.270717 0.165067 0.0642159
0.0866029 0.0446586 0.368738
0 0 0.5
0.255164 0 0.244836
0.0550647 0 0.444935
0.0871071 0.179562 0.233331
0.360547 0.0495474 0.0899054
0.153188 0.115486 0.231326
0.0495497 0.386126 0.0643243
0.133611 0.015818 0.350571
0.213546 0 0.286454
0.131229 0.0905081 0.278263
0.041626 0.133951 0.324423
0.0904754 0.246306 0.163219
0.229202 0.256171 0.0146272
0.0187126 0.0176861 0.463601
0 0.0540381 0.445962
0.337766 0.0980151 0.0642187
0.155367 0.184051 0.160582
0.0153981 0.463902 0.0207
0.0103851 0.409202 0.0804128
0.427693 0.0569889 0.0153181
2.07296e-18 0.284044 0.215956
0.29571 0.191101 0.0131889
0.0884052 0.362981 0.0486141
0 0.380586 0.119414
0.0142982 0.246108 0.239593
0.0121851 0.181787 0.306028
0.272015 0.0558706 0.172114
0.30474 0.0423211 0.152939
0.132049 0.159559 0.208392
0.382077 0 0.117923
0.0137194 0.114845 0.371436
0.0661789 0.0215612 0.41226
0.0402553 0.0649946 0.39475
0.16614 0.319349 0.0145113
0.176201 0.0715065 0.252292
0.316886 0.0717429 0.111371
8.51252e-17 0.5 5.55112e-17
0.5 5.55112e-17 5.55112e-17
0.108212 0.135615 0.256174
0.420338 0 0.0796619
0.111113 0.276335 0.112551
0.10914 0.0655776 0.325283
0.142516 0.357484 0
