0.387814 0.35174 0.928752
0.688916 0.75957 0.291805
0.358402 0.395159 0.923092
0.404526 0.366897 0.915668
0.342721 0.37787 0.936194
0.536013 0.590985 0.707198
0.789725 0.716266 0
0.73289 0.664718 0.397145
0.567508 0.514719 0.741418
0.753905 0.753876 1.08918e-18
0.150736 0.166195 1.04229
0.310188 0.342001 0.961
0.335419 0.304219 0.965219
0.279226 0.253253 0.997295
0.650161 0.71684 0.447361
0.436945 0.396301 0.888103
0.540745 0.490446 0.77702
0.0537564 0.0487561 1.06369
0.641367 0.707145 0.474654
0.29844 0.270679 0.987101
0.468138 0.424593 0.858644
0.403521 0.444905 0.88087
0.723717 0.656398 0.426705
0.716266 0.789725 9.25795e-17
0.613001 0.675869 0.551483
0.43218 0.476503 0.850216
0.714231 0.647795 0.454904
0.446098 0.491849 0.834136
0.526879 0.477869 0.794192
0.559394 0.616765 0.665869
0.473126 0.521648 0.80046
0.707345 0.779888 0.167748
0.373724 0.412052 0.90953
0.59258 0.653354 0.598898
0.554315 0.502754 0.759391
0.674522 0.743699 0.358656
0.080854 0.0733331 1.06056
0.483308 0.438352 0.843186
0.632251 0.697094 0.50102
0.658624 0.726171 0.419037
0.353254 0.320395 0.953551
0.66674 0.735119 0.389564
0.12396 0.11243 1.05295
0.142727 0.129451 1.04861
0.459749 0.5069 0.817548
0.662692 0.601049 0.579898
0.175919 0.193961 1.03351
0.741727 0.672733 0.366026
0.370724 0.33624 0.941386
0.195997 0.177765 1.03281
0.750177 0.680397 0.333159
0.417987 0.460855 0.865795
0.694403 0.62981 0.507785
0.49908 0.550264 0.764742
0.772937 0.70104 0.218662
0.651662 0.591045 0.60225
0.199258 0.219694 1.02408
0.58046 0.526467 0.722911
0.628964 0.570459 0.644735
0.512687 0.464998 0.810945
0.640407 0.580838 0.623865
0.701725 0.773693 0.213735
0.673515 0.610866 0.556707
0.486223 0.536088 0.782879
4.38927e-17 4.83257e-17 1.06616
0.547808 0.60399 0.686881
0.293268 0.323345 0.972699
0.275797 0.304082 0.983958
0.684087 0.620454 0.532695
0.779429 0.706928 0.171596
0.317162 0.28766 0.976403
0.704456 0.638929 0.481886
0.239082 0.216843 1.01613
0.695556 0.766891 0.254525
0.581894 0.641572 0.621681
0.257839 0.284283 0.994688
0.605359 0.54905 0.68468
0.68191 0.751845 0.326237
0.259386 0.235259 1.00701
0.239164 0.263692 1.00497
0.617312 0.559891 0.664944
0.326616 0.360113 0.948864
0.785143 0.712111 0.114676
0.217878 0.197611 1.02478
0.170796 0.154909 1.04093
0.219686 0.242216 1.01478
0.5708 0.629341 0.644065
0.498157 0.451819 0.827285
0.388822 0.428699 0.895397
0.622763 0.686632 0.526692
0.452698 0.410589 0.873603
0.420874 0.381725 0.902138
0.765837 0.6946 0.260243
0.602967 0.664806 0.575471
0.0939728 0.10361 1.05695
0.511627 0.564098 0.746145
0.523967 0.577703 0.726925
0.758231 0.687702 0.298084
0.593065 0.5379 0.704017
0.712297 0.785348 0.112088
