0.878097 0.602463
1.03354 0.256543
1.01457 0.323518
0.730427 0.774914
0.279758 1.0275
0.330225 1.01241
1.06006 0.101472
0.816891 0.683159
0.391383 0.990371
0.73964 0.766126
0.711579 0.792257
0.181089 1.04939
0.863398 0.623345
0.892429 0.581022
1.0649 7.52188e-17
0.824898 0.673468
0.596557 0.88212
1.05001 0.177497
0.982373 0.411048
0.51281 0.933296
0.913221 0.547762
6.52064e-17 1.0649
1.04212 0.219094
0.607842 0.874382
0.682175 0.817712
0.461077 0.959908
1.04616 0.198897
1.05362 0.154577
0.661814 0.834277
0.775209 0.730115
0.72108 0.783619
0.640704 0.850596
0.933239 0.512915
0.57347 0.897301
0.447598 0.966267
0.313934 1.01758
0.692143 0.809292
0.132216 1.05666
1.06274 0.0677778
0.0690648 1.06266
0.840603 0.65376
0.78378 0.720906
0.75771 0.748259
0.988037 0.397238
1.03791 0.238243
0.939726 0.50093
0.970711 0.437876
0.157711 1.05316
0.919983 0.536328
0.585098 0.889762
0.361528 1.00166
0.487351 0.94684
0.433925 0.972484
0.672078 0.826031
0.261783 1.03222
0.899451 0.57009
0.629948 0.858593
0.701948 0.800803
0.525287 0.926331
1.01951 0.307606
0.41999 0.978583
0.792226 0.711613
0.61896 0.866547
0.88531 0.591813
1.02432 0.291182
1.00432 0.35407
0.202899 1.04539
0.870792 0.612974
0.766513 0.739238
0.964718 0.450928
0.297137 1.02261
0.95242 0.476353
0.474323 0.953433
0.549695 0.912059
0.993581 0.383162
0.537577 0.919254
0.808751 0.692775
0.223472 1.04119
0.405814 0.984546
0.80055 0.702236
0.500169 0.940132
0.561674 0.904731
0.976598 0.424586
0.946124 0.488738
0.999008 0.36878
0.832803 0.663668
1.00951 0.338974
0.855902 0.633599
1.029 0.274176
0.848308 0.643731
0.103559 1.05985
0.243019 1.0368
1.05699 0.129602
0.346085 1.0071
0.926647 0.524729
0.95862 0.463749
0.748745 0.75723
0.651308 0.842505
0.376604 0.996085
0.906378 0.559012
