0.670471 0.670471 0.317706
0.685235 0.685235 0.246793
0.68862 0.68862 0.22717
0.457314 0.457314 0.762711
0.077312 0.077312 0.994005
0.604459 0.604459 0.518902
0.703164 0.703164 0.105451
0.227841 0.227841 0.946666
0.636955 0.636955 0.434254
0.707107 0.707107 0
0.623344 0.623344 0.472106
0.444274 0.444274 0.777973
0.645732 0.645732 0.407506
0.338062 0.338062 0.87831
0.345643 0.345643 0.872388
0.26449 0.26449 0.92741
0.330397 0.330397 0.884125
0.524581 0.524581 0.670544
0.632483 0.632483 0.447136
0.641364 0.641364 0.421076
0.674326 0.674326 0.300949
0.512834 0.512834 0.688479
0.246542 0.246542 0.937248
0.681717 0.681717 0.265563
0.618706 0.618706 0.484155
0.208368 0.208368 0.955597
0.0924753 0.0924753 0.991411
0.437656 0.437656 0.785439
0.500881 0.500881 0.705859
0.518736 0.518736 0.679578
0.558347 0.558347 0.613593
0.584613 0.584613 0.562543
0.658418 0.658418 0.364654
0.0604066 0.0604066 0.996344
0.599599 0.599599 0.530059
0.450831 0.450831 0.770391
0.0402287 0.0402287 0.99838
0.694998 0.694998 0.184267
0.494835 0.494835 0.714336
0.662506 0.662506 0.349529
0.396514 0.396514 0.827982
0.579508 0.579508 0.57301
0.589681 0.589681 0.551862
0.290236 0.290236 0.911881
0.53038 0.53038 0.661358
0.132157 0.132157 0.982379
0.30664 0.30664 0.901079
0.691885 0.691885 0.206376
4.32978e-17 4.32978e-17 1
0.470073 0.470073 0.747036
0.547361 0.547361 0.63308
0.255597 0.255597 0.932384
0.594678 0.594678 0.541033
0.5361 0.5361 0.652068
0.177561 0.177561 0.967959
0.614014 0.614014 0.495956
0.506882 0.506882 0.697239
0.678075 0.678075 0.283597
0.488734 0.488734 0.722689
0.430959 0.430959 0.792811
0.106517 0.106517 0.988589
0.1881 0.1881 0.963969
0.375103 0.375103 0.8477
0.198361 0.198361 0.959847
0.574332 0.574332 0.58334
0.35312 0.35312 0.866379
0.166767 0.166767 0.971791
0.281842 0.281842 0.917131
0.705355 0.705355 0.070345
0.382313 0.382313 0.841233
0.463728 0.463728 0.754925
0.218214 0.218214 0.951191
0.389447 0.389447 0.834663
0.314691 0.314691 0.895511
0.541778 0.541778 0.642615
0.322599 0.322599 0.889865
0.476351 0.476351 0.73904
0.650023 0.650023 0.393623
0.424202 0.424202 0.800066
0.360518 0.360518 0.860264
0.609272 0.609272 0.507519
0.563744 0.563744 0.603644
0.70067 0.70067 0.134618
0.273265 0.273265 0.922308
0.367832 0.367832 0.854049
0.569073 0.569073 0.593558
0.417369 0.417369 0.807221
0.41049 0.41049 0.814246
0.627949 0.627949 0.45974
0.66652 0.66652 0.33392
0.482572 0.482572 0.730923
0.155615 0.155615 0.975483
0.65426 0.65426 0.379324
0.552877 0.552877 0.623422
0.237292 0.237292 0.942011
0.403521 0.403521 0.821183
0.119685 0.119685 0.985571
0.697935 0.697935 0.160543
0.298497 0.298497 0.906532
0.144158 0.144158 0.978998
