0.653502 0.336885 0.677822
5.97209e-17 0.975316 0.220812
0.349385 0.684005 0.640365
0.611404 0 0.791319
0.822587 0 0.56864
0.454215 0.266261 0.850173
0.454033 0.890985 3.25263e-17
0.340819 0.791811 0.506831
0.205374 0.978684 6.86447e-17
0.890159 0.455651 0
4.44594e-17 0.726076 0.687614
5.10335e-17 0.833441 0.552608
0.660901 0.750473 3.25263e-17
0.555795 0 0.831319
0.785782 0.618504 0
0.746172 0.665754 0
0.299138 0.750616 0.589145
0.722166 0.561838 0.403501
6.12323e-17 1 3.64974e-17
0.567669 0.823257 3.25263e-17
0.275007 0.447851 0.850765
0.912341 0 0.409431
0.485958 0.755954 0.43861
0.596408 0.7234 0.347837
0.855679 0.517507 0
5.65968e-17 0.924296 0.381676
0.622155 0.478914 0.619326
0.307054 0.951692 3.64974e-17
0.98263 0 0.185578
0.788368 0 0.615204
0.884537 0 0.46647
0.513073 0.858345 3.25263e-17
0.419974 0 0.907536
4.67954e-17 0.764227 0.644947
0.588672 0.585345 0.557527
0.514963 0.335748 0.788725
0.284501 0.646378 0.707993
0.547165 0.67859 0.490027
2.60331e-17 0.425153 0.905121
0.48534 0.636514 0.599412
0.771004 0.449779 0.450834
1.76219e-17 0.287787 0.957694
0.337413 0 0.941357
0.948513 0.316738 3.25263e-17
2.98637e-17 0.487711 0.873005
0.566809 0.421274 0.707994
0.423528 0.591217 0.686358
0.529804 0.537699 0.655886
0.309095 0.573251 0.758843
3.63364e-17 0.593418 0.804895
0.973527 0.228573 3.25263e-17
1 3.11486e-17 0
0.854623 0 0.519249
0.903128 0.295401 0.311606
0.346035 0.504077 0.791307
0.921904 0.387419 0
0.678204 0.527344 0.511808
3.90859e-17 0.638321 0.76977
0.239619 0 0.970867
0.7046 0 0.709605
0.638663 0.630296 0.441403
5.82567e-17 0.951403 0.307947
0.284096 0.261663 0.9224
3.33872e-17 0.545254 0.838271
5.50285e-17 0.898684 0.438597
0.470415 0.477424 0.742143
0.805778 0.494193 0.326335
0.758192 0.350594 0.549753
0.337554 0.332684 0.880556
0.722266 0.281161 0.631886
0.433911 0.717239 0.545243
0.937758 0 0.347289
0.411406 0.401484 0.818264
0.592719 0.282503 0.754238
0.663225 0 0.74842
0.528353 0.792574 0.304417
0.408479 0.820813 0.399262
0.697422 0.426591 0.575866
2.21068e-17 0.361032 0.932553
1.18122e-17 0.192907 0.981217
4.89775e-17 0.799863 0.600183
5.31035e-17 0.867246 0.49788
0.813191 0.302168 0.497409
0.257152 0.932996 0.251776
0.618324 0.785923 3.25263e-17
4.18538e-17 0.683524 0.729928
3.43512e-17 5.06892e-17 1
0.677802 0.669395 0.304131
0.960674 0 0.277678
0.754092 0.592253 0.283869
0.845994 0.348541 0.403501
0.866923 0.416994 0.273059
0.491275 0 0.871004
0.823027 0.568002 0
0.747869 0 0.663847
0.704724 0.709481 0
0.322982 0.888104 0.327038
0.440778 0.851558 0.283838
0.278534 0.849391 0.448279
0.389729 0.92093 3.25263e-17
