4.48777e-17 0.732909 0.680327
0.51117 9.99654e-18 0.859479
5.53531e-17 0.903984 0.427565
0.789555 0.61368 0
0.949874 1.85759e-17 0.312632
0.484863 0.679599 0.550503
0.97386 6.64801e-17 0.227151
0.384472 0.923137 7.43939e-17
0.313805 0.949487 7.43939e-17
0.600555 0.33008 0.728273
0.618911 4.68658e-17 0.785461
0.396114 0.874729 0.279182
0.295383 0.859589 0.416961
0.834369 0.467283 0.292361
0.448083 0.760232 0.470392
0.729376 0.504089 0.462499
0.326447 0.333732 0.884339
0.465705 0.519996 0.716047
0.277822 0.911459 0.30341
0.775873 0.531491 0.33991
0.437399 0.304253 0.846234
0.452137 0.891948 0
4.72281e-17 0.771293 0.63648
0.92942 0.369023 1.84794e-17
0.645053 0.689293 0.329822
0.425691 0.621561 0.657608
0.749775 1.46627e-17 0.661693
0.739436 0.601626 0.302126
0.669255 0.743033 1.84794e-17
0.892753 6.09433e-17 0.450547
5.35073e-17 0.87384 0.486214
0.527073 0.58659 0.614903
0.586992 0.64952 0.483285
0.2273 0.973825 7.43939e-17
1.42913e-17 0.233395 0.972382
0.533176 0.278114 0.798984
0.561809 0.469203 0.681336
3.91749e-17 0.639774 0.768563
0.955904 0.29368 0
0.858498 1.67889e-17 0.512818
1 7.5723e-17 2.92684e-17
0.695528 0.453387 0.557387
0.71116 0.70303 7.43939e-17
6.02776e-17 1.07707e-17 1
0.513625 0.858014 0
0.283534 0.659903 0.6958
0.751553 0.659673 1.84794e-17
0.454095 8.88036e-18 0.890953
0.5665 0.824062 1.84794e-17
0.391523 7.65669e-18 0.920168
0.773804 0.356168 0.523806
0.980557 0.196233 2.92684e-17
0.825173 0.56488 2.92684e-17
0.864478 0.32421 0.384142
0.735129 0.312955 0.601369
0.345635 0.579875 0.737754
0.83375 0.274461 0.479095
5.15105e-17 0.84123 0.540677
3.29992e-17 0.538918 0.842358
0.5025 0.405605 0.76353
0.680368 0.620213 0.390428
6.01243e-17 0.981905 0.189377
0.680776 0.277775 0.677779
0.257051 0.266541 0.928914
0.417827 0.827228 0.375651
2.92121e-17 0.47707 0.878865
0.922705 6.987e-17 0.385506
0.619617 0.784904 0
0.786738 1.53856e-17 0.617286
0.328477 0.801761 0.499281
0.401012 0.430346 0.808698
0.306288 0.530163 0.790642
2.50101e-17 0.408446 0.912782
0.882237 0.39703 0.253031
0.306214 0.755457 0.579239
0.358967 0.701148 0.616064
2.01372e-17 0.328865 0.944377
3.6209e-17 0.591337 0.806424
0.821542 6.22096e-17 0.570148
5.87218e-17 0.959001 0.283404
0.272794 0.447387 0.851721
0.70733 1.38327e-17 0.706883
0.645255 0.57049 0.508121
0.505714 0.800715 0.321106
0.801923 0.421757 0.423132
0.648296 0.408598 0.642464
0.609622 0.527232 0.591935
4.94399e-17 0.807415 0.589983
0.207187 1.41435e-17 0.978301
5.713e-17 0.933004 0.359865
4.21263e-17 0.687975 0.725735
0.309602 2.11348e-17 0.950866
0.861451 0.50784 7.43939e-17
0.546317 0.72437 0.420508
0.589658 0.757799 0.279365
0.914723 0.27764 0.293596
0.662298 1.2952e-17 0.749241
0.897035 0.44196 2.92684e-17
6.12323e-17 1 1.84794e-17
0.567032 1.1089e-17 0.823696
