0.349021 0.305814 0.988023
0.577047 0.505611 0.776468
0.600109 0.684897 0.601924
0.747899 0.655312 0.450268
0.657112 0.575765 0.65439
0.457137 0.521724 0.842827
0.134353 0.117721 1.07686
0.413471 0.471889 0.893247
0.704794 0.617543 0.559851
0.509981 0.582034 0.769859
0.398013 0.454247 0.909271
0.502895 0.440639 0.862822
0.568549 0.648878 0.668758
0.628866 0.717716 0.530036
0.821001 0.719364 3.07647e-17
0.0553729 0.0631963 1.08833
0.442911 0.505488 0.860139
0.609988 0.696171 0.578609
0.767675 0.67264 0.386987
0.21803 0.248835 1.04023
4.40566e-17 5.02646e-17 1.09157
0.662955 0.756622 0.423724
0.692455 0.790289 0.295765
0.757481 0.785971 1.58886e-17
0.172032 0.196337 1.0599
0.366138 0.417868 0.939605
0.332619 0.379614 0.967877
0.654835 0.747354 0.451864
0.219057 0.191938 1.052
0.428432 0.488964 0.876863
0.0949462 0.0831923 1.08425
0.591115 0.517937 0.757531
0.670783 0.765555 0.394338
0.55743 0.636188 0.689974
0.637839 0.727958 0.504744
0.315143 0.359669 0.98125
0.802316 0.702992 0.231557
0.368151 0.322575 0.975673
0.534318 0.60981 0.730864
0.278491 0.317838 1.00645
0.644458 0.564677 0.67627
0.533326 0.467302 0.829892
0.589867 0.673208 0.6248
0.737574 0.646265 0.479431
0.243057 0.212967 1.04264
0.785958 0.688659 0.315509
0.710571 0.810965 0.170151
0.562731 0.493067 0.794825
0.404616 0.354526 0.949802
0.678328 0.774166 0.363408
0.470896 0.537427 0.825201
0.193784 0.169794 1.06073
0.195757 0.223414 1.05038
0.715451 0.816534 0.113706
0.681474 0.59711 0.608753
0.685561 0.782422 0.33068
0.604877 0.529995 0.738076
0.786156 0.757289 9.50746e-17
0.308962 0.270714 1.01133
0.705032 0.804644 0.216809
0.631575 0.553388 0.697425
0.744285 0.743775 0.290458
0.382221 0.436223 0.92474
0.471514 0.413142 0.893597
0.51824 0.454084 0.846618
0.439009 0.384661 0.922407
0.698976 0.797732 0.258038
0.546001 0.623143 0.710706
0.794445 0.696096 0.275383
0.719364 0.821001 0
0.646503 0.737845 0.478693
0.618376 0.541823 0.71803
0.166864 0.146207 1.06879
0.329314 0.288547 0.99991
0.386612 0.338751 0.962968
0.497351 0.56762 0.788655
0.110275 0.125856 1.07867
0.669447 0.586573 0.631902
0.422046 0.369799 0.936298
0.815894 0.714889 0.121568
0.287835 0.252203 1.02229
0.726952 0.636958 0.507299
0.484302 0.552727 0.807138
0.455494 0.399106 0.908167
0.80953 0.709314 0.181831
0.297118 0.339097 0.994114
0.522305 0.5961 0.750593
0.349567 0.398956 0.954026
0.239086 0.272866 1.02952
0.716006 0.627367 0.53411
0.757942 0.664112 0.419532
0.693307 0.607478 0.584657
0.259181 0.2958 1.01826
0.777022 0.68083 0.35247
0.579374 0.661232 0.647012
0.265952 0.233029 1.03271
0.619577 0.707114 0.554655
0.487312 0.426985 0.878486
0.143288 0.163532 1.0697
0.548172 0.480311 0.812611
