0.415887 0.376694 0.907696
0.700315 0.634318 0.495956
0.405971 0.44821 0.879244
0.0860318 0.0779242 1.0608
0.293316 0.323833 0.973587
0.110044 0.0996735 1.05675
0.707062 0.780627 0.171635
0.656426 0.724723 0.427383
0.366004 0.404084 0.917349
0.710703 0.643727 0.468285
0.171108 0.18891 1.03625
0.790924 0.716388 8.01202e-17
0.54844 0.605501 0.686553
0.56733 0.513866 0.74354
0.190802 0.210653 1.02859
0.580801 0.526067 0.724359
0.553653 0.501477 0.762077
0.664798 0.733966 0.397631
0.492469 0.543708 0.775003
0.629553 0.695054 0.509251
0.610448 0.673961 0.558482
0.730479 0.661639 0.409154
0.39865 0.361081 0.921668
0.261616 0.236962 1.00706
0.525473 0.475953 0.797572
0.379635 0.419133 0.904974
0.146811 0.162086 1.04448
0.245082 0.270582 1.00274
0.362754 0.328569 0.948275
0.156149 0.141434 1.04613
0.701181 0.774134 0.218711
0.515421 0.569048 0.741147
0.779938 0.706438 0.177243
0.465316 0.421465 0.862915
0.644083 0.583385 0.619348
0.569817 0.629103 0.64677
0.620076 0.684592 0.534427
0.304317 0.275639 0.984981
0.667411 0.604515 0.572624
0.352089 0.388722 0.929356
0.308502 0.340599 0.963116
0.748828 0.678259 0.343503
0.185977 0.16845 1.03721
0.45649 0.503985 0.822429
0.392971 0.433857 0.892253
0.689634 0.624643 0.522494
0.786035 0.71196 0.118469
0.678675 0.614717 0.547993
0.504043 0.556486 0.758312
0.619679 0.561282 0.663124
0.46866 0.517421 0.807098
0.526642 0.581436 0.723431
0.323317 0.356956 0.952272
0.480666 0.530676 0.791275
0.754597 0.754557 0
4.82304e-17 4.40857e-17 1.06713
0.712236 0.78634 0.114725
0.449278 0.406938 0.878251
0.510898 0.462751 0.814627
0.432817 0.392029 0.893172
0.694742 0.767026 0.260343
0.632026 0.572464 0.641562
0.261733 0.288964 0.993362
0.757378 0.686004 0.307491
0.64774 0.715133 0.455841
0.672855 0.742861 0.366329
0.580233 0.640602 0.625885
0.773018 0.70017 0.225783
0.380973 0.345071 0.935179
0.600558 0.663043 0.581788
0.720757 0.652834 0.43942
0.687844 0.75941 0.29823
0.594064 0.53808 0.704507
0.539704 0.488843 0.78008
0.431525 0.476423 0.85181
0.590493 0.65193 0.604217
0.283324 0.256624 0.996316
0.227768 0.251465 1.01176
0.765461 0.693324 0.268598
0.209709 0.231528 1.02039
0.418761 0.46233 0.865831
0.444081 0.490285 0.837369
0.739848 0.670125 0.377267
0.638791 0.705253 0.483051
0.65588 0.594071 0.596384
0.716388 0.790924 0
0.214734 0.194497 1.02705
0.324667 0.294071 0.973081
0.0518343 0.0572274 1.06434
0.680541 0.751348 0.333337
0.559209 0.617391 0.666998
0.480835 0.435521 0.847285
0.238877 0.216366 1.0173
0.344026 0.311605 0.960896
0.607021 0.549816 0.684105
0.11915 0.131547 1.05227
0.337843 0.372993 0.941016
0.277835 0.306742 0.983611
0.496019 0.449274 0.831199
0.537597 0.59353 0.705326
