0.746455 2.74365
0.251147 3.5732
0.136859 3.73165
0.125949 3.75726
0.0984329 3.8228
0.103988 3.80965
0.120469 3.7703
0.810696 2.39699
0.736709 2.81153
0.674715 3.27415
0.794572 2.46329
0.720515 2.92931
0.762889 2.63627
0.638375 3.52983
0.714039 2.97765
0.739953 2.78864
0.176613 3.64755
0.694415 3.12604
0.743205 2.76598
0.752974 2.69988
0.756255 2.67841
0.654998 3.41689
0.0512913 3.92487
0 4
0.769614 2.59543
0.798428 2.44596
0.153458 3.69427
0.0312727 3.95964
0.648405 3.46264
0.849233 2.31105
0.835487 2.3292
0.687839 3.17582
0.0381692 3.94839
0.829822 2.34081
0.730236 2.85797
0.20265 3.60624
0.82462 2.35354
0.164814 3.6704
0.790813 2.48103
0.664863 3.34644
0.759558 2.65721
0.802379 2.42915
0.115011 3.78334
0.0575738 3.9127
0.78354 2.51763
0.723774 2.90521
0.651707 3.43987
0.710779 3.00216
0.859349 2.307
0.773032 2.57546
0.210026 3.59724
0.733474 2.83461
0.0814526 3.86198
0.819744 2.36723
0.691126 3.15096
0.0871666 3.84901
0.237155 3.57613
0.182755 3.63659
0.704236 3.05159
0.717307 2.95319
0.142331 3.71907
0.147881 3.70655
0.0697384 3.88765
0.658284 3.39367
0.109509 3.79649
0.677982 3.24985
0.0165538 3.98087
0.195714 3.61586
0.681269 3.22527
0.00857418 3.99073
0.64508 3.48526
0.806465 2.41279
0.661567 3.37022
0.700962 3.07639
0.044834 3.93678
0.0928445 3.83589
0.776488 2.55582
0.841798 2.31908
0.0756406 3.87489
0.749709 2.72162
0.217983 3.58903
0.17065 3.65882
0.726989 2.8816
0.0637202 3.90027
0.131396 3.7444
0.707518 3.02676
0.779985 2.53656
0.671432 3.29842
0.766237 2.61569
0.189101 3.62601
0.684556 3.20057
0.635018 3.5516
0.668137 3.3226
0.0240903 3.97049
0.787142 2.49914
0.641744 3.50761
0.159098 3.68221
0.226809 3.58185
0.697701 3.10113
0.815119 2.38174
