0.390377 0.920655 0
0.462947 0.454669 0.760892
0.29972 0.903374 0.306731
0.320886 0.518434 0.792627
1.35594e-17 0.221441 0.975174
5.73204e-17 0.936113 0.351698
0.649204 0.677339 0.346045
0.544137 0 0.838996
0.901921 0.431902 0
5.87664e-17 0.959728 0.280932
0.812277 0.513811 0.276052
4.77741e-17 0.780211 0.625517
0.735365 0 0.677671
0.712162 0.702015 0
0.454638 0.620148 0.639313
0.612598 0.621887 0.487832
0.812556 6.74704e-17 0.582884
0.459055 0.888408 5.28328e-17
0.348845 0.731187 0.586236
0.503048 0.799813 0.327479
5.38632e-17 0.879652 0.475618
0.926017 0.259094 0.274523
0.272937 0.859447 0.432268
0.52155 0.853221 5.28328e-17
0.47668 0.7043 0.526059
3.0176e-17 0.492812 0.870136
4.98747e-17 0.814516 0.580142
0.309197 0.797201 0.518525
0.43932 0.768804 0.464692
0.656954 0.505949 0.558952
0.230018 0.973186 7.65124e-17
0.618049 0.439046 0.652115
0.370098 0.423012 0.827096
0.755185 0.655512 0
0.28232 0 0.95932
0.592887 0.753464 0.284213
0.886582 0.354637 0.296994
0.358815 0 0.933409
0.755102 0.553447 0.351451
0.764551 0.301338 0.569786
0.672337 0.740246 0
0.554287 0.718776 0.419675
0.847683 0 0.530503
0.930911 0.365245 0
4.34479e-17 0.709557 0.704648
3.85392e-17 0.629392 0.777088
1 0 7.65124e-17
0.640491 0 0.767966
3.58514e-17 0.585498 0.810674
2.27396e-17 0.371367 0.928486
0.414083 0.563961 0.714482
0.286757 0.381516 0.878758
0.730514 0.439012 0.523085
0.915803 0 0.401627
0.1884 0 0.982092
0.593908 0 0.804533
5.57227e-17 0.91002 0.414564
0.52333 0.64693 0.554624
5.18578e-17 0.846903 0.531748
0.700081 0.352953 0.620734
0.773722 0.46729 0.427779
0.946272 0 0.323371
4.10625e-17 0.670602 0.741818
3.7298e-18 6.11186e-17 1
3.31076e-17 0.540688 0.841223
0.834503 0.551004 0
0.57239 0.819982 5.28328e-17
0.863196 0.276254 0.422583
0.795481 0.605979 0
0.689468 0 0.724316
0.422761 0.86513 0.269857
0.388777 0.832247 0.395243
0.624027 0.781402 0
0.3067 0.272017 0.912108
0.956998 0.290095 0
0.29696 0.609585 0.734997
0.838276 0.419111 0.348769
0.324361 0.675479 0.662207
4.56702e-17 0.745851 0.666113
6.12323e-17 1 5.28328e-17
0.577138 0.358542 0.73373
0.658162 0.287709 0.695735
2.66329e-17 0.434948 0.900455
0.80821 0.336816 0.483064
0.689332 0.573264 0.442933
0.31853 0.947913 7.65124e-17
0.883153 0 0.469084
1.86473e-17 0.304533 0.952502
0.524851 0.503539 0.68628
0.972996 0 0.230821
0.775125 0 0.631808
0.870646 0.491909 7.65124e-17
0.426438 0 0.904517
0.981012 0.193946 7.65124e-17
0.435279 0.290305 0.852206
0.487662 0 0.873033
0.515583 0.32032 0.794713
0.570097 0.559556 0.60157
0.72131 0.629254 0.289397
6.01422e-17 0.982197 0.187855
