0.265593 0.265593 0.92678
0.582623 0.582623 0.566658
0.635215 0.635215 0.439323
0.398176 0.398176 0.826385
0.660344 0.660344 0.357618
0.69415 0.69415 0.190556
0.405415 0.405415 0.819316
0.612154 0.612154 0.500535
0.602507 0.602507 0.523421
0.361362 0.361362 0.859555
0.664223 0.664223 0.34295
0.616898 0.616898 0.488747
0.671667 0.671667 0.312614
0.14142 0.14142 0.979796
0.65637 0.65637 0.371964
0.228982 0.228982 0.946115
0.556575 0.556575 0.616805
0.390947 0.390947 0.833259
0.561899 0.561899 0.607074
0.480529 0.480529 0.733611
0.383631 0.383631 0.840032
0.426738 0.426738 0.797364
0.460939 0.460939 0.758333
0.630735 0.630735 0.452046
0.643911 0.643911 0.413228
0.68835 0.68835 0.228797
0.511381 0.511381 0.690636
0.447468 0.447468 0.774303
0.338548 0.338548 0.877935
0.551182 0.551182 0.626416
0.567167 0.567167 0.597196
0.440635 0.440635 0.782101
0.15389 0.15389 0.976031
0.592664 0.592664 0.545434
0.454229 0.454229 0.766389
0.696823 0.696823 0.169928
0.648146 0.648146 0.399766
0.652298 0.652298 0.386023
0.376254 0.376254 0.846679
0.291013 0.291013 0.911385
0.368824 0.368824 0.853193
0.699337 0.699337 0.147836
0.675241 0.675241 0.296814
0.307249 0.307249 0.900664
0.639596 0.639596 0.426421
0.247551 0.247551 0.936716
0.505338 0.505338 0.699476
0.668002 0.668002 0.327942
0.68525 0.68525 0.24671
0.540205 0.540205 0.645258
0.682013 0.682013 0.264038
0.621567 0.621567 0.47677
0.703782 0.703782 0.0968641
0.1882 0.1882 0.96393
0.678698 0.678698 0.280604
0.330851 0.330851 0.883784
0.499264 0.499264 0.708146
0.626188 0.626188 0.464518
0.323082 0.323082 0.889514
0.534632 0.534632 0.654475
0.274263 0.274263 0.921715
0.57752 0.57752 0.57701
0.0994642 0.0994642 0.990057
0.256744 0.256744 0.931754
0.0832673 0.0832673 0.993042
0.597625 0.597625 0.534499
0.353784 0.353784 0.865837
0.467549 0.467549 0.750197
0.114346 0.114346 0.986838
0.0433596 0.0433596 0.998118
0.412567 0.412567 0.812143
0.572371 0.572371 0.587181
0.52894 0.52894 0.663661
0.523183 0.523183 0.672725
0.69133 0.69133 0.210059
0.433722 0.433722 0.789792
0.346199 0.346199 0.871947
0.198862 0.198862 0.959639
0.282722 0.282722 0.916589
0.607359 0.607359 0.512084
0.493097 0.493097 0.716736
0.587658 0.587658 0.556162
0.238418 0.238418 0.941442
4.32978e-17 4.32978e-17 1
0.707107 0.707107 0
0.486867 0.486867 0.725204
0.705629 0.705629 0.0646133
0.701657 0.701657 0.123916
0.16583 0.16583 0.972112
0.41968 0.41968 0.804821
0.0650914 0.0650914 0.995754
0.209142 0.209142 0.955259
0.474062 0.474062 0.741977
0.299194 0.299194 0.906072
0.315206 0.315206 0.895148
0.545732 0.545732 0.635888
0.517314 0.517314 0.681742
0.219173 0.219173 0.95075
0.128257 0.128257 0.983413
0.177255 0.177255 0.968071
