0.986013 0.166666
0.957341 0.288961
0.71395 0.700196
0.274989 0.961447
0.869614 0.493731
0.319654 0.947534
0.621357 0.783528
0.830375 0.557206
0.722571 0.691296
0.527569 0.849512
0.809231 0.587491
0.937875 0.346974
0.687419 0.726261
0.911004 0.412398
0.146411 0.989224
0.982403 0.186772
0.887871 0.460092
0.659882 0.751369
0.823449 0.56739
0.505528 0.86281
0.360738 0.932667
0.974662 0.223681
0.970549 0.240904
0.650446 0.759553
0.989407 0.14517
0.516637 0.856205
0.333705 0.942678
0.961885 0.273456
0.997978 0.0635665
0.631179 0.775637
0.259084 0.965855
0.58077 0.814068
0.816406 0.577478
0.669188 0.743094
0.966287 0.257467
0.471401 0.881919
0.482866 0.875694
0.611394 0.791326
6.12323e-17 1
0.78709 0.616839
0.779442 0.626474
0.225421 0.974261
0.30521 0.952285
0.881869 0.471494
0.763777 0.64548
0.893769 0.448527
0.731057 0.682316
0.570328 0.821417
0.80199 0.597337
0.60129 0.799031
0.640871 0.767649
1 0
0.771682 0.636008
0.424051 0.905638
0.696367 0.717686
0.399339 0.916803
0.995447 0.0953216
0.905355 0.424656
0.373835 0.927495
0.678366 0.734725
0.411796 0.911276
0.188358 0.9821
0.0643074 0.99793
0.242571 0.970134
0.538464 0.842648
0.559826 0.82861
0.942919 0.333021
0.747654 0.664089
0.927445 0.37396
0.794593 0.607143
0.168081 0.985773
0.899613 0.436688
0.837204 0.546891
0.952658 0.304045
0.84389 0.536517
0.122742 0.992439
0.207382 0.97826
0.347374 0.937727
0.850457 0.526044
0.38668 0.922214
0.448005 0.894031
0.916578 0.399856
0.947852 0.318712
0.992567 0.121702
0.875784 0.482703
0.932703 0.360646
0.739435 0.673228
0.494268 0.86931
0.290325 0.956928
0.922066 0.387033
0.43615 0.899874
0.755782 0.654824
0.863327 0.504644
0.97862 0.205678
0.0962428 0.995358
0.856933 0.515427
0.45977 0.888038
0.705215 0.708994
0.54917 0.83571
0.591094 0.806603
