0 0.5
0.0476374 0.452363
0.373791 0.126209
0.408057 0.091943
0.368899 0.131101
0.484244 0.0157558
0.283529 0.216471
0.0428404 0.45716
0.184829 0.315171
0.106851 0.393149
0.153246 0.346754
0.422879 0.077121
0.479017 0.0209828
0.489479 0.0105213
0.111941 0.388059
0.137632 0.362368
0.403144 0.0968563
0.200597 0.299403
0.179555 0.320445
0.0573222 0.442678
0.473841 0.0261594
0.231906 0.268094
0.19009 0.30991
0.359042 0.140958
0.0967495 0.40325
0.383558 0.116442
0.0332774 0.466723
0.0670613 0.432939
0.33917 0.16083
0.221505 0.278495
0.354092 0.145908
0.117022 0.382978
0.0189882 0.481012
0.237089 0.262911
0.216298 0.283702
0.417925 0.0820752
0.0768743 0.423126
0.273257 0.226743
0.324135 0.175865
0.158483 0.341517
0.432921 0.067079
0.257787 0.242213
0.278401 0.221599
0.163752 0.336248
0.052479 0.447521
0.247445 0.252555
0.314066 0.185934
0.288651 0.211349
0.5 0
0.242276 0.257724
0.0621826 0.437817
0.44812 0.0518804
0.101789 0.398211
0.148014 0.351986
0.309027 0.190973
0.0380527 0.461947
0.13244 0.36756
0.0917517 0.408248
0.262953 0.237047
0.268109 0.231891
0.142803 0.357197
0.398222 0.101778
0.12215 0.37785
0.38844 0.11156
0.226705 0.273295
0.0867966 0.413203
0.205836 0.294164
0.0237335 0.476267
0.33418 0.16582
0.303946 0.196054
0.127289 0.372711
0.195356 0.304644
0.211074 0.288926
0.00475032 0.49525
0.298859 0.201141
0.0285071 0.471493
0.319115 0.180885
0.453206 0.0467942
0.349142 0.150858
0.0142438 0.485756
0.16902 0.33098
0.427875 0.0721251
0.46346 0.0365396
0.458306 0.0416936
0.293763 0.206237
0.329161 0.170839
0.494737 0.00526285
0.437972 0.0620276
0.378678 0.121322
0.252615 0.247385
0.363991 0.136009
0.0818059 0.418194
0.443051 0.0569492
0.174292 0.325708
0.071955 0.428045
0.393326 0.106674
0.34415 0.15585
0.41298 0.0870198
0.0094968 0.490503
0.468654 0.0313457
