0.840408 0.541955 7.31996e-18
4.86524e-17 3.71799e-17 1
0.321901 0.55987 0.763495
0.359734 0.834155 0.418064
0.808763 0.497636 0.313465
0.775898 0.403853 0.484649
0.364329 1.21987e-17 0.93127
0.448462 0.773831 0.44729
4.48468e-17 0.732404 0.68087
2.63548e-17 0.430407 0.902635
0.660204 0.571213 0.487695
0.48789 3.48748e-17 0.872905
5.97185e-17 0.975277 0.220985
0.416107 0.860501 0.293928
5.32173e-17 0.869104 0.494629
2.2572e-17 0.368629 0.929577
0.341729 0.35681 0.86943
0.594056 1.98905e-17 0.804424
0.306098 0.913415 0.268286
0.430569 3.07774e-17 0.902558
0.364301 0.931281 7.31996e-18
0.362248 0.747576 0.556693
0.190944 0.981601 7.31996e-18
5.11774e-17 0.835791 0.549048
4.04451e-17 0.660518 0.75081
1 3.34826e-17 0
0.597334 0.801993 7.31996e-18
0.500253 0.807571 0.312373
5.68898e-17 0.929081 0.369876
0.296401 0.472074 0.830236
0.853111 0.289026 0.434356
0.453558 0.521336 0.722838
0.702147 0.623121 0.344542
0.193723 1.38475e-17 0.981056
0.570581 0.459817 0.680446
0.457847 0.30934 0.833477
3.26169e-17 0.532674 0.846321
0.567483 0.745175 0.350252
0.669757 0.369651 0.644037
0.286131 0.285531 0.914659
2.95945e-17 0.483315 0.875447
0.556291 0.279241 0.782665
0.803193 0.595719 0
0.448532 0.664295 0.597939
0.433755 0.901031 6.59194e-17
0.903593 0.428392 7.31996e-18
0.883125 0.353696 0.308203
0.830212 0.418301 0.368474
0.274974 0.88178 0.383214
0.639821 0.768524 0
5.51286e-17 0.900319 0.435231
0.623851 0.319675 0.713174
4.25955e-17 0.695637 0.718394
0.652375 0.699552 0.291605
0.412202 0.442022 0.796684
0.291179 0.808466 0.511466
0.810995 5.79707e-17 0.585052
0.289496 2.06934e-17 0.957179
0.643772 0 0.765218
0.924494 0.261423 0.277433
0.957548 0.288273 7.31996e-18
0.508116 0.705079 0.494653
0.945181 6.75624e-17 0.326548
0.98124 0.192788 6.59194e-17
0.492919 0.870075 6.59194e-17
4.69771e-17 0.767195 0.641414
0.873452 0.48691 0
0.972475 7.95341e-17 0.233008
3.54599e-17 0.579105 0.815253
4.89908e-17 0.800081 0.599892
0.540885 0 0.841097
0.547408 0.836866 6.59194e-17
0.914124 3.06072e-17 0.405436
0.798921 0.279122 0.532745
0.72824 5.95593e-17 0.685322
0.285386 0.958413 6.59194e-17
0.702441 0.45649 0.546072
6.12323e-17 1 6.59194e-17
0.849066 6.94411e-17 0.528287
0.564229 0.61729 0.548269
0.611228 0.662803 0.432542
0.738423 0.521593 0.427401
0.506292 0.573395 0.644117
5.83504e-17 0.952934 0.303179
0.932066 0.362288 0
1.83441e-17 0.299583 0.95407
0.687134 5.61975e-17 0.72653
3.80151e-17 0.620833 0.783943
0.763318 0.646023 7.31996e-18
0.727495 0.686113 7.31996e-18
1.34068e-17 0.21895 0.975736
0.617551 0.512724 0.596443
0.882848 6.31068e-17 0.469659
0.359743 0.626713 0.691243
0.685041 0.728505 0
0.770334 6.3002e-17 0.637641
0.312837 0.707118 0.634127
0.770733 0.572397 0.27988
0.517178 0.403557 0.754764
0.739359 0.310786 0.597294
