0.126262 0.326572 0.0471656
0.0508269 0.328944 0.12023
0.0992573 0.305974 0.0947687
0.0677654 0.225218 0.207017
0.0305354 0.00199208 0.467473
0.0461447 0.267624 0.186232
0.144083 0.219955 0.135962
0.390218 0 0.109782
0.147121 0.28017 0.0727093
0.280178 0.0383831 0.181439
0.257181 0.145034 0.0977843
0.119633 0.198731 0.181636
0.350809 0.0223311 0.12686
0.013337 0.416378 0.0702855
0.305754 0.0521312 0.142115
0.0109171 0.116612 0.372471
2.00932e-18 0.0469724 0.453028
0.202186 0.248072 0.0497416
0.127767 0.020934 0.351299
6.72537e-18 0.157221 0.342779
0.102443 0.0694048 0.328152
0.120624 0.262612 0.116764
0 0.350253 0.149747
0.34587 0.15413 5.55112e-17
0.420053 0.0474794 0.0324679
0.335024 0 0.164976
0.0919823 0.182313 0.225705
0.0714327 0.286904 0.141663
0.0326986 0.467301 5.55112e-17
0.0599815 0.163535 0.276484
1.24379e-17 0.290764 0.209236
0.0472109 0.432343 0.0204459
0.08163 0.117018 0.301352
0.382417 0.0770091 0.0405738
0.186129 0.0335419 0.280329
0.265886 0.234114 5.55112e-17
1.66875e-17 0.390109 0.109891
0.257283 0.0206043 0.222113
0.241069 0 0.258931
0.3673 0.0495326 0.0831674
0.11096 0 0.38904
0.164814 0.0767942 0.258392
0.183837 0.100895 0.215268
0.30149 0.121784 0.0767257
0.255547 0.081248 0.163205
0.225604 0.271281 0.00311497
0.10378 0.143388 0.252832
0.0104161 0.187291 0.302293
0.0368319 0.369251 0.0939175
0.0609825 0.39122 0.0477974
0.0192373 0.312296 0.168467
0.0881071 0.411893 5.55112e-17
0.346615 0.100819 0.0525664
0.28119 0.0987422 0.120067
0.0755149 0 0.424485
0.236302 0.118707 0.144991
0.303975 0.193891 0.00213415
0.431125 0.0688749 5.55112e-17
0.388102 0.111898 5.55112e-17
0.188197 0.311803 5.55112e-17
0.0839587 0.0421424 0.373899
0.0433235 0.204875 0.251801
0.296576 0 0.203424
0.325131 0.141224 0.033645
0.248601 0.216005 0.0353937
0.210545 0.0497175 0.239738
0.171272 0.295297 0.0334305
3.80174e-18 0.0888743 0.411126
0.231981 0.191541 0.0764775
0.409845 0.0180947 0.0720605
0.169384 0.177136 0.153481
0.192312 0.203165 0.104523
0.148921 0.153625 0.197454
0.203199 0 0.296801
0.228746 0.070947 0.200307
0.107961 0.373134 0.0189055
0.0360429 0.0326752 0.431282
0.145085 0.0489434 0.305972
0.140226 0.12393 0.235844
0.326281 0.0744826 0.0992361
0.122897 0.0957885 0.281314
0.5 0 1.11022e-16
0.147291 0.352709 5.55112e-17
0.0951809 0.242887 0.161933
0.0587966 0.0924233 0.34878
0.0394193 0.137981 0.3226
9.69227e-18 0.226579 0.273421
1.94302e-17 0.454224 0.0457755
0.0440065 0.0637834 0.39221
4.48128e-17 0.5 5.55112e-17
0.466121 0.0265501 0.00732898
0.1965 0.129698 0.173802
0.21391 0.161326 0.124764
0.449408 0 0.0505918
0.279218 0.169995 0.0507872
0.165213 0 0.334787
5.04943e-17 2.05561e-18 0.5
0.171023 0.239016 0.0899604
0.0151763 0.25139 0.233433
0.0815707 0.348725 0.0697047
