0.276685 0.223315
0.34084 0.15916
0.390033 0.109967
0.140049 0.359951
0.481404 0.0185958
0.171983 0.328017
0.0258539 0.474146
0.0621587 0.437841
0.261466 0.238534
0.246053 0.253947
0.296654 0.203346
0.5 0
0.155999 0.344001
0.204085 0.295915
0.399903 0.100097
0.0466165 0.453383
0.0982395 0.40176
0.20942 0.29058
0.385101 0.114899
0.240864 0.259136
0.108606 0.391394
0.0103261 0.489674
0.225207 0.274793
0.0154925 0.484508
0.134763 0.365237
0.360455 0.139545
0.11906 0.38094
0.0776296 0.42237
0.462667 0.0373328
0.00516365 0.494836
0.124289 0.375711
0.486057 0.0139431
0.0827682 0.417232
0.495364 0.00463604
0.448421 0.0515793
0.103415 0.396585
0.193418 0.306582
0 0.5
0.301613 0.198387
0.0518012 0.448199
0.0673376 0.432662
0.490708 0.00929232
0.14535 0.35465
0.380163 0.119837
0.182708 0.317292
0.266546 0.233454
0.434036 0.0659636
0.453204 0.0467961
0.150669 0.349331
0.345736 0.154264
0.370298 0.129702
0.419505 0.0804951
0.251203 0.248797
0.37523 0.12477
0.467393 0.0326072
0.0569871 0.443013
0.0362258 0.463774
0.271634 0.228366
0.306576 0.193424
0.394965 0.105035
0.291697 0.208303
0.321299 0.178701
0.198755 0.301245
0.219964 0.280036
0.177345 0.322655
0.311499 0.188501
0.129521 0.370479
0.365368 0.134632
0.326183 0.173817
0.457945 0.0420551
0.350638 0.149362
0.286732 0.213268
0.443643 0.0563566
0.472074 0.0279256
0.0206654 0.479335
0.0879294 0.412071
0.404827 0.0951725
0.409742 0.0902583
0.281743 0.218257
0.166643 0.333357
0.214712 0.285288
0.335947 0.164053
0.429209 0.0707911
0.0310404 0.46896
0.0724904 0.42751
0.113821 0.386179
0.476756 0.0232444
0.355544 0.144456
0.0930799 0.40692
0.0414227 0.458577
0.188071 0.311929
0.331064 0.168936
0.230444 0.269556
0.256328 0.243672
0.316409 0.183591
0.235669 0.264331
0.161322 0.338678
0.438847 0.0611531
0.424373 0.0756269
0.41462 0.0853797
