2.2884e-05 0.958067 0.0420349
2.42776e-05 0.630092 0.369918
2.3718e-05 0.145007 0.855039
2.30879e-05 0.355284 0.644815
2.24732e-05 0.134071 0.866058
2.4282e-05 0.860256 0.139752
2.32917e-05 0.389444 0.61056
0.548697 0.486591 4.57251e-08
2.46363e-05 0.641184 0.358865
2.32845e-05 0.0777741 0.922235
2.36084e-05 0.416748 0.58337
2.16436e-05 0.026037 0.974332
2.43561e-05 0.103441 0.89658
2.42034e-05 0.820585 0.179418
2.44112e-05 0.84959 0.150444
2.43422e-05 0.156622 0.843391
2.4333e-05 0.124303 0.875704
0.43252 0.373931 0.331731
2.41921e-05 0.675898 0.324108
2.43502e-05 0.194675 0.805334
2.33044e-05 0.284294 0.715749
2.35283e-05 0.494911 0.505127
1.05887e-06 0.829593 0.171025
2.32788e-05 0.345379 0.654662
2.42628e-05 0.48414 0.515906
2.44338e-05 0.947163 0.0528832
0.559498 0.374422 0.120972
2.43727e-05 0.766672 0.233351
2.24967e-05 1.18641e-05 1.00007
2.40088e-05 0.506226 0.493832
2.327e-05 0.258633 0.74147
2.46305e-05 0.115134 0.88493
2.32981e-05 0.0640311 0.936015
2.32816e-05 0.402579 0.597444
0.551807 5.92182e-05 0.544256
2.42193e-05 0.208513 0.791499
2.36282e-05 0.754974 0.245045
2.39604e-05 0.182869 0.817157
2.46237e-05 0.234114 0.765944
2.36263e-05 0.273692 0.726329
2.4029e-05 0.968991 0.031022
2.35631e-05 0.245137 0.755024
2.32903e-05 0.335199 0.664811
2.43585e-05 0.88311 0.116892
2.39406e-05 0.935308 0.0647348
2.39113e-05 0.170263 0.829758
2.26246e-05 0.708386 0.29168
0.640762 0.0889301 0.300156
2.40885e-05 0.0904134 0.909647
2.42278e-05 0.653036 0.347002
2.39974e-05 0.664509 0.335563
2.43508e-05 0.430735 0.569515
2.41154e-05 0.549126 0.450934
2.36293e-05 0.923779 0.0762496
2.40358e-05 1.00003 1.82489e-11
2.3289e-05 0.324283 0.675718
2.25921e-05 0.74299 0.257106
2.2618e-05 0.731324 0.268761
2.42032e-05 0.457724 0.54228
2.42353e-05 0.516416 0.483621
2.45321e-05 0.839072 0.160997
2.41929e-05 0.872209 0.127804
2.42985e-05 0.221184 0.778828
0.649258 0.0302266 0.363038
2.44985e-05 0.365706 0.63432
2.42957e-05 0.777502 0.222527
2.30056e-05 0.7197 0.280416
0.640231 0.0403846 0.348303
2.45067e-05 0.686998 0.313035
2.39121e-05 0.990522 0.00950341
2.36311e-05 0.295712 0.704452
0.655703 0.356791 0.0417553
2.37182e-05 0.53794 0.462118
2.43661e-05 0.81035 0.189639
0.54683 0.465157 0.0197334
2.31429e-05 0.311204 0.688993
2.44986e-05 0.788898 0.211141
2.42684e-05 0.893922 0.106075
2.43687e-05 0.903893 0.0961109
0.427331 0.232805 0.444437
3.17101e-06 0.0138376 0.986658
0.563693 0.361657 0.13997
2.36188e-05 0.527306 0.472728
2.43665e-05 0.799883 0.20011
1.00283 4.39443e-07 4.88876e-07
2.44581e-05 0.979656 0.0203824
2.40376e-05 0.585471 0.414569
2.43436e-05 0.619746 0.380259
2.40215e-05 0.597894 0.402138
0.656523 7.77198e-06 0.397065
2.43007e-05 0.608424 0.391594
2.36276e-05 0.913419 0.0866034
2.35529e-05 0.560072 0.439976
2.27106e-05 0.573083 0.427072
2.32523e-05 0.47192 0.528174
2.31351e-05 0.69768 0.302363
2.43591e-05 0.443444 0.556553
2.39021e-05 0.0409158 0.959131
2.11349e-05 0.0533986 0.94699
2.29307e-05 0.376854 0.623225
