2.61861e-08 0.414915 0.585088
2.73608e-08 0.196517 0.803499
2.74579e-08 0.299913 0.70009
2.7159e-08 0.206748 0.793261
3.17392e-08 0.756198 0.243807
2.73403e-08 0.600931 0.399071
3.49681e-08 0.968453 0.0315514
2.75303e-08 0.63573 0.364272
6.15877e-09 0.0201451 0.979869
2.77348e-08 0.361775 0.638228
2.24009e-08 0.0717673 0.928243
2.6131e-08 0.441619 0.558385
2.55847e-08 0.00975869 0.990245
3.40608e-08 0.788704 0.2113
2.89164e-08 0.712742 0.287263
2.62773e-08 0.565297 0.434716
2.91753e-08 0.701716 0.298289
2.64512e-08 0.239589 0.760417
0.329721 0.26419 0.476031
2.29581e-08 0.166048 0.834018
2.86992e-08 0.734861 0.265142
3.33938e-08 0.777614 0.222388
2.79868e-08 0.576964 0.423039
1.52687e-08 0.0812559 0.918756
6.44238e-09 0.0991818 0.900827
9.76302e-09 0.0518113 0.948197
1.07459 0.00393144 8.10428e-09
2.80483e-08 0.374688 0.625314
2.55886e-08 0.401178 0.598827
0.324768 0.172115 0.589678
2.63615e-08 0.336548 0.663456
2.7349e-08 0.348894 0.651107
3.29674e-08 0.957576 0.0424284
2.73742e-08 0.263802 0.736212
2.87231e-08 0.745463 0.254539
3.38357e-08 0.148086 0.851918
0.566634 0.300295 0.153272
2.75408e-08 0.646901 0.353101
3.49878e-08 1.00001 1.31584e-09
2.69107e-08 0.532108 0.467898
3.50632e-08 0.811791 0.188213
2.75425e-08 0.482268 0.517734
2.62782e-08 0.176578 0.823441
2.75949e-08 0.624462 0.375541
3.34074e-08 0.845597 0.154405
2.71519e-08 0.508028 0.49198
2.76226e-08 0.138257 0.861744
2.78253e-08 0.0902756 0.909727
2.87256e-08 0.72374 0.276262
3.52715e-08 0.877715 0.122293
2.8056e-08 0.668622 0.331381
3.48155e-08 0.88868 0.111323
0.697627 0.156943 0.296282
2.74114e-08 0.275468 0.724535
0.574357 0.460206 9.70092e-06
2.74827e-08 0.911608 0.0883965
2.8015e-08 0.679364 0.320638
2.64092e-08 0.22868 0.771328
2.59343e-08 0.186271 0.813741
2.85152e-08 0.287887 0.712121
3.30634e-08 0.922628 0.0773751
3.49704e-08 0.979072 0.0209342
2.73412e-08 0.118729 0.881272
2.72661e-08 0.251819 0.748192
2.88935e-08 0.217583 0.782432
3.4771e-08 0.128309 0.871693
3.34545e-08 0.946105 0.053897
2.64563e-08 0.520145 0.479861
0.652025 0.35435 0.124604
3.34252e-08 0.834541 0.165462
9.78561e-09 0.0414948 0.958511
2.60726e-08 0.657758 0.342246
2.69924e-08 0.553727 0.446278
5.06533e-09 0.0309485 0.969063
3.49689e-08 0.108826 0.891178
6.81136e-09 0.0618173 0.938198
2.75289e-08 0.899966 0.100036
2.7347e-08 0.613036 0.386966
2.75029e-08 0.542878 0.457126
3.36441e-08 0.867137 0.132867
0.564539 0.259635 0.192319
2.76185e-08 0.495484 0.504518
2.63336e-08 0.324282 0.675722
2.70793e-08 0.455281 0.544722
3.34392e-08 0.856447 0.143554
2.76016e-08 0.588996 0.411006
3.51498e-08 0.157494 0.842546
2.72588e-08 0.428271 0.571732
1.33923e-15 6.52257e-14 1
3.30504e-08 0.934275 0.0657274
2.70518e-08 0.468898 0.531105
1.05801 2.67232e-05 0.0015198
0.661898 1.67557e-07 0.434699
2.8005e-08 0.690528 0.309474
3.42235e-08 0.823377 0.176629
2.50508e-08 0.387784 0.612222
2.74406e-08 0.31215 0.687852
3.42661e-08 0.766802 0.233201
3.34509e-08 0.800181 0.199821
3.47996e-08 0.989664 0.0103403
