7.12203e-06 0.0659783 0.934435
2.83576e-05 0.173847 0.826496
7.99608e-05 0.636506 0.363543
8.37484e-05 0.941262 0.0587388
8.16182e-05 0.745934 0.254005
8.24886e-05 0.404933 0.595213
7.99596e-05 0.30365 0.696338
8.72672e-05 0.991412 0.00892685
8.05235e-05 0.349815 0.650215
8.14812e-05 0.253598 0.746456
6.8926e-06 0.0441389 0.955986
8.23126e-05 0.311767 0.688416
8.37978e-05 0.790715 0.209343
8.32332e-05 0.658068 0.341901
8.2064e-05 0.330302 0.669729
8.1825e-05 0.647919 0.352091
8.10345e-05 0.81487 0.185158
8.11763e-05 0.23064 0.769387
8.02316e-05 0.593701 0.406474
8.16057e-05 0.476362 0.523635
8.19813e-05 0.553201 0.446857
8.17106e-05 0.495212 0.504872
8.20777e-05 0.276674 0.723374
8.32741e-05 0.681154 0.31891
8.12794e-05 0.604477 0.39552
8.16465e-05 0.377634 0.622342
5.04879e-06 0.0113458 0.989315
6.14343e-06 0.0547408 0.945846
2.83079e-05 0.109269 0.891121
7.99667e-05 0.359482 0.6405
8.32246e-05 0.447783 0.55223
8.18325e-05 0.874089 0.125916
8.30158e-05 0.531317 0.468798
8.16234e-05 0.756302 0.243658
8.15903e-05 0.416084 0.583885
8.31958e-05 0.394628 0.605453
8.33981e-05 0.851487 0.148513
8.07064e-05 0.615269 0.384771
8.45701e-05 0.960744 0.0394156
8.15386e-05 0.195113 0.804893
7.97968e-05 0.150849 0.849297
8.16039e-05 0.521839 0.478135
8.05253e-05 0.207693 0.79232
8.34481e-05 0.690592 0.309424
6.92372e-06 0.0336595 0.966499
8.06723e-05 0.62573 0.374307
3.50968e-05 0.0998077 0.900827
8.12802e-05 0.369707 0.630297
7.95215e-05 0.21933 0.781016
8.36311e-05 0.93061 0.0693812
8.16181e-05 0.73572 0.264253
8.0677e-05 0.484758 0.515319
8.21181e-05 0.466959 0.533122
3.51609e-05 0.129617 0.870961
8.11863e-05 0.26535 0.734674
8.19742e-05 0.564545 0.435452
8.10986e-05 0.240605 0.759461
8.40662e-05 0.861623 0.138435
1.00484 4.91813e-11 3.56125e-10
8.36281e-05 0.980352 0.0196379
8.40689e-05 0.427635 0.572452
7.99778e-05 0.707607 0.292395
8.34843e-05 0.80337 0.196656
8.53976e-05 0.970075 0.0302017
8.37287e-05 0.951175 0.0488571
1.00791e-10 1.21781e-09 1.00002
8.32986e-05 0.84031 0.159723
8.28945e-05 0.542331 0.457693
8.13838e-05 0.886916 0.113109
8.10305e-05 0.456668 0.543342
8.34228e-05 0.76769 0.232317
0.980415 3.76393e-05 0.112343
8.06011e-05 0.669237 0.330776
8.10576e-05 0.715912 0.284107
1.92086e-05 1.00054 3.99131e-11
8.20338e-05 0.321057 0.678938
8.16085e-05 0.512849 0.487131
0.959226 0.106167 0.000179803
8.17737e-05 0.438199 0.561801
2.80417e-05 0.184318 0.816024
1.83677e-05 0.0898996 0.911194
8.17561e-05 0.898089 0.101917
8.16191e-05 0.725947 0.274008
2.8448e-05 0.119527 0.880879
2.80614e-05 0.162594 0.837828
8.28836e-05 0.583983 0.416034
6.87732e-06 0.0225374 0.977631
8.16759e-05 0.574315 0.42566
8.06308e-05 0.339953 0.660107
8.34447e-05 0.291712 0.708315
6.87702e-06 0.0775907 0.922629
8.17642e-05 0.908136 0.0918702
8.1648e-05 0.38639 0.613577
2.84038e-05 0.139478 0.860895
8.37067e-05 0.699469 0.300575
8.13726e-05 0.82782 0.172164
8.15985e-05 0.503878 0.496126
8.37698e-05 0.779803 0.220196
8.4011e-05 0.919431 0.0806364
0.963483 0.0940683 0.0131572
