0.0905765 0.699041
0.150185 0.612462
0.000319919 0.982114
0.0287013 0.830585
0.0638229 0.747368
0.144966 0.619256
0.0554544 0.764512
0.0596033 0.755862
0.0836543 0.710769
0.0415229 0.796228
0.661486 0.208029
0.0235717 0.846469
0.147569 0.615853
0.0746609 0.726759
0.174453 0.582325
0.124603 0.647008
0.0768828 0.722723
0.00848311 0.907896
1.00011 2.29886e-12
0.127116 0.643466
0.1347 0.632984
0.155461 0.605715
0.142381 0.622665
0.0434501 0.791553
0.177235 0.579007
0.13981 0.626089
0.109738 0.668733
0.730719 0.1769
0.0617043 0.751596
0.166214 0.592307
0.00596306 0.922779
0.0702749 0.734906
0.00175775 0.958074
0.0859424 0.706841
0.0929191 0.695174
0.0126271 0.88763
0.112191 0.665051
0.0140931 0.881286
0.0112028 0.894157
0.079121 0.718716
0.0219182 0.851952
0.00369542 0.93921
0.0952795 0.691326
0.0322456 0.820429
0.0453995 0.786928
0.0882528 0.702926
0.171687 0.585649
0.015593 0.875128
0.00719661 0.915167
0.0493625 0.777823
0.0575207 0.760165
0.0473704 0.782353
0.0304617 0.825467
0.182834 0.572409
0.0269663 0.835786
0.00982193 0.900894
0.168944 0.588972
0.000954605 0.969103
0.132162 0.636459
0.194223 0.559293
0.0534064 0.768902
0.0724593 0.730817
0.2 0.552786
0.0513754 0.773339
0.985439 0.015773
0.0358851 0.810566
0.998335 0.00193138
1.3866e-08 0.999882
0.152813 0.609087
0.107295 0.67244
0.10245 0.679922
0.160806 0.598994
0.0186922 0.863281
0.158126 0.60235
0.122102 0.650569
0.18003 0.5757
0.0681067 0.739027
0.137249 0.629529
0.0396206 0.800951
0.117127 0.657761
0.1885 0.565834
0.0252546 0.841083
0.00479382 0.930763
0.119609 0.654155
0.081376 0.714735
0.191357 0.562557
0.0659564 0.74318
0.0340534 0.815464
0.097655 0.687502
0.00267818 0.948249
0.100045 0.6837
0.197106 0.556034
0.0171262 0.869133
0.129633 0.639954
0.104867 0.676168
0.18566 0.569117
0.163504 0.595644
0.0202919 0.85755
0.0377404 0.805731
0.114657 0.661389
