0.0199572 0.85873
0.0918994 0.696851
0.600707 0.254989
0.0851479 0.708199
0.0183858 0.864406
0.145172 0.618986
0.185722 0.569046
0.0318121 0.82164
0.0509535 0.774271
0.0896383 0.700603
0.110379 0.667767
0.00471824 0.931311
0.0697715 0.735857
0.0265564 0.837039
0.0941695 0.69313
0.0411039 0.797259
0.137437 0.629275
0.0489457 0.778763
0.0829221 0.712038
1.00024 5.94806e-11
0.0036412 0.939658
0.108023 0.671331
0.0300325 0.826701
0.127354 0.643133
0.177341 0.578881
0.182911 0.572319
0.150396 0.61219
0.0676215 0.739959
0.0430345 0.792553
0.0807049 0.715914
0.115149 0.660664
0.00708155 0.915848
0.12241 0.650128
0.0741142 0.727761
0.0550273 0.765421
0.021562 0.85316
0.00965959 0.901717
0.0026385 0.948634
0.00834543 0.908647
0.112758 0.664205
0.117556 0.657135
0.194242 0.559271
0.105681 0.674914
0.000939383 0.969351
0.0168416 0.870225
0.197114 0.556025
0.0469566 0.783305
0.0336171 0.81665
0.0529812 0.769823
0.0612622 0.752488
0.11997 0.653633
0.16638 0.592103
0.103351 0.678518
0.998908 0.00337156
0.012416 0.888573
0.139998 0.625837
0.15567 0.605449
0.035451 0.811716
0.0282806 0.831832
0.169097 0.588786
0.0138543 0.882296
0.129848 0.639655
0.147779 0.61558
0.14258 0.622402
0.0654859 0.744098
0.174577 0.582175
0.728503 0.182393
0.134892 0.632724
0.00031528 0.982244
0.0784951 0.71983
0.0373111 0.806839
0.0873907 0.704381
0.191388 0.562521
0.15833 0.602093
0.180119 0.575595
0.0110156 0.895045
0.171827 0.585479
0.0987329 0.685782
0.001729 0.958419
0.0633654 0.748275
0.00586894 0.923391
0.153026 0.608814
0.057094 0.761057
0.0153317 0.876179
0.0391957 0.802021
0.188547 0.56578
0.0762956 0.723783
0.132359 0.636188
0.2 0.552787
0.160997 0.598756
0.10104 0.682133
2.4633e-08 0.999843
0.0449878 0.787897
0.0231968 0.847695
0.124877 0.646621
0.0719379 0.731788
0.16368 0.595427
0.0591714 0.756748
0.0964464 0.689442
0.0248612 0.842326
