0.012228 0.88942
0.0281163 0.832321
0.00356667 0.940278
0.0335196 0.816916
0.167655 0.590543
0.000307504 0.982464
0.116319 0.658944
0.100739 0.682605
0.053424 0.768864
0.000918936 0.969686
0.161999 0.597509
0.00258366 0.94917
0.0431153 0.792358
0.176269 0.580156
0.031689 0.821986
0.0353793 0.811906
0.0069505 0.91663
0.023001 0.848339
0.0666173 0.741897
0.0855928 0.707437
0.0213586 0.853854
0.148201 0.615031
0.179179 0.576705
0.00169281 0.958856
0.890828 0.0750223
0.142801 0.62211
0.0577315 0.759726
0.159203 0.600997
0.083137 0.711665
0.00949399 0.902563
0.0492222 0.778139
0.999978 0.00181738
0.153661 0.608003
0.0555647 0.764278
0.0782914 0.720194
0.199998 0.552788
0.0759067 0.724488
0.0880752 0.703225
0.182097 0.573272
0.196979 0.556177
0.0712083 0.733151
0.0151288 0.877001
0.150919 0.611518
0.0621317 0.750738
0.0263834 0.83757
0.105894 0.674586
0.145493 0.618565
0.984948 0.0204045
0.010839 0.89589
0.00575917 0.924111
0.0136589 0.883129
0.118931 0.655136
0.0599215 0.755211
0.185036 0.569841
0.584127 0.275307
0.0689058 0.737501
0.0807067 0.715911
0.00819648 0.909466
0.971219 0.0217749
0.846265 0.104083
0.0930849 0.694902
0.0643654 0.746297
0.108484 0.67063
0.0513062 0.773491
0.193972 0.559578
0.0956175 0.690779
0.10331 0.678581
0.134786 0.632867
0.0981703 0.686679
0.0046295 0.93196
0.0246744 0.842919
0.0181747 0.865187
0.0298883 0.827118
0.111086 0.666705
0.0905715 0.699049
0.190976 0.562992
0.790952 0.130804
0.164822 0.594017
0.124188 0.647597
0.0391947 0.802024
0.170513 0.587068
0.0411357 0.797181
0.0735434 0.728811
0.0471549 0.782848
0.0451242 0.787575
0.113694 0.662815
0.15642 0.6045
0.0166343 0.871026
0.121559 0.651347
0.173376 0.583615
1.00056 5.58236e-09
0.140123 0.62567
9.31753e-09 0.999903
0.126823 0.643877
0.0372697 0.806946
0.188 0.566411
0.019749 0.859469
0.132127 0.636508
0.129472 0.640178
0.137448 0.62926
