1.37153e-09 0.088552 0.911449
0.624547 0.444136 1.15126e-09
1.23353e-09 0.821287 0.178717
1.33175e-09 0.939925 0.0600757
1.3417e-09 0.0594908 0.940509
1.34287e-09 0.347009 0.652992
1.34486e-09 0.648066 0.351934
2.02142e-09 0.735538 0.264463
1.34366e-09 0.256729 0.743273
1.34938e-09 0.691049 0.308951
1.98107e-09 0.178246 0.821755
1.33961e-09 0.187582 0.812419
3.57755e-09 0.768276 0.231726
1.34794e-09 0.0299012 0.970099
1.00922 1.54902e-07 1.96092e-07
1.32879e-09 0.988102 0.0118982
1.12605e-09 0.22368 0.776334
1.60722e-09 0.138346 0.861655
1.32665e-09 0.0981656 0.901835
1.35787e-09 0.321381 0.67862
1.26894e-09 0.529134 0.470872
1.3238e-09 0.370953 0.629048
1.34809e-09 0.801249 0.198752
1.32228e-09 0.560547 0.439454
1.34538e-09 0.118094 0.881906
2.02543e-09 0.669558 0.330443
1.34971e-09 0.107968 0.892033
0.450858 0.227961 0.657531
1.32532e-09 0.604703 0.395298
1.35686e-09 0.87194 0.128061
2.62834e-09 2.60384e-08 1
1.35151e-09 0.593763 0.406238
1.32147e-09 0.549763 0.450238
1.3342e-09 0.626449 0.373552
0.394305 0.272349 0.48708
1.32423e-09 0.495965 0.504035
1.34258e-09 0.416827 0.583173
2.07689e-09 0.0789197 0.921081
1.32809e-09 0.831386 0.168614
1.32853e-09 0.90496 0.09504
1.34682e-09 0.148507 0.851493
2.00755e-09 0.658798 0.341204
1.35509e-09 0.0199948 0.980006
1.33033e-09 0.46203 0.537971
1.77584e-09 0.16861 0.831391
1.31746e-09 0.47327 0.526731
5.15396e-10 0.00993332 0.990071
3.6251e-09 0.779458 0.220544
0.648367 0.30089 0.159846
1.35462e-09 0.851161 0.14884
1.35163e-09 0.893673 0.106328
1.34715e-09 0.637266 0.362735
1.32597e-09 0.206121 0.79388
1.35798e-09 0.428234 0.571766
1.34746e-09 0.790501 0.2095
1.35486e-09 0.928066 0.0719346
1.34347e-09 0.539329 0.460672
1.35292e-09 0.484574 0.515427
1.95811e-09 0.713136 0.286866
1.12606e-09 0.214922 0.785092
1.34485e-09 1 3.5288e-11
1.35418e-09 0.963964 0.0360367
1.32368e-09 0.405526 0.594474
1.32086e-09 0.382851 0.617149
1.33486e-09 0.916357 0.0836433
1.35806e-09 0.128098 0.871902
1.34783e-09 0.951989 0.0480116
1.33931e-09 0.615449 0.384552
1.32897e-09 0.282017 0.717984
2.08362e-09 0.680298 0.319703
0.892518 8.04767e-09 0.278041
1.32291e-09 0.158513 0.841488
1.13275e-09 0.234347 0.765665
1.31761e-09 0.975995 0.0240063
1.33011e-09 0.882803 0.117198
1.34052e-09 0.268602 0.731399
1.34696e-09 0.308398 0.691602
1.34903e-09 0.334371 0.66563
1.34694e-09 0.359009 0.640991
1.3329e-09 0.0496714 0.950329
2.08018e-09 0.75737 0.24263
1.35713e-09 0.439519 0.560482
1.32221e-09 0.861343 0.138658
1.34749e-09 0.19684 0.80316
1.32566e-09 0.571544 0.428457
1.33694e-09 0.519225 0.480777
1.63672e-09 0.394231 0.60577
1.35673e-09 0.245503 0.7545
1.35011e-09 0.582652 0.417348
0.635885 0.321512 0.129631
1.3373e-09 0.0397579 0.960242
2.05394e-09 0.724365 0.275636
1.31682e-09 0.811485 0.188516
2.05291e-09 0.746423 0.253578
1.3264e-09 0.507191 0.49281
1.821e-09 0.0691788 0.930826
0.000209576 0.70181 0.2981
1.32831e-09 0.450726 0.549274
1.34977e-09 0.841256 0.158744
1.33019e-09 0.295325 0.704675
