0.188017 0.566391
0.199999 0.552788
0.140217 0.625545
0.0294247 0.828464
0.0116355 0.892132
0.924521 0.0581739
0.196987 0.556168
0.132093 0.636554
0.182098 0.57327
0.92576 0.051367
0.142934 0.621933
0.156566 0.604316
0.077311 0.721951
0.0146275 0.879056
0.0210145 0.855036
0.965473 0.0302746
0.0226637 0.849455
0.0632133 0.748577
0.0439662 0.790319
0.118618 0.655591
0.0260353 0.838645
0.0845649 0.7092
1.00062 1.49403e-07
0.0963362 0.689619
0.040142 0.799645
0.0725439 0.73066
0.17626 0.580167
0.0678345 0.739549
0.19399 0.559557
0.159312 0.600861
0.0609442 0.753131
0.000332094 0.981777
0.164861 0.59397
0.0102004 0.899003
0.137505 0.629183
0.604658 0.259799
0.101099 0.68204
0.098776 0.685714
0.115908 0.659547
0.000993427 0.968481
0.0500542 0.776272
0.0821276 0.713421
1.68846e-08 0.99987
0.0655138 0.744043
0.00747765 0.913527
0.110764 0.667188
0.0062024 0.921245
0.170499 0.587085
0.105753 0.674803
0.129394 0.640287
0.185055 0.569819
0.00278737 0.947204
0.0420413 0.79496
0.724312 0.176827
0.0161864 0.872774
0.126717 0.644027
0.0521803 0.77157
0.124013 0.647845
0.903668 0.0721337
0.0749266 0.726273
0.173365 0.583629
0.0564948 0.762314
0.190998 0.562967
0.0893694 0.701053
0.00182584 0.95727
0.0193667 0.860836
0.0797132 0.717665
0.0382774 0.804354
0.15384 0.607775
0.00881459 0.906114
0.0916972 0.697185
0.0479729 0.780973
0.0311342 0.823551
0.162076 0.597414
0.00385035 0.937949
0.955946 0.0325651
0.027738 0.833453
0.179162 0.576725
0.024327 0.844029
0.134799 0.63285
0.0587016 0.757716
0.00498818 0.929373
0.148385 0.614792
0.0328688 0.818703
0.121316 0.651695
0.151114 0.611266
0.0940405 0.69334
0.103382 0.678469
0.108256 0.670978
0.0131144 0.885482
0.0177657 0.866712
0.145666 0.618337
0.0459528 0.785634
0.0701783 0.735088
0.054294 0.766989
0.0364412 0.809104
0.0346393 0.813884
0.0870198 0.705009
0.167662 0.590534
0.113321 0.663368
