4.58003e-09 0.113713 0.886288
0.822467 0.0877371 0.181877
4.57137e-09 0.968642 0.0313596
4.71956e-09 0.654221 0.34578
4.67526e-09 0.281709 0.718291
4.23667e-09 0.918752 0.0812486
4.18992e-09 0.382751 0.617251
4.66719e-09 0.504261 0.495739
9.65042e-05 0.928177 0.0717838
8.71959e-10 0.0106229 0.989382
4.69392e-09 0.526495 0.473507
4.51557e-09 0.848574 0.151428
4.71953e-09 0.700999 0.299003
4.68348e-09 0.66641 0.333591
0.671752 0.220679 0.310604
4.62043e-09 0.798059 0.201941
4.62745e-09 0.548737 0.451264
4.65599e-09 0.642023 0.357978
4.73762e-09 0.292333 0.707667
4.67763e-09 0.196657 0.803343
4.51839e-09 0.260324 0.739677
9.62477e-05 0.303029 0.696936
4.22424e-09 0.371126 0.628875
4.19433e-09 0.90957 0.0904324
4.11639e-09 0.359297 0.640707
2.37152e-09 0.0421037 0.957907
9.63323e-05 0.999957 7.88856e-13
4.15686e-09 0.314009 0.685994
4.30734e-09 0.438637 0.561365
4.25583e-09 0.394257 0.605745
4.61889e-09 0.958454 0.0415472
4.74807e-09 0.582553 0.417448
4.61608e-09 0.560011 0.439989
4.19457e-09 0.449605 0.550396
4.52258e-09 0.471174 0.528826
4.63063e-09 0.325136 0.674866
4.60089e-09 0.858888 0.141113
1.40554e-09 0.0209159 0.97909
4.74875e-09 0.149281 0.85072
4.50647e-09 0.989524 0.0104773
4.47952e-09 0.460325 0.539676
4.18632e-09 0.0774381 0.922564
4.5398e-09 0.629671 0.370331
4.61247e-09 0.787591 0.21241
4.53883e-09 0.482109 0.517892
0.825652 0.175327 0.0965931
4.65872e-09 0.889582 0.110419
9.60798e-05 0.185691 0.814282
4.22788e-09 0.228655 0.771348
9.62526e-05 0.89974 0.100237
0.816518 2.41781e-07 0.274984
4.68395e-09 0.594196 0.405805
4.72737e-09 0.72303 0.276971
4.71378e-09 0.776961 0.22304
4.67529e-09 0.76638 0.23362
2.7663e-09 0.065624 0.934383
4.66558e-09 0.493127 0.506873
4.68578e-09 0.571365 0.428636
9.59263e-05 0.755745 0.244252
4.7186e-09 0.818479 0.181522
4.21879e-09 0.416761 0.58324
4.73022e-09 0.137398 0.862603
4.22028e-09 0.405694 0.594306
4.65601e-09 0.711969 0.288032
4.24711e-09 0.869233 0.130768
4.34865e-09 0.239354 0.760648
9.60954e-05 0.249808 0.750159
9.60839e-05 0.515349 0.484618
4.62464e-09 0.938066 0.061935
4.549e-09 0.678479 0.321523
4.5467e-09 0.61762 0.382383
2.70465e-09 0.101688 0.898321
4.72307e-09 0.173461 0.82654
1.01148 4.08383e-05 7.35663e-07
4.03092e-09 0.218002 0.782004
4.72201e-09 0.347596 0.652405
4.71776e-09 0.808394 0.191606
4.4641e-09 0.605817 0.394187
0.840144 0.107551 0.169005
4.62191e-09 0.0536786 0.946322
0.827539 0.143356 0.126635
4.64997e-09 0.733902 0.2661
4.68887e-09 0.537579 0.462422
9.63267e-05 0.0309409 0.969006
4.61491e-09 0.336288 0.663713
4.4582e-09 0.838484 0.161517
4.58527e-09 0.161248 0.838752
4.77647e-09 0.828508 0.171495
4.52448e-09 0.690783 0.309228
4.71046e-09 0.270959 0.729042
6.33557e-14 3.24113e-11 1
2.87073e-09 0.0896541 0.910353
4.46135e-09 0.427576 0.572425
4.49184e-09 0.948214 0.0517869
4.68469e-09 0.879474 0.120527
4.45819e-09 0.978923 0.021078
0.834602 0.050932 0.234381
4.66119e-09 0.744952 0.255049
4.70151e-09 0.207474 0.792528
4.65779e-09 0.125329 0.874672
