0.0108113 0.896023
0.0094791 0.902639
0.151339 0.610977
0.0817768 0.714034
1.00036 5.66416e-14
0.0260024 0.838747
0.169978 0.587716
0.0750586 0.726032
0.133063 0.635222
0.180787 0.574809
0.0840507 0.710085
0.0933265 0.694506
0.156625 0.604241
0.0600162 0.755018
0.0459283 0.785691
0.138245 0.628187
0.0538585 0.767926
0.13565 0.631693
0.110242 0.667973
0.0311288 0.823567
0.0150381 0.87737
0.0401967 0.799509
0.120265 0.653208
0.191716 0.562146
0.159274 0.600909
0.0863395 0.706164
0.0017034 0.958728
0.0795215 0.718004
0.0980684 0.686841
0.000310587 0.982377
0.0293922 0.828558
0.122803 0.649567
0.0121864 0.889608
0.0383343 0.804209
0.00358197 0.94015
0.598827 0.265483
0.172671 0.584462
0.105319 0.675471
0.032893 0.818636
0.0346793 0.813776
0.016513 0.871497
0.107771 0.671715
0.167291 0.590988
0.0579438 0.759285
0.183505 0.571625
0.0909803 0.698371
0.0439968 0.790246
0.051846 0.772303
0.00696087 0.916568
0.178076 0.57801
0.0498525 0.776723
0.143465 0.621233
0.0956887 0.690664
0.0663489 0.742417
0.00259776 0.949032
0.164611 0.594278
0.088653 0.702253
0.0706661 0.734169
0.00578062 0.92397
0.021129 0.854642
0.186237 0.568448
0.0684976 0.738279
0.188973 0.565289
0.0135942 0.883406
0.0642183 0.746587
0.0728541 0.730085
0.738405 0.162973
0.102885 0.679244
0.0243493 0.843957
0.0364945 0.808965
0.2 0.552787
0.146084 0.617791
0.127914 0.64235
0.0276829 0.833618
0.0420856 0.794852
0.11522 0.66056
0.153985 0.60759
0.0195628 0.860133
0.0558918 0.763586
0.022725 0.849252
0.077282 0.722004
0.130484 0.638774
0.117736 0.656873
0.0621076 0.750786
0.0180241 0.865746
0.999751 0.000718622
0.148709 0.614371
0.194469 0.559013
7.1908e-09 0.999915
0.00092514 0.969584
0.125355 0.645944
0.100465 0.683038
0.175372 0.581226
0.0478808 0.781183
0.161937 0.597586
0.112722 0.66426
0.14085 0.6247
0.00465096 0.931802
0.00819473 0.909475
0.19723 0.555894
