4.16029e-07 0.0170054 0.983173
1.34979e-06 0.781564 0.218462
3.60769e-06 0.436364 0.563684
1.65164e-06 0.271939 0.728099
3.6975e-06 0.967171 0.0328857
3.32442e-06 0.622452 0.377581
3.29557e-06 0.465094 0.534933
1.35235e-06 0.934664 0.0653738
8.90322e-07 0.136955 0.863105
1.65174e-06 0.0966876 0.903391
3.3053e-06 0.601401 0.398625
1.63046e-06 0.345255 0.65476
3.29769e-06 0.455508 0.544528
3.34124e-06 0.875115 0.124902
3.38088e-06 0.865424 0.134605
1.35015e-06 0.904198 0.0958263
3.34123e-06 0.845125 0.154893
3.59469e-06 0.590793 0.409219
3.72067e-06 0.978457 0.02158
5.55839e-07 0.0270131 0.973123
1.62806e-06 0.254008 0.746022
2.38045e-06 0.158755 0.84142
1.6863e-06 0.126411 0.873644
1.26807e-06 0.0429941 0.957091
3.24511e-06 0.675738 0.324312
3.71775e-06 0.884281 0.115768
3.39624e-06 0.179824 0.820207
3.77541e-06 0.945242 0.0548477
1.77371e-06 0.292322 0.707775
3.58476e-06 0.518129 0.481901
1.30783e-06 0.0518732 0.948429
3.74072e-06 0.485924 0.514162
3.34353e-06 0.697867 0.302147
3.5806e-06 0.507834 0.492201
1.72663e-06 0.281432 0.718608
1.66731e-06 0.355887 0.644155
1.63267e-06 0.234659 0.765367
3.59428e-06 0.570577 0.429432
1.63134e-06 0.365579 0.634436
8.86599e-07 0.10597 0.894114
7.26879e-06 1.10101e-06 1.00053
3.59467e-06 0.956141 0.0438701
3.49231e-06 0.654392 0.345655
3.45372e-06 0.611962 0.388121
1.00455 2.75393e-08 3.6465e-06
3.5926e-06 0.989631 0.0103864
3.68827e-06 0.446055 0.554
1.61669e-06 0.116584 0.88348
3.34391e-06 0.741479 0.258541
3.35554e-06 0.751625 0.248413
1.16801e-06 0.528977 0.471076
3.38102e-06 0.633307 0.366724
2.29309e-06 0.169656 0.830401
3.43591e-06 0.643888 0.356166
1.27123e-06 0.792032 0.208009
1.17243e-06 0.550527 0.449524
3.34518e-06 0.719697 0.28033
1.43278e-06 0.581199 0.418902
1.32285e-06 0.914232 0.0858045
1.7518e-06 0.0709996 0.929057
1.27972e-06 0.802576 0.197456
1.305e-06 0.771346 0.228688
3.00554e-06 0.407731 0.59238
1.64481e-06 0.213682 0.786354
1.63198e-06 0.375892 0.624122
3.30581e-06 0.730704 0.269343
1.67378e-06 0.313883 0.686175
1.32728e-06 0.0878214 0.912349
1.23309e-06 0.0351088 0.965148
3.35665e-06 0.855272 0.144768
1.32296e-06 0.834371 0.165663
3.64608e-06 1.00005 2.39943e-08
3.59711e-06 0.539758 0.460277
1.65218e-06 0.263136 0.736915
1.58938e-07 0.00791036 0.992213
1.62435e-06 0.0791396 0.92093
3.51873e-06 0.397321 0.602735
3.27839e-06 0.686621 0.313463
1.27299e-06 0.0604029 0.939632
1.27842e-06 0.924387 0.0756438
1.72609e-06 0.324919 0.67512
3.59361e-06 0.426815 0.573198
2.29179e-06 0.191404 0.808684
3.57034e-06 0.38662 0.613439
3.24219e-06 0.664575 0.335453
1.63078e-06 0.244608 0.755418
2.13634e-06 0.303228 0.696937
8.97016e-07 0.147788 0.852295
1.3076e-06 0.823622 0.176398
3.26328e-06 0.761292 0.238765
1.66008e-06 0.335311 0.664719
3.6623e-06 0.496865 0.503204
3.76047e-06 0.894133 0.105922
3.33889e-06 0.474742 0.525275
1.17178e-06 0.560692 0.439358
3.38794e-06 0.708775 0.291261
1.30763e-06 0.812905 0.187113
3.21847e-06 0.202314 0.797786
1.62855e-06 0.224585 0.775439
3.54291e-06 0.417507 0.582563
