0.00803847 0.910342
0.00167026 0.959131
0.197228 0.555896
0.058192 0.75877
0.0195623 0.860135
0.148244 0.614975
0.145572 0.618461
0.0134321 0.884103
0.0873326 0.704479
0.00565285 0.924815
0.0356876 0.811088
0.0263742 0.837598
0.0415991 0.796041
0.606486 0.257451
0.0106362 0.896868
0.188967 0.565297
0.0228802 0.848738
0.01201 0.89041
0.00254387 0.949563
0.106721 0.673319
0.0944696 0.692641
0.156289 0.604665
0.0780667 0.720596
0.17801 0.578088
0.740569 0.163992
0.164391 0.594548
0.0149 0.877935
0.0456442 0.786355
0.0757962 0.724689
0.183485 0.571648
0.199999 0.552787
0.132339 0.636215
0.161679 0.597907
0.158982 0.601275
0.114267 0.661965
0.0690792 0.737171
0.175279 0.581337
0.129721 0.639832
0.0603374 0.754363
0.194468 0.559015
0.142908 0.621968
0.140253 0.625496
0.071301 0.732977
0.00455108 0.932538
0.172549 0.58461
0.109222 0.669512
0.084986 0.708476
0.116812 0.658223
0.180742 0.574863
0.811316 0.129237
1.00005 4.4411e-16
0.186226 0.568461
0.0212061 0.854377
0.0803555 0.71653
0.134967 0.632621
0.16711 0.591209
0.0646809 0.745676
0.191719 0.562143
0.169833 0.587892
0.0476951 0.781608
0.0518425 0.772311
0.150919 0.611517
0.0337636 0.816251
0.00931107 0.903506
0.000906955 0.969884
0.00350873 0.940765
0.13761 0.629042
0.111738 0.665728
0.0968855 0.688736
0.0179583 0.865991
0.0625048 0.74999
0.104237 0.677142
0.0497633 0.776923
0.11937 0.654501
0.902667 0.0665009
1.78964e-08 0.999866
0.0318683 0.821483
0.812818 0.128865
0.0668733 0.741401
0.0300015 0.826791
0.0246061 0.843137
0.0281686 0.832165
0.0164098 0.871899
0.0539391 0.767752
0.101772 0.680983
0.153594 0.608089
0.00681373 0.917455
0.0920762 0.696559
0.127117 0.643466
0.043612 0.791165
0.124524 0.64712
0.0993191 0.684851
0.0560548 0.763241
0.00030419 0.982559
0.121941 0.650799
0.0376378 0.805995
0.0396109 0.800975
0.073542 0.728814
0.0826607 0.712492
0.0896967 0.700506
