3.27636e-08 0.769295 0.230705
2.46192e-08 0.425726 0.574344
3.49302e-08 0.446851 0.553194
3.05413e-08 0.734746 0.265256
0.921024 0.379725 0.230888
1.39465e-08 0.302616 0.697388
2.22098e-08 0.0911515 0.908857
2.92293e-08 0.839286 0.16072
2.03285e-08 0.171126 0.828875
2.7731e-08 0.529608 0.470398
3.31317e-08 0.403907 0.596094
2.6987e-08 0.519083 0.480921
6.49303e-09 0.0409634 0.959047
3.27707e-08 0.893867 0.106133
2.88323e-08 0.49858 0.50147
3.27694e-08 0.700477 0.299523
2.03084e-08 0.572445 0.427557
3.31979e-08 0.550861 0.449139
1.24771e-08 0.101456 0.898553
3.60363e-08 0.461002 0.539071
2.69382e-13 4.85662e-11 1
3.32305e-08 0.804383 0.195618
1.99979e-08 0.181159 0.818846
3.1784e-08 0.33204 0.667962
3.05021e-08 0.746013 0.253989
2.02825e-08 0.968043 0.0319596
3.29367e-08 0.342265 0.657738
3.31749e-08 0.914708 0.0852935
0.662525 0.452792 2.28853e-07
3.32616e-08 0.816058 0.183944
3.30197e-08 0.792667 0.207335
2.72447e-08 0.160976 0.839029
2.74569e-08 0.37344 0.626566
1.02527 0.000476885 1.98087e-08
1.42527e-08 0.29321 0.706797
3.34759e-08 0.827699 0.172302
3.43179e-08 0.688712 0.311293
1.39187e-08 0.111591 0.888414
2.9835e-08 0.201769 0.798233
3.30192e-08 0.711882 0.28812
3.32633e-08 0.723279 0.276722
1.03967 3.72501e-06 3.44125e-08
0.82865 0.326859 0.245968
3.44913e-08 0.628551 0.37145
8.32176e-09 0.0707333 0.929278
3.27151e-08 0.393776 0.606225
2.94195e-08 0.26521 0.734793
3.44883e-08 0.582961 0.41704
3.16234e-08 0.935832 0.0641723
2.03093e-08 0.957372 0.0426301
3.27976e-08 0.352636 0.647367
3.22593e-08 0.757534 0.24247
2.78068e-09 0.0609472 0.939061
3.34993e-08 0.925306 0.0746958
2.98981e-08 0.872734 0.127269
3.44753e-08 0.652696 0.347306
2.74865e-08 0.487063 0.513039
2.98858e-08 0.256545 0.743458
2.03399e-08 0.131668 0.868334
4.42321e-09 0.0307673 0.96924
3.18238e-08 0.59403 0.405974
2.15042e-08 0.561589 0.438418
3.17488e-08 0.24777 0.752232
3.30642e-08 0.67672 0.323282
3.27126e-08 0.780974 0.219027
3.27368e-08 0.508851 0.49115
2.01264e-08 0.363291 0.636714
3.31926e-08 0.616755 0.383246
3.44917e-08 0.640549 0.359453
3.18017e-08 0.321889 0.678113
1.36948e-08 0.121669 0.878339
3.27005e-08 0.383715 0.616286
3.32278e-08 0.540256 0.459745
1.23621e-08 0.0809187 0.919088
2.68368e-08 0.946628 0.0533743
2.68223e-08 0.41408 0.585921
3.25177e-08 0.229652 0.770351
3.2504e-08 0.883494 0.116509
7.76596e-09 0.0509839 0.949024
3.31953e-08 0.274357 0.725644
3.28989e-08 0.605211 0.39479
2.18304e-08 0.861702 0.138304
1.44975e-08 0.31224 0.687769
3.43819e-08 0.220561 0.779445
2.68269e-08 0.211298 0.788704
2.05976e-08 0.989244 0.0107609
2.69342e-08 0.191664 0.80834
2.29413e-08 0.904343 0.0956624
2.53912e-08 0.151236 0.848777
3.31464e-08 0.283877 0.716124
1.57912e-08 0.474044 0.526096
3.60048e-08 0.664775 0.335234
2.4031e-09 0.020448 0.979558
3.3211e-08 0.238715 0.761287
1.81729e-08 0.436347 0.563698
1.28616e-09 0.0104544 0.989553
3.26133e-08 0.141562 0.858441
2.68264e-08 1 2.11702e-10
2.10321e-08 0.850469 0.149539
2.03257e-08 0.978606 0.0213954
