0.63054 0.387553 1.09465e-08
8.56624e-06 0.109079 0.890976
4.84603e-05 0.544426 0.455597
0.636943 0.138006 0.250977
4.86028e-05 0.202686 0.797301
4.90381e-05 0.809223 0.190809
4.87077e-05 0.291835 0.708181
0.709029 0.350655 0.0135079
4.80106e-05 0.907592 0.0924385
4.90297e-05 0.278541 0.721497
4.86286e-05 0.52012 0.479886
4.77777e-05 0.58324 0.416831
4.65756e-05 0.934431 0.0657531
4.8656e-05 0.79399 0.206007
4.86047e-05 0.21868 0.781298
4.86044e-05 0.960939 0.0390406
7.91282e-06 0.0643159 0.936124
4.90307e-05 0.410931 0.589201
4.8614e-05 0.447843 0.552135
0.395005 0.206646 0.431958
0.632452 0.286527 0.100107
8.6266e-06 0.121685 0.878495
4.86187e-05 0.379846 0.620143
8.12953e-06 0.138772 0.861516
4.90023e-05 0.351091 0.648975
6.54142e-06 0.823029 0.177639
0.625793 0.327376 0.0556493
0.63123 0.198731 0.188587
4.60851e-05 0.672197 0.328014
4.85959e-05 0.262178 0.737826
0.404882 0.269598 0.383997
4.6291e-05 0.686033 0.314142
4.34597e-05 0.39426 0.606157
4.62981e-05 0.490472 0.509671
0.389583 0.28362 0.343695
9.04675e-06 0.075121 0.925173
4.66028e-05 0.569262 0.430776
8.47967e-06 0.18785 0.812267
4.86777e-05 0.835496 0.164516
0.631396 0.152435 0.235738
0.63452 2.59449e-07 0.391115
4.85412e-05 0.247661 0.752392
0.728723 0.242109 0.124245
4.91219e-05 0.305355 0.69467
4.86127e-05 0.323582 0.676398
0.625122 0.044108 0.338494
8.48512e-06 0.156298 0.843794
0.62606 0.00497971 0.378254
0.448836 0.529677 0.0940526
4.8597e-05 0.726105 0.273887
4.86762e-05 0.92045 0.0795527
8.296e-06 0.0122249 0.987895
4.87599e-05 0.89483 0.10524
4.84354e-05 0.609766 0.390225
8.4783e-06 0.0522979 0.947833
4.91328e-05 0.768844 0.2313
4.84594e-05 0.699317 0.300699
6.78336e-10 8.46395e-09 1.00001
8.64297e-06 0.0868739 0.913308
4.87193e-05 0.741579 0.258477
0.49044 0.242551 0.389574
4.95231e-05 0.338211 0.661887
4.65996e-05 0.47709 0.522983
0.376251 0.113559 0.547566
4.80049e-05 0.974809 0.0252749
4.84673e-05 0.231996 0.768031
4.86229e-05 0.948268 0.051709
4.91822e-05 0.557046 0.443058
4.86749e-05 0.85971 0.140286
4.86489e-05 0.780893 0.21916
8.2926e-06 0.173245 0.826858
4.69427e-05 0.5058 0.494436
4.82038e-05 0.883291 0.116788
8.23577e-06 0.0239868 0.976165
0.63175 0.226297 0.159931
8.56026e-06 0.0385116 0.96157
4.85784e-05 0.640465 0.359645
0.38226 0.404121 0.254679
4.9336e-05 0.988844 0.0113651
0.384272 0.341126 0.295
4.5794e-05 0.463687 0.536578
4.85808e-05 0.756572 0.243516
4.75999e-05 0.657236 0.343371
0.383708 0.139092 0.509836
0.628165 0.0918909 0.292827
4.86401e-05 0.36409 0.635898
0.447384 0.618023 0.00143161
0.633975 0.0744426 0.314784
8.56663e-06 0.0983525 0.901697
4.94923e-05 0.870988 0.129117
3.10773e-05 1.0009 6.13806e-11
0.371416 0.442797 0.22297
4.86219e-05 0.431789 0.568184
4.91335e-05 0.624662 0.375409
0.452488 0.627747 3.88484e-06
4.86605e-05 0.847383 0.152636
4.82155e-05 0.597698 0.402337
4.84347e-05 0.532233 0.467765
4.91217e-05 0.712862 0.287162
1.01773 2.50422e-05 4.99525e-05
