0.707342 0.0285116 0.300814
1.5923e-07 0.0518919 0.948146
2.50205e-07 0.236683 0.763325
2.30737e-07 0.130135 0.869889
0.481661 0.479726 0.071473
0.221416 0.175276 0.662812
0.690841 0.17891 0.143283
0.476882 0.178483 0.374623
1.48695e-07 0.0656351 0.934423
2.30406e-07 0.88582 0.114193
2.55325e-07 0.0910339 0.908977
0.474503 0.510559 0.0331323
1.7131e-07 0.116731 0.883346
2.39188e-07 0.331059 0.66895
0.69264 0.210695 0.112309
2.36231e-07 0.276045 0.723964
2.48933e-07 0.607747 0.392258
2.38307e-07 0.926168 0.0738379
0.228582 0.281652 0.545519
0.475538 0.425198 0.119763
2.36639e-07 0.84771 0.152296
0.477507 0.413021 0.133791
2.38133e-07 0.582381 0.417621
0.693021 0.278152 0.0454873
2.39832e-07 0.445599 0.554416
0.229909 0.228972 0.604676
2.4997e-07 0.738721 0.261291
0.687577 0.224027 0.096704
2.38375e-07 0.951703 0.0483021
3.9314e-11 6.8273e-10 1
2.37742e-07 0.964382 0.0356228
2.48235e-07 0.661773 0.338232
2.26527e-07 0.77998 0.22006
2.52984e-07 0.872881 0.127126
0.695467 0.248054 0.0766828
2.51664e-07 0.860253 0.139755
5.30916e-08 0.038686 0.961353
0.700716 0.305363 0.021208
2.49975e-07 0.712504 0.2875
2.59912e-07 0.103955 0.896072
2.39792e-07 0.569631 0.430374
2.47329e-07 0.408161 0.591866
2.52118e-07 0.752237 0.247784
2.39363e-07 0.349314 0.650696
2.53109e-07 0.766376 0.233647
2.37869e-07 0.634553 0.365452
0.472682 0.000847319 0.541059
2.28148e-07 0.15677 0.843265
3.9815e-08 0.0256586 0.974375
0.468648 0.283954 0.262884
2.3804e-07 0.477608 0.522397
1.0098 6.22049e-07 9.16997e-08
2.37021e-07 0.648313 0.351692
0.695752 7.4106e-07 0.325002
2.48384e-07 0.700345 0.299658
2.48193e-07 0.368405 0.631601
2.46782e-07 0.215276 0.784739
2.366e-07 0.078523 0.921481
2.39879e-07 0.193002 0.807007
6.47004e-07 1.00009 1.47327e-10
2.4752e-07 0.83439 0.165622
0.859952 0.034113 0.160451
2.47939e-07 0.170838 0.829168
2.36986e-07 0.807966 0.192041
0.476282 0.385817 0.160421
2.48137e-07 0.55686 0.443145
2.50973e-07 0.312478 0.687529
0.687164 0.124838 0.19574
2.33945e-07 0.899471 0.100543
2.3986e-07 0.388185 0.611822
0.476825 0.039329 0.50791
2.14569e-08 0.0129535 0.98709
0.4974 0.568876 7.38436e-06
2.46108e-07 0.79393 0.206097
2.45827e-07 0.9764 0.0236133
0.723625 0.357033 5.7037e-08
2.55686e-07 0.725142 0.274866
2.5024e-07 0.687653 0.312356
2.37334e-07 0.463651 0.536357
0.478352 0.233262 0.317883
2.48088e-07 0.544006 0.456
2.36668e-07 0.820819 0.179196
2.49323e-07 0.912699 0.0873078
2.39552e-07 0.674857 0.325148
2.51144e-07 0.294622 0.705386
2.36238e-07 0.504356 0.49565
2.39603e-07 0.53114 0.468864
0.685656 0.0595434 0.260298
2.45833e-07 0.93925 0.0607596
2.49318e-07 0.427167 0.57285
0.857238 0.00213494 0.191696
2.53428e-07 0.620974 0.379033
0.473518 0.539342 0.00340716
2.34837e-07 0.142966 0.857046
2.48335e-07 0.595097 0.404911
2.48645e-07 0.256975 0.743033
2.37124e-07 0.491055 0.508953
2.48831e-07 0.988634 0.011373
0.476222 0.3467 0.198866
2.38614e-07 0.517824 0.482187
