1.32568e-05 0.0426764 0.957375
0.000129028 0.680104 0.320049
0.000122494 0.803995 0.196167
0.000116985 0.383571 0.616417
1.31277e-05 0.229944 0.770207
0.000124217 0.161731 0.838741
0.000115713 0.923687 0.0763418
0.000118167 0.519852 0.480365
0.000117359 0.994479 0.00547526
1.36478e-05 0.0315623 0.968561
0.000129027 0.290565 0.709572
0.000117202 0.278383 0.721722
0.000129109 0.792027 0.208141
1.32778e-05 0.0516386 0.948436
0.00012975 9.67426e-06 1.0002
0.000119055 0.573833 0.42624
0.000115685 0.254237 0.745799
0.774197 0.00038584 0.360963
0.000118789 0.183638 0.816512
0.000114826 0.437467 0.562515
0.000117358 0.474742 0.525229
0.000114849 0.509271 0.490734
0.0001259 0.671244 0.329269
1.07199e-05 0.0201504 0.980334
0.000115934 0.932446 0.0675705
0.000114892 0.914997 0.0850152
0.000115291 0.332771 0.66723
0.00012982 0.696438 0.303656
0.000117044 0.947534 0.052492
1.31194e-05 0.114355 0.885809
0.00011621 0.963489 0.0366009
0.000116486 0.877741 0.122291
1.0604e-05 1.00037 8.01104e-09
0.000117869 0.322444 0.677677
0.00011481 0.498897 0.501069
0.000118378 0.46466 0.535526
1.37863e-05 0.137756 0.8624
1.32704e-05 0.218238 0.781836
0.000115938 0.715231 0.284797
0.000116527 0.867971 0.131986
0.000116638 0.780788 0.219263
0.000115767 0.457298 0.542706
0.000108932 0.311608 0.689226
0.000117423 0.542351 0.457692
0.000116589 0.608203 0.39187
0.00011641 0.619227 0.38073
0.000116863 0.175064 0.824943
0.000115468 0.342926 0.657075
0.000119167 0.405032 0.595124
0.000129904 0.847773 0.152255
0.0001164 0.749295 0.250666
0.000116535 0.970235 0.0297205
0.000115472 0.365621 0.634359
0.000118925 0.628859 0.371276
1.00882 6.95335e-08 1.04974e-11
0.000117086 0.393863 0.606177
0.000117026 0.940683 0.0593115
3.54103e-07 0.00952902 0.990972
0.000116355 0.58552 0.41452
0.00011663 0.726697 0.273287
0.000115182 0.955879 0.0441046
0.000114976 0.531047 0.469015
0.000131064 0.205168 0.795379
0.000115838 0.857182 0.142882
1.21438e-05 0.0721056 0.928271
1.23776e-05 0.0821975 0.918273
0.000129911 0.192071 0.807904
1.33751e-05 0.0622285 0.937973
0.00011889 0.640435 0.36011
0.000123728 0.771422 0.228931
0.000116987 0.596534 0.403441
0.000115243 0.352904 0.647184
1.36932e-05 0.102819 0.897379
0.000115423 0.563873 0.436104
0.000117223 0.374094 0.625972
0.00011552 0.486517 0.513449
0.000114802 0.447631 0.552379
0.000122496 0.703884 0.296272
0.000129908 0.838332 0.161653
0.000125077 0.661563 0.338748
0.000116835 0.986238 0.0137966
0.000117703 0.41666 0.583406
0.00012992 0.815842 0.184153
0.000116533 0.977477 0.0224754
0.000115736 0.895994 0.103983
0.000129931 0.68721 0.312793
0.000124959 0.242363 0.75793
0.000117517 0.904719 0.0953638
0.000117154 0.26521 0.734805
1.38177e-05 0.126048 0.874106
0.00011518 0.428431 0.57155
1.32547e-05 0.0931103 0.90694
1.31087e-05 0.738195 0.261963
0.000115328 0.553358 0.446675
0.000116401 0.760173 0.239865
0.000119034 0.649477 0.350634
0.000117696 0.300204 0.699808
0.000129686 0.888043 0.112205
0.000115045 0.14976 0.850278
0.000129911 0.828017 0.171964
