0.182564 0.572725
0.147865 0.615468
0.0578827 0.759412
0.0310977 0.823655
0.176745 0.57959
0.0349104 0.813157
0.000990996 0.96852
0.0879463 0.703443
0.0329873 0.818376
0.0142423 0.880659
0.188381 0.565971
0.0645615 0.74591
0.0928438 0.695297
0.173853 0.583043
0.0188804 0.862594
0.0691015 0.737128
0.941188 0.0403789
0.0737032 0.728517
0.566732 0.276141
0.62604 0.238439
0.00610013 0.921897
0.194207 0.559311
0.000334939 0.981699
0.145061 0.619131
0.131391 0.637521
0.197099 0.556042
0.0038131 0.93825
0.123447 0.64865
0.0470905 0.782997
0.126071 0.644936
0.150683 0.611821
0.0668266 0.741492
0.0292402 0.829002
0.134075 0.633838
0.00181782 0.957364
0.0831215 0.711692
0.0449973 0.787874
0.162201 0.597258
0.191282 0.562643
0.159301 0.600875
0.0274134 0.83443
0.0429274 0.792811
0.153542 0.608156
0.168026 0.590091
0.0783752 0.720044
0.128719 0.641225
0.00735065 0.914264
0.110505 0.667576
0.00492859 0.929796
0.00276243 0.947441
0.0760313 0.724262
0.95912 0.0374533
0.156421 0.604499
0.0368723 0.807978
0.179648 0.576151
0.0492076 0.778172
0.0513494 0.773396
0.00997993 0.9001
0.00863778 0.90706
0.0172939 0.868494
0.0408801 0.797812
0.0221626 0.851129
0.118234 0.656149
0.999356 0.00137477
0.716745 0.174701
0.0113572 0.89343
0.0535075 0.768683
0.0157515 0.874495
0.0807402 0.715852
1.00041 9.4756e-08
0.100336 0.683241
0.170929 0.586564
0.120835 0.652386
0.0600927 0.754862
0.870198 0.0883922
0.0388589 0.802873
0.0127776 0.886962
0.0978235 0.687233
0.0556875 0.764018
0.0205029 0.856812
2.77001e-08 0.999834
0.115645 0.659933
0.139522 0.626473
0.095323 0.691256
0.0713938 0.732804
0.102858 0.679285
0.165101 0.593674
0.10794 0.671458
0.2 0.552787
0.0256295 0.839908
0.0238779 0.845475
0.0903872 0.699355
0.0623182 0.750364
0.14229 0.622786
0.185474 0.569333
0.113072 0.663738
0.136786 0.630154
0.937965 0.0417597
0.105393 0.675357
0.0855253 0.707553
