2.21591e-06 0.346891 0.653211
1.8828e-05 0.651515 0.3486
5.98025e-10 2.19751e-09 1.00006
4.35895e-06 0.0115441 0.98859
1.9315e-05 0.624209 0.375851
2.11159e-06 0.28251 0.717556
4.57788e-06 0.0990819 0.900941
0.420169 0.340457 0.286979
4.83623e-06 0.953516 0.0465052
1.00547 2.05612e-11 4.20138e-06
2.13121e-06 0.308913 0.691162
4.83704e-06 0.110771 0.889247
1.95156e-05 0.742146 0.257936
2.73553e-06 0.476948 0.523254
4.59631e-06 0.804726 0.195338
2.13303e-06 0.400282 0.599942
4.83643e-06 0.885798 0.114221
0.666371 0.166061 0.180684
4.32984e-06 0.25663 0.743528
1.49813e-06 0.196655 0.803514
0.451416 0.264083 0.328669
3.5186e-06 0.064511 0.935686
1.93217e-05 0.597756 0.402245
1.93255e-05 0.172778 0.827263
4.62169e-06 0.0876306 0.912434
4.14043e-06 0.0237342 0.976441
1.47003e-06 0.18483 0.815292
4.86919e-06 0.976943 0.0230943
4.57081e-06 0.710302 0.289732
0.663164 0.237717 0.107514
4.62099e-06 0.842 0.158062
4.87152e-06 0.125341 0.874696
0.434885 0.331863 0.257976
1.92545e-05 0.548097 0.451971
0.666608 0.190318 0.156063
0.536679 0.00181635 0.573213
1.95356e-05 0.766341 0.233713
4.66125e-06 0.91893 0.0811466
0.429825 0.153522 0.424969
3.89006e-06 0.0377768 0.962491
2.65822e-06 0.463468 0.536621
2.66028e-06 0.519698 0.480393
2.66112e-06 0.450567 0.549513
1.93223e-05 0.572442 0.427564
1.68828e-05 1.00051 3.88792e-10
2.11147e-06 0.295912 0.704159
1.88518e-05 0.49113 0.508961
4.5683e-06 0.791518 0.208522
4.57618e-06 0.141132 0.858903
1.95383e-05 0.753849 0.24622
4.5556e-06 0.829845 0.170203
1.39226e-06 0.22083 0.779299
4.57182e-06 0.817088 0.182945
0.652813 9.69518e-05 0.368395
0.425329 0.121066 0.471373
0.434891 0.202478 0.369509
2.59215e-06 0.425778 0.574264
4.83768e-06 0.942062 0.0579646
4.87559e-06 0.988565 0.0114753
1.51062e-06 0.208375 0.791839
4.62385e-06 0.0762303 0.923838
0.75144 0.0495538 0.302492
1.93216e-05 0.610617 0.389386
0.657689 0.0930718 0.278222
2.59054e-06 0.438168 0.561876
2.58992e-06 0.413352 0.586686
4.57103e-06 0.778479 0.221565
1.88437e-05 0.560433 0.439691
0.667768 0.203646 0.143456
4.58025e-06 0.896636 0.103405
2.58764e-06 0.505407 0.49465
2.19711e-06 0.372885 0.62716
1.46592e-06 0.232466 0.767662
1.93211e-05 0.637307 0.36271
2.19175e-06 0.269315 0.730756
4.05994e-06 0.244689 0.755468
0.659825 0.324947 0.0184901
0.660766 0.134883 0.209037
4.54297e-06 0.907888 0.0921826
0.659809 0.343439 8.46314e-09
1.92454e-05 0.679913 0.320166
0.6594 0.303647 0.0395828
4.67261e-06 0.72533 0.274823
1.95322e-05 0.533644 0.466479
2.11013e-06 0.321457 0.678614
4.8111e-06 0.875135 0.124915
2.16141e-06 0.334101 0.665994
0.659969 0.244108 0.099419
4.70853e-06 0.930401 0.0696687
4.88546e-06 0.156668 0.843438
0.748445 0.101951 0.248292
4.83484e-06 0.0515568 0.948468
2.37381e-06 0.386689 0.613511
1.96578e-05 0.694295 0.305975
4.67842e-06 0.852928 0.147153
4.87297e-06 0.964958 0.03507
1.887e-05 0.58504 0.415088
1.92455e-05 0.665615 0.334418
4.78352e-06 0.864074 0.136029
2.24974e-06 0.359371 0.640743
