0.677853 0.273571 0.0680659
5.40994e-07 0.661663 0.338343
5.40319e-07 0.989768 0.0102414
0.678613 0.318963 0.0241058
5.22081e-08 0.0364988 0.963566
5.40655e-07 0.704195 0.295811
6.01124e-07 0.934229 0.0657814
0.975783 0.118903 3.60067e-06
0.684111 0.00202452 0.338423
5.40646e-07 0.590749 0.409254
5.61822e-07 0.355953 0.644063
0.672653 0.100044 0.233932
6.00109e-07 0.821771 0.178245
5.52708e-07 0.125155 0.874854
5.52385e-07 0.746891 0.253116
5.92105e-07 0.563081 0.436925
4.77454e-07 0.328206 0.671833
5.38715e-07 0.979199 0.0208204
6.00653e-07 0.647816 0.35219
0.452899 0.141959 0.440697
0.682922 0.284312 0.0601221
5.52e-07 0.761333 0.238674
5.60313e-07 0.442257 0.557751
5.95799e-07 0.797186 0.202827
0.688703 0.242442 0.0991082
5.82286e-07 1.00002 2.25953e-10
5.31123e-07 0.483083 0.516935
6.07575e-07 0.112051 0.887978
5.5189e-07 0.314175 0.685831
1.07781 3.33915e-07 0.0146769
5.52679e-07 0.675417 0.324588
5.76471e-07 0.54922 0.450792
0.695179 9.99485e-14 0.342883
5.88128e-07 0.909633 0.0903744
5.1848e-07 0.946047 0.0539803
5.88323e-07 0.921813 0.0781965
5.32794e-07 0.968796 0.0312328
6.0059e-07 0.189411 0.810594
1.04131 0.000146817 1.08612e-08
0.672565 0.0248307 0.309111
5.93476e-07 0.847205 0.152799
5.38798e-07 0.733211 0.266797
5.86328e-07 0.576893 0.423115
5.84197e-07 0.872492 0.127515
5.39551e-07 0.509928 0.490078
5.9076e-07 0.243211 0.756801
5.86336e-07 0.809226 0.190782
5.40691e-07 0.256627 0.743379
0.672152 0.21216 0.121476
5.52811e-07 0.718813 0.281192
5.95061e-07 0.414492 0.585526
5.43693e-07 0.300081 0.69993
5.25326e-07 0.496505 0.503506
4.56873e-08 0.0127488 0.987306
0.678038 0.118459 0.218005
5.86749e-07 0.885026 0.114984
0.680426 0.343919 1.33999e-07
5.39308e-07 0.689532 0.310477
5.75619e-07 0.619808 0.380206
5.40125e-07 0.174146 0.825861
0.458282 0.215402 0.366057
0.67744 0.0459775 0.290204
5.60969e-07 0.456183 0.543826
5.52154e-07 0.522984 0.477023
0.448065 0.346398 0.242586
5.46354e-07 0.229489 0.770525
5.93536e-07 0.270905 0.729099
5.36366e-07 0.0748609 0.92517
0.673165 0.17419 0.160061
5.6025e-07 0.285899 0.714111
5.92229e-07 0.772841 0.227168
4.49429e-07 0.0253222 0.974718
5.76972e-07 0.0880212 0.911996
0.464249 0.233047 0.343927
5.50854e-07 0.157957 0.842056
0.682789 0.0815928 0.264535
5.88996e-07 0.203125 0.796882
0.467198 0.299788 0.301357
5.53824e-07 0.0614711 0.938545
0.678287 0.22741 0.109214
5.87034e-07 0.605231 0.394777
5.87763e-07 0.897348 0.102662
5.5231e-07 0.341811 0.658192
5.26345e-07 0.141695 0.858328
5.91466e-07 0.834448 0.165559
5.78792e-07 0.469481 0.53053
4.54468e-07 0.100309 0.899748
5.84635e-07 0.859863 0.140147
5.83903e-07 0.633881 0.366129
5.24112e-07 0.0479653 0.952048
5.52286e-07 0.399913 0.60009
5.92004e-07 0.428892 0.571112
5.92913e-07 0.216401 0.783611
0.446192 0.128355 0.453249
4.648e-12 5.0805e-10 1.00001
5.24262e-07 0.957906 0.0421094
5.78723e-07 0.784809 0.215203
5.93453e-07 0.370116 0.629889
5.52564e-07 0.536126 0.463879
5.51247e-07 0.38496 0.61505
