0.0758489 0.724593
0.00328908 0.942649
0.116786 0.65826
0.00883015 0.906031
0.114294 0.661925
0.0285209 0.831119
0.163409 0.595761
0.0141919 0.88087
0.0171133 0.869182
0.109332 0.669347
0.0781583 0.720432
0.155342 0.605866
0.106869 0.673092
0.0434659 0.791515
0.0454637 0.786778
0.0645451 0.745943
0.179957 0.575786
0.0922973 0.696195
0.139642 0.626312
0.0201978 0.857881
0.182781 0.572471
0.0357475 0.81093
0.194202 0.559316
0.111812 0.665617
0.00532553 0.927024
0.16613 0.592409
0.934547 0.0428349
0.00427447 0.934621
0.94686 0.0423573
0.0735557 0.728788
0.150058 0.612627
0.0114201 0.893135
0.0320762 0.820902
0.0601531 0.754739
0.0474855 0.782088
0.119296 0.654608
0.142227 0.622871
0.121808 0.65099
0.0414941 0.796299
0.185615 0.569169
0.0127783 0.886959
0.0579862 0.759197
0.197096 0.556045
0.124326 0.647401
0.137071 0.629768
0.000844 0.970948
0.00237932 0.951222
0.000282835 0.983182
0.174375 0.582418
0.0828252 0.712206
0.0851732 0.708156
0.0267892 0.836326
0.144823 0.619444
0.147432 0.616031
0.015635 0.87496
0.998485 0.00620353
0.0495427 0.777418
0.0302794 0.82599
0.0217921 0.852379
1.70964e-08 0.999869
0.0186396 0.863473
0.129401 0.640276
0.2 0.552787
0.0234268 0.846942
0.0376324 0.806009
0.0804846 0.716302
0.0623389 0.750322
0.0250898 0.841602
0.00761111 0.912758
0.0338892 0.81591
0.0971083 0.688378
0.152693 0.609241
0.0875362 0.704135
0.694289 0.193703
0.0537175 0.76823
0.0395503 0.801127
0.071279 0.733019
0.134512 0.633241
0.0690162 0.737291
0.101971 0.680671
0.0899083 0.700153
0.0946987 0.692269
0.168856 0.589079
0.00643728 0.919767
0.160702 0.599123
0.0101036 0.899483
0.158012 0.602493
0.188461 0.565879
0.191327 0.562591
0.00155812 0.960527
0.0516188 0.772802
0.0995356 0.684507
1.00019 2.22087e-16
0.0667716 0.741598
0.0558401 0.763695
0.131955 0.636744
0.171606 0.585747
0.126857 0.64383
0.177157 0.579099
0.104421 0.676858
