3.50199e-09 0.582764 0.417237
2.59894e-09 0.513283 0.48672
0.299607 0.263116 0.4606
0.436001 0.374259 0.285176
0.691741 0.298271 0.0814364
0.668601 0.231858 0.146459
3.92432e-09 0.975462 0.0245404
3.45949e-09 0.183626 0.816376
8.62089e-13 0.0838166 0.916184
0.425812 0.153601 0.487872
3.37526e-09 0.726542 0.273464
3.50396e-09 0.889955 0.110046
3.506e-09 0.695936 0.304066
3.60188e-09 0.987951 0.0120513
0.547539 0.419372 0.0468377
3.49199e-09 0.274359 0.725642
0.545444 0.359578 0.102945
3.49242e-09 0.548018 0.451985
1.32325e-09 0.0971561 0.902847
3.50395e-09 0.459509 0.540493
0.679342 0.206138 0.175453
3.43986e-09 0.754227 0.24578
3.625e-13 0.0428669 0.957133
3.48709e-09 0.841738 0.158263
3.66889e-09 0.477632 0.522372
3.50947e-09 0.780279 0.219723
3.47313e-09 0.495698 0.504304
2.70758e-09 0.421874 0.578133
1.96104e-09 0.137382 0.862629
8.86008e-12 0.740629 0.259373
1.03056 0.000185531 2.81578e-09
0.682258 0.334628 0.0461941
3.4377e-09 0.292359 0.707644
3.49424e-09 0.440709 0.559295
2.60274e-09 0.530786 0.469216
4.04332e-13 0.0703657 0.929635
0.679151 0.000154609 0.376669
2.53096e-12 0.256787 0.743213
3.48943e-09 0.817599 0.182401
0.544031 0.39269 0.0704558
3.33376e-09 0.853817 0.146185
3.54487e-09 0.865826 0.134174
3.45523e-09 0.648555 0.35145
2.64552e-09 0.403036 0.596969
3.38111e-09 0.877827 0.122174
0.546914 0.332278 0.131401
3.67621e-09 0.914439 0.0855621
3.46634e-09 0.327757 0.672245
0.290182 0.169958 0.559632
0.548513 0.288332 0.178798
1.07301e-12 0.110656 0.889344
3.40111e-12 0.365205 0.634795
3.51065e-09 0.767596 0.232405
0.67693 0.241789 0.134265
0.297745 0.220873 0.502046
3.77257e-09 0.951187 0.0488154
3.68364e-09 0.902194 0.097808
3.48817e-09 0.793122 0.206878
3.67922e-09 0.926869 0.0731328
1.46955e-12 0.309782 0.690219
3.50167e-09 0.565278 0.434724
0.549522 5.31656e-08 0.468003
0.677261 0.0752634 0.300794
3.48333e-09 0.618848 0.381153
0.547995 0.466431 7.75979e-14
3.52006e-09 0.711745 0.288266
2.35178e-12 0.34633 0.653671
1.7709e-09 0.124061 0.875941
0.672548 0.102952 0.277405
1.40863e-13 0.0290576 0.970943
2.19301e-09 0.149922 0.850094
0.673226 0.182659 0.197413
1.60999e-12 0.384272 0.615728
1.72372e-12 0.0147103 0.98529
2.62111e-09 0.239182 0.760819
0.698471 0.138453 0.249297
0.452274 0.341346 0.328797
2.60877e-09 0.220613 0.779389
3.97316e-09 0.963297 0.036705
3.50309e-09 0.633473 0.366528
0.680545 0.38017 9.39948e-07
0.54911 0.09869 0.367412
4.73093e-05 1.00016 8.56459e-12
3.54024e-09 0.829777 0.170223
3.36324e-12 0.0567677 0.943233
0.459343 0.256854 0.397125
0.675876 0.0482201 0.331553
3.59602e-09 0.680014 0.319993
3.50329e-09 0.600695 0.399305
2.61936e-09 0.164797 0.835204
0.692302 0.121023 0.259417
0.545759 0.0631293 0.400061
3.28877e-20 2.04752e-11 1
0.294679 0.345489 0.389031
3.5241e-09 0.805499 0.194502
2.64586e-09 0.202205 0.797796
3.7244e-09 0.939056 0.0609464
0.545674 0.022507 0.440445
1.07785 9.68815e-07 0.0100522
3.52185e-09 0.663914 0.336089
