0.00981732 0.900918
0.0112004 0.894168
0.11631 0.658958
0.0416789 0.795846
0.0219534 0.851833
0.00267976 0.948234
0.131094 0.637931
0.104393 0.676901
0.0156024 0.87509
0.0341746 0.815136
0.0287823 0.830346
0.0748087 0.726488
0.0770073 0.722498
0.174984 0.581689
0.109124 0.669661
0.197146 0.555989
0.121177 0.651895
0.0378822 0.805366
0.118735 0.655421
0.16696 0.591393
0.128596 0.641397
0.172287 0.584925
0.0187095 0.863217
0.2 0.552787
0.0515209 0.773018
0.138656 0.627634
0.0597705 0.75552
0.0661278 0.742847
0.185909 0.568829
0.0171381 0.869088
0.0576839 0.759825
0.0682802 0.738695
0.740583 0.168545
0.0704501 0.734576
0.0859211 0.706877
0.123639 0.648377
0.102039 0.680564
0.180415 0.575247
1.85211e-08 0.999864
0.00369785 0.93919
0.0535556 0.768579
0.0973736 0.687953
0.188682 0.565625
0.0253127 0.8409
0.169614 0.588158
0.0475168 0.782017
0.0881828 0.703044
0.146264 0.617555
0.00596376 0.922775
0.113899 0.66251
0.072619 0.730521
0.0836733 0.710737
0.133607 0.634477
0.0126288 0.887622
0.0203182 0.857458
0.000319777 0.982118
1.0002 0.00305845
0.0556092 0.764184
0.00175633 0.958091
0.00719324 0.915187
0.0814404 0.714622
0.03977 0.800576
0.183147 0.572043
0.143722 0.620893
0.136127 0.631047
0.079218 0.718543
0.164331 0.594622
0.0455508 0.786574
1.00046 0.00116029
0.0236196 0.846313
0.0270345 0.835578
0.0140959 0.881274
0.0495088 0.777494
0.00847995 0.907913
0.151373 0.610933
0.0436039 0.791185
0.106749 0.673275
0.194303 0.559202
0.0360168 0.810219
0.141187 0.624251
0.111505 0.666076
0.191485 0.56241
0.148815 0.614234
0.0618753 0.751253
0.177688 0.57847
0.0904617 0.699231
0.161716 0.597861
0.156523 0.604371
0.0997014 0.684245
0.0323513 0.820135
0.030553 0.825206
0.0927555 0.695442
0.0950573 0.691686
0.00479518 0.930753
0.153941 0.607647
1.00211 3.86258e-08
0.000954554 0.969104
0.159111 0.601113
0.126111 0.644879
0.0639973 0.747023
