0.0991169 0.685172
0.150394 0.612194
0.953881 0.0337565
0.0870254 0.704999
0.00768546 0.912333
0.0039505 0.937147
0.950574 0.0341322
0.0499438 0.776519
0.730267 0.16833
0.0846825 0.708998
0.794759 0.128398
0.0104918 0.89757
0.0823395 0.713051
0.109391 0.669257
0.070649 0.734201
0.133597 0.634491
0.156135 0.604861
0.122709 0.649701
0.0455804 0.786504
0.859818 0.0976904
0.0894005 0.701001
0.147552 0.615875
0.0273425 0.834644
0.0589932 0.757115
0.117336 0.657456
0.00512312 0.928424
0.12541 0.645868
0.161913 0.597616
0.0636261 0.747758
0.0135055 0.883787
0.0566943 0.761894
0.0371828 0.807172
0.101632 0.681203
0.999868 0.000448476
0.0351548 0.812504
0.0392399 0.801909
0.0966551 0.689106
0.0167156 0.870711
0.713634 0.186671
0.191177 0.562762
0.139127 0.627003
0.136351 0.630742
0.0753313 0.725535
0.0201037 0.858212
0.188239 0.566135
0.104178 0.677234
0.0254787 0.840379
0.0018759 0.956688
0.668637 0.216022
0.167723 0.59046
0.130856 0.63826
0.0800074 0.717144
0.0682967 0.738664
0.128124 0.642056
0.0613045 0.752403
0.0942048 0.693072
0.0477497 0.781483
1.00016 6.65296e-11
0.0183908 0.864387
0.170641 0.586913
2.74312e-08 0.999834
0.173558 0.583397
0.0544205 0.766718
0.00906166 0.904807
0.0521706 0.771591
0.041325 0.796715
0.112016 0.665312
0.0331553 0.817914
0.182363 0.572961
0.15902 0.601227
0.0150887 0.877164
0.144729 0.619567
0.106777 0.673232
0.0236495 0.846216
0.185312 0.569521
0.0730148 0.729787
0.09179 0.697031
0.176495 0.579887
0.197051 0.556096
0.0776882 0.721274
0.913317 0.0547102
0.0119731 0.890578
0.0292478 0.82898
0.120013 0.653571
0.00286164 0.946506
0.000342066 0.981505
0.179421 0.576419
0.00637054 0.920184
0.199999 0.552787
0.021858 0.852156
0.153257 0.608519
0.0659586 0.743176
0.0311859 0.823405
0.0434378 0.791583
0.194114 0.559417
0.14192 0.623278
0.114667 0.661374
0.00101879 0.968082
0.16482 0.594019
0.885947 0.0791826
