0.136895 0.630006
0.0333172 0.81747
0.191496 0.562398
0.183111 0.572086
0.115922 0.659526
0.139566 0.626415
0.161146 0.59857
0.0501962 0.775955
0.0669006 0.741348
0.0125483 0.887981
0.0985744 0.686034
0.180338 0.575337
0.0265319 0.837114
0.00477666 0.930887
0.100984 0.682221
0.0350719 0.812725
0.142247 0.622843
0.113389 0.663267
1.00029 1.53462e-09
0.0386909 0.8033
0.0216613 0.852822
0.0154904 0.87554
0.0017513 0.958151
0.121077 0.652039
0.0443133 0.789493
0.0563125 0.762697
0.134234 0.63362
0.174825 0.581879
0.169339 0.588492
0.0522167 0.77149
0.0800564 0.717058
0.0914778 0.697547
0.0424166 0.794047
0.0626335 0.749733
0.123678 0.648322
0.0185307 0.863872
0.0542542 0.767075
0.185892 0.568847
0.815421 0.117096
0.058402 0.758335
0.000950796 0.969165
0.0248904 0.842233
0.00976953 0.901159
0.0462454 0.784952
0.118491 0.655774
0.0084409 0.908126
0.0140056 0.881655
0.0891637 0.701397
0.000319053 0.982138
0.128933 0.640927
0.1263 0.644613
0.177575 0.578603
0.158436 0.60196
0.105866 0.674629
0.197153 0.555981
0.0868579 0.705283
0.0111438 0.894436
0.0368641 0.808
0.0756145 0.725019
0.188687 0.565618
0.0845736 0.709185
0.194319 0.559183
0.0690595 0.737208
0.103421 0.678409
0.131581 0.63726
0.0482039 0.780446
0.153006 0.60884
0.0823053 0.713111
0.0169977 0.869625
0.0315847 0.822279
0.163878 0.595182
0.172077 0.585179
0.0938253 0.693691
0.199999 0.552787
0.00267164 0.948312
0.166604 0.591829
0.0281924 0.832094
0.147618 0.615789
0.0734138 0.72905
0.0405409 0.798652
0.0200838 0.858283
0.0647597 0.745521
0.0298802 0.827141
0.868957 0.0837745
0.0712303 0.73311
0.626441 0.233248
0.999574 0.00221241
2.55838e-08 0.99984
0.108362 0.670816
0.0778273 0.721025
0.0232753 0.847437
0.00716403 0.915359
0.150312 0.612299
0.0605101 0.754012
0.144928 0.619306
0.00593941 0.922932
0.00368432 0.939301
0.155712 0.605397
0.0961888 0.689857
0.110865 0.667036
