0.0213304 0.853951
0.119056 0.654955
0.166666 0.591752
0.169397 0.588422
0.010855 0.895813
0.062941 0.74912
0.035088 0.812682
0.139817 0.626079
0.0504533 0.775382
0.824644 0.115913
0.155833 0.605244
0.080565 0.71616
0.104094 0.677365
0.137182 0.62962
0.0524816 0.770911
0.0136669 0.883094
0.00950991 0.902481
0.174886 0.581806
0.191535 0.562353
0.0262919 0.837852
0.0944633 0.692651
0.15853 0.601842
0.18317 0.572017
0.150456 0.612114
0.116522 0.658648
0.0716253 0.732371
0.00357636 0.940197
0.0545356 0.766471
2.31832e-08 0.999848
0.00821326 0.909373
0.106544 0.673589
0.0181717 0.865198
0.019736 0.859515
0.2 0.552787
0.0425779 0.793656
0.076063 0.724205
0.00030928 0.982414
0.194346 0.559153
0.129341 0.64036
0.00092261 0.969626
0.180399 0.575266
0.0229552 0.84849
0.0314929 0.822538
0.14246 0.622561
0.00464073 0.931877
0.0369216 0.80785
0.0650907 0.744871
0.0387839 0.803064
0.0921002 0.69652
0.0279979 0.832674
0.0897584 0.700403
0.0783078 0.720165
0.082835 0.712189
0.185949 0.568782
0.099243 0.684971
0.172134 0.58511
0.998838 0.00174775
0.0694314 0.736502
0.00258999 0.949108
0.197168 0.555964
0.0122401 0.889365
0.00169719 0.958803
0.842831 0.10614
0.126753 0.643976
0.10166 0.681159
1.00077 2.37408e-10
0.0586978 0.757724
0.145119 0.619056
0.0608097 0.753404
0.572934 0.275371
0.0672519 0.74067
0.111498 0.666086
0.044513 0.789019
0.0297328 0.827568
0.0151333 0.876982
0.0874335 0.704308
0.188736 0.565562
0.10901 0.669833
0.153139 0.608671
0.00577319 0.924019
0.124173 0.647618
0.0406677 0.798338
0.131944 0.636759
0.0851259 0.708237
0.0246096 0.843126
0.163948 0.595095
0.114002 0.662358
0.121607 0.651278
0.0566072 0.762077
0.0484481 0.779891
0.0738368 0.728271
0.161237 0.598457
0.177639 0.578528
0.0166351 0.871023
0.00696701 0.916531
0.134558 0.633178
0.0968445 0.688801
0.0332776 0.817578
0.147777 0.615582
0.0464701 0.784431
