0.662232 0.25538 0.0891771
2.58391e-05 0.294313 0.705719
0.664802 0.212693 0.132932
2.62615e-05 0.930509 0.0695629
4.231e-05 0.61716 0.383098
0.661851 0.0635194 0.280178
2.54003e-05 0.860516 0.139508
2.59015e-05 0.782175 0.217903
2.57889e-05 0.43332 0.566801
2.59166e-05 0.590657 0.409458
0.661778 0.29741 0.0469752
2.55625e-05 0.849375 0.150664
2.62068e-05 0.918542 0.0815059
2.55773e-05 0.265129 0.734888
2.58731e-05 0.464432 0.535596
2.52952e-05 0.895891 0.104254
2.58478e-05 0.492822 0.507205
2.48385e-05 0.417526 0.582603
0.441701 0.216765 0.361663
0.42174 0.390551 0.206403
0.665766 0.231589 0.114628
2.57598e-05 0.577729 0.422447
4.24574e-05 0.629522 0.370707
2.64238e-05 0.175589 0.824493
2.55997e-05 0.447895 0.552179
4.27149e-05 0.535863 0.464269
0.667847 0.194651 0.153041
1.01782 2.56127e-08 7.55009e-07
2.59649e-05 0.0651518 0.934955
2.55272e-05 0.217078 0.782993
0.662175 0.18108 0.163145
2.27294e-06 0.661366 0.338896
2.54367e-05 0.0870745 0.912955
2.53996e-05 0.0335051 0.966509
2.63747e-05 1.00012 2.18967e-13
2.6245e-05 0.814341 0.185696
2.56266e-05 0.69312 0.306914
2.54385e-05 0.907012 0.0930307
4.40233e-05 0.603582 0.396987
4.24207e-05 0.54965 0.450543
2.53894e-05 0.884788 0.115249
2.5e-05 0.873112 0.127015
2.66378e-05 0.20122 0.79883
2.6568e-05 0.974626 0.025431
0.677699 7.24493e-07 0.356737
2.55831e-05 0.322948 0.677064
2.56947e-05 0.0767891 0.923259
2.58904e-05 0.147997 0.852054
2.55858e-05 0.279429 0.720583
0.436215 0.297252 0.283305
2.66287e-05 0.940892 0.0591664
2.32677e-06 0.677029 0.323352
2.5583e-05 0.308647 0.691354
2.55423e-05 0.827553 0.172478
2.66966e-05 0.508371 0.491726
2.6559e-05 0.188923 0.811163
4.24182e-05 0.563771 0.43645
0.435849 0.161177 0.423099
0.661068 0.305322 0.0379761
3.43643e-06 0.0114507 0.988829
0.424824 0.121676 0.467753
0.4327 0.329322 0.256059
2.60315e-05 0.230551 0.769491
4.27312e-05 0.52221 0.477917
0.445595 0.24081 0.341774
0.665391 0.341654 0.00368341
2.57167e-05 0.963183 0.0368882
0.662083 0.0959578 0.247897
2.64046e-05 0.248455 0.751631
0.664219 0.121319 0.223932
2.50356e-05 0.838649 0.161455
2.58871e-05 0.747407 0.252621
2.58618e-05 0.111995 0.888033
2.58569e-05 0.72746 0.272627
2.60447e-05 0.477037 0.523044
2.48302e-05 0.0546792 0.945413
2.60326e-05 0.764823 0.235242
0.666219 0.0093463 0.336377
0.424524 0.357025 0.230394
2.54259e-05 0.130554 0.869498
0.66378 0.158777 0.186373
2.6623e-05 0.385171 0.61488
2.74662e-05 0.370178 0.630258
2.55809e-05 0.354167 0.645858
2.57752e-05 0.709219 0.290958
2.66498e-05 0.398953 0.601114
0.694862 0.358569 7.17186e-08
2.61951e-05 0.162756 0.837325
2.61167e-05 0.951842 0.0482513
2.62343e-05 0.986972 0.0130579
0.664791 0.0775948 0.267473
2.54339e-05 0.338376 0.661659
2.58303e-05 0.801153 0.198877
0.662031 0.141052 0.202945
3.35395e-06 0.0448554 0.955393
0.666956 0.26817 0.0787914
5.73367e-11 1.7309e-10 1.00003
2.62112e-05 0.0988682 0.901165
2.59529e-05 0.64458 0.355527
3.43094e-06 0.0214468 0.978758
