1.60634e-05 0.868376 0.131654
1.56502e-05 0.856564 0.143487
3.01784e-07 0.0423058 0.957961
1.7132e-06 0.370036 0.630096
1.44617e-05 0.783534 0.216488
1.55794e-05 0.242624 0.757389
1.61052e-05 0.616871 0.383224
0.647247 0.00354103 0.509116
1.44655e-05 0.578083 0.421972
1.43243e-05 0.436815 0.563252
1.58238e-05 0.605746 0.394262
1.58352e-05 0.974382 0.0256514
1.09916e-07 0.0143063 0.985784
1.42817e-05 0.538031 0.461992
1.78046e-06 0.0694356 0.930745
1.44731e-05 0.147633 0.852432
0.768941 0.0537954 0.222165
1.57001e-05 0.962589 0.0374972
1.45031e-05 0.268116 0.73189
1.45016e-05 0.255182 0.744829
1.58511e-05 0.815515 0.184517
0.522346 6.82617e-07 0.556998
1.58486e-05 0.689358 0.310708
0.764733 0.25013 0.0245387
1.55408e-05 0.651957 0.348062
1.57856e-05 0.987089 0.0129606
1.58242e-05 0.938698 0.0613029
1.58777e-05 0.383323 0.616754
0.820094 0.114446 0.170948
2.1225e-06 0.0962122 0.903942
1.61564e-05 0.329462 0.670707
0.741475 0.142284 0.14022
1.6028e-05 0.879693 0.120389
1.55198e-05 0.316452 0.683599
1.41177e-05 0.136478 0.86366
1.44239e-05 1.00003 1.65523e-10
0.589823 0.269202 0.235058
1.57569e-05 0.794168 0.205901
1.55376e-05 0.591532 0.40849
1.3722e-05 0.16147 0.838676
1.44315e-05 0.756048 0.244477
0.749758 0.279311 0.00664982
1.41657e-05 0.515468 0.484572
1.55388e-05 0.62798 0.372038
1.64227e-06 0.055785 0.944419
1.43494e-05 0.122628 0.877473
1.58027e-05 0.700939 0.299145
1.56606e-05 0.835561 0.164507
1.45127e-05 0.201463 0.798576
1.72637e-06 0.412109 0.588048
1.44425e-05 0.741038 0.259135
1.55764e-05 0.951281 0.0487552
1.58539e-05 0.805097 0.194924
1.36954e-05 0.469162 0.530948
0.747331 0.235247 0.0334572
1.37719e-05 0.35652 0.643588
1.44542e-05 0.771818 0.228282
0.744289 0.00025195 0.283335
1.44996e-05 0.45849 0.541545
0.749631 0.176183 0.093319
1.45036e-05 0.564411 0.435626
1.55787e-05 0.825748 0.174263
1.47961e-05 0.303683 0.696426
1.55676e-05 0.9031 0.0969344
1.38384e-05 0.174908 0.82522
1.39122e-05 0.480918 0.51917
1.5643e-05 0.891002 0.109018
0.775222 0.195612 0.0839502
1.42793e-05 0.504351 0.495668
1.44146e-05 0.292429 0.707646
0.580318 0.246382 0.247855
1.68979e-06 0.229592 0.770558
1.60579e-05 0.677686 0.322428
1.37563e-05 0.34309 0.656985
2.12316e-06 0.0831193 0.917033
1.56289e-05 0.63942 0.360646
1.55883e-05 0.845597 0.154423
1.41811e-05 0.447624 0.552447
1.45691e-05 0.712988 0.28736
6.73525e-09 2.25307e-09 1.00004
0.779687 0.0306951 0.248979
0.76463 0.0768067 0.198585
1.55378e-05 0.665115 0.334904
1.58274e-05 0.914052 0.085961
1.45077e-05 0.550271 0.44976
2.06185e-06 0.110192 0.88999
0.571052 0.179655 0.30645
1.42868e-05 0.187998 0.812047
1.60937e-05 0.215542 0.784559
2.32638e-07 0.0287592 0.971466
1.60644e-05 0.926101 0.0739234
1.38222e-05 0.492832 0.507296
1.01573 7.55136e-08 1.84418e-11
1.42115e-05 0.727894 0.272389
1.70009e-06 0.397912 0.602211
1.58482e-05 0.425567 0.574486
1.41668e-05 0.526554 0.473484
1.5595e-05 0.280761 0.719291
0.555384 0.211805 0.291954
0.770868 0.289462 2.80203e-05
