2.1323e-13 0.132764 0.867236
2.41212e-13 0.154898 0.845102
2.39857e-13 0.341276 0.658724
0.762919 0.00733897 0.240528
0.578489 0.231345 0.20857
2.40206e-13 0.826071 0.173929
0.765789 0.197177 0.0514066
2.43254e-13 0.701878 0.298122
2.38641e-13 0.317127 0.682873
2.417e-13 0.0329132 0.967087
2.3628e-13 0.66343 0.33657
1.78487e-11 0.913787 0.0862131
0.769397 0.221888 0.027524
1.65584e-11 0.650657 0.349343
2.41826e-13 0.280103 0.719897
2.42388e-13 0.753767 0.246233
2.00919e-13 0.62524 0.37476
2.40347e-13 0.71477 0.28523
1.00578 5.65535e-06 7.62701e-10
2.09255e-13 0.267702 0.732299
2.46563e-13 0.848019 0.151981
2.44274e-13 0.549096 0.450904
2.41141e-13 0.740694 0.259306
2.44088e-13 0.92471 0.07529
1.65229e-13 0.486638 0.513362
2.4034e-13 0.727711 0.272289
2.326e-13 0.329215 0.670785
1.93031e-13 0.56171 0.43829
1.71923e-13 0.110589 0.889411
0.759506 0.0775894 0.169107
2.40968e-13 0.780166 0.219834
2.41489e-13 0.978724 0.0212758
0.764091 0.142909 0.104977
2.46006e-13 0.461792 0.538209
1.11602e-13 0.0109113 0.989089
2.43934e-13 0.793476 0.206524
2.45387e-13 0.689 0.311
2.4459e-13 0.388932 0.611068
1.62319e-11 0.599756 0.400244
2.43188e-13 0.0439983 0.956002
0.758737 0.11696 0.129499
1.51825e-13 0.304897 0.695103
0.759267 0.246576 0.000114083
9.35534e-14 0.229733 0.770267
2.35825e-13 0.0550869 0.944913
1.678e-13 0.0994202 0.90058
2.37797e-13 0.191659 0.808342
2.45074e-13 0.587056 0.412944
2.10095e-13 0.377022 0.622978
2.49675e-13 0.536541 0.463459
0.891862 0.000196231 0.210767
2.37149e-13 0.178766 0.821234
2.37436e-13 0.957146 0.0428539
1.19235e-13 0.400894 0.599106
6.45921e-13 0.165813 0.834187
0.763998 0.04897 0.198955
1.84002e-13 0.292589 0.707411
3.22525e-12 5.63034e-11 1
0.763488 0.171347 0.0763117
2.41203e-13 0.499078 0.500922
8.66957e-14 0.217089 0.782911
9.09688e-14 0.121675 0.878325
0.758067 0.0932932 0.15295
2.38909e-13 0.935625 0.0643752
6.93225e-13 0.0882996 0.9117
2.51707e-13 0.946403 0.0535965
0.763472 0.018942 0.228979
2.72643e-13 0.0772121 0.922788
2.38123e-13 0.837031 0.162969
2.63002e-13 0.57439 0.42561
1.68206e-11 0.869941 0.13006
2.39495e-13 0.353213 0.646787
2.70795e-13 0.967944 0.0320559
2.45791e-13 0.815149 0.184851
2.00142e-13 0.612497 0.387503
2.42574e-13 0.524041 0.475959
2.40952e-13 0.424853 0.575147
2.46966e-13 0.511561 0.488439
2.44466e-13 0.766904 0.233096
0.581372 0.169853 0.26909
2.49048e-13 0.891842 0.108158
1.48836e-13 0.255169 0.744832
2.35488e-13 0.412845 0.587155
2.42276e-13 0.0218861 0.978114
2.38634e-13 0.474161 0.525839
2.46043e-13 0.365121 0.634879
1.81917e-11 1 3.10796e-12
2.24409e-13 0.449452 0.550548
2.42304e-13 0.676182 0.323818
2.06257e-13 0.437116 0.562884
2.39291e-13 0.204429 0.795571
1.68024e-11 0.880892 0.119108
2.39683e-13 0.0661597 0.93384
1.41479e-13 0.242557 0.757444
2.4252e-13 0.804301 0.195699
1.51761e-13 0.143896 0.856104
2.40316e-13 0.902811 0.0971891
2.45376e-13 0.637964 0.362036
2.43038e-13 0.858996 0.141004
1.79993e-11 0.98938 0.01062
