0.751612 0.073646 0.201839
1.40213e-07 0.146684 0.853332
0.598742 0.233342 0.175232
1.39954e-07 0.842996 0.157008
1.46105e-07 0.230213 0.769807
1.29585e-07 0.181896 0.818115
0.328944 0.45148 0.236334
1.45047e-07 0.988249 0.0117605
0.347523 0.147944 0.520177
1.28402e-07 0.568924 0.431083
1.01706 1.54732e-06 3.11187e-06
1.41409e-07 0.0309429 0.969064
1.26743e-07 0.455594 0.544413
0.751459 0.140673 0.134512
1.30466e-07 0.407872 0.59214
0.604283 0.268291 0.143535
3.30619e-05 0.879713 0.120303
0.652217 0.430276 4.19922e-09
1.41739e-07 0.0738395 0.926171
1.40315e-07 0.127827 0.872176
0.793586 0.0241076 0.265234
0.599081 0.103662 0.304733
1.41051e-07 0.855247 0.144757
1.13384e-07 0.0156136 0.984422
1.27072e-07 0.439784 0.560225
1.40248e-07 0.618414 0.38159
1.27175e-07 0.773428 0.22666
0.746245 0.236218 0.0372602
0.749889 0.0315007 0.243013
0.754705 0.225867 0.0504906
1.43555e-07 0.804163 0.195852
1.42507e-07 0.891656 0.108352
1.25264e-07 0.79019 0.209854
1.35905e-07 0.667562 0.332457
1.40821e-07 0.701072 0.298946
0.598142 0.0728027 0.335224
0.747986 0.190025 0.084134
0.603258 0.217509 0.193842
1.43992e-07 0.817739 0.18227
1.43226e-07 0.903588 0.0964158
1.26981e-07 0.310593 0.689414
3.29102e-05 0.359275 0.640786
0.326403 0.0980154 0.588329
1.29414e-07 0.164784 0.835233
0.597934 0.405799 0.00227374
1.2889e-07 0.392166 0.607842
1.43499e-07 0.915719 0.0842883
1.29118e-07 0.757349 0.242674
2.14492e-07 0.246401 0.753618
1.31001e-07 0.520074 0.479936
0.550539 0.174269 0.304473
0.5978 4.2053e-05 0.408454
1.40087e-07 0.951988 0.048015
1.3018e-07 0.327128 0.672879
1.41166e-07 0.107788 0.89222
1.41453e-07 0.867707 0.132298
0.361108 0.219942 0.442181
2.15272e-07 0.294261 0.705764
0.336669 0.514599 0.220669
1.27031e-07 0.585645 0.414362
0.75893 0.106991 0.171269
1.41079e-07 0.927865 0.0721421
1.45448e-07 0.939891 0.0601141
0.883097 0.00695321 0.312338
1.21497e-07 0.423922 0.576095
3.30655e-05 1.00004 6.95871e-12
1.3084e-07 0.375386 0.624622
0.597951 0.394466 0.0134033
2.14091e-07 0.277933 0.72209
1.26872e-07 0.718871 0.281139
1.3996e-07 0.830586 0.169418
1.43323e-07 0.19827 0.801733
1.22654e-07 0.471268 0.528751
0.359058 0.243681 0.413302
0.605484 0.304817 0.108831
1.45418e-07 0.63495 0.365056
3.29174e-05 0.343742 0.656331
1.403e-07 0.963935 0.0360678
1.47751e-07 0.651487 0.348523
1.25718e-07 0.737982 0.262052
2.1337e-07 0.261935 0.738093
1.25942e-07 0.0600346 0.939974
0.60306 0.143483 0.268815
1.30002e-07 0.503857 0.496151
0.358476 0.261618 0.395387
1.41813e-07 0.55254 0.447466
6.91818e-11 5.77475e-09 1.00002
0.604328 0.348645 0.0631584
1.26191e-07 0.487357 0.512651
1.37604e-07 0.0460379 0.953976
1.4763e-07 0.214443 0.785567
1.37625e-07 0.53619 0.463823
1.41236e-07 0.683826 0.31619
1.30438e-07 0.088829 0.911181
0.34952 0.365711 0.306601
0.332025 0.437275 0.246474
1.43313e-07 0.976103 0.0239006
0.756747 0.275246 1.61524e-08
0.617803 0.0468561 0.373129
1.27308e-07 0.602244 0.397768
