0.457535 0.542465
0.568556 0.431444
0.48603 0.51397
0.497723 0.502277
0.488388 0.511612
0.402258 0.597742
0.583089 0.416911
0.478955 0.521045
0.580658 0.419342
0.424997 0.575003
0.547049 0.452951
0.469427 0.530573
0.418134 0.581866
0.44113 0.55887
1.09382 0.0681228
1.14411 0.00741004
1.15008 1.03833e-12
1.11782 0.0408338
0.50237 0.49763
0.54232 0.45768
6.56928e-10 1.10069
0.464646 0.535354
0.434184 0.565816
0.563734 0.436266
0.455164 0.544836
0.436497 0.563503
0.404514 0.595486
0.554165 0.445835
0.528148 0.471852
0.427289 0.572711
0.595177 0.404823
0.6 0.4
0.537595 0.462405
0.551786 0.448214
0.558941 0.441059
1.13602 0.0206628
0.452809 0.547191
0.415852 0.584148
0.443453 0.556547
0.561334 0.438666
0.429584 0.570416
0.578226 0.421774
0.509356 0.490644
1.10554 0.0512373
0.575806 0.424194
0.462267 0.537733
1.10468 0.0526001
0.585518 0.414482
0.490724 0.509276
0.420416 0.579584
0.495394 0.504606
0.55655 0.44345
1.08222 0.0922952
0.518721 0.481279
0.514033 0.485967
0.459903 0.540097
0.431884 0.568116
1.13272 0.022426
0.411303 0.588697
0.400001 0.599999
0.590352 0.409648
0.530508 0.469492
1.14732 0.00357936
0.525785 0.474215
0.500047 0.499953
0.467037 0.532963
0.544683 0.455317
0.45046 0.54954
0.570974 0.429026
1.07522 0.0927525
0.507025 0.492975
0.597592 0.402408
0.587935 0.412065
0.523429 0.476571
0.573387 0.426613
0.49306 0.50694
0.539957 0.460043
0.474204 0.525796
0.438806 0.561194
0.422705 0.577295
0.521073 0.478927
0.476578 0.523422
0.406776 0.593224
1.12962 0.024769
0.532871 0.467129
0.448114 0.551886
0.511694 0.488306
0.566135 0.433865
0.445777 0.554223
0.535233 0.464767
0.592767 0.407233
0.483676 0.516324
0.549415 0.450585
0.413575 0.586425
1.1213 0.0334779
0.409035 0.590965
0.481322 0.518678
0.504697 0.495303
0.471819 0.528181
0.516374 0.483626
