0.439561 0.560439
0.515856 0.484144
0.527099 0.472901
0.55837 0.44163
1.64168e-06 1.25052
0.423688 0.576312
0.564872 0.435128
0.509149 0.490851
0.421409 0.578591
0.511383 0.488617
0.580066 0.419934
0.533885 0.466115
0.40971 0.59029
0.482248 0.517752
0.500196 0.499804
0.48001 0.51999
1.01829 0.0536942
0.455322 0.544678
0.459825 0.540175
0.562706 0.437294
0.575675 0.424325
0.475536 0.524464
0.531625 0.468375
0.432796 0.567204
0.42826 0.57174
0.48897 0.51103
0.54736 0.45264
0.586662 0.413338
0.47105 0.52895
0.518098 0.481902
0.553997 0.446003
0.593294 0.406706
1.04954 0.00180551
0.416768 0.583232
0.468807 0.531193
0.595529 0.404471
0.407317 0.592683
0.425979 0.574021
0.441812 0.558188
0.520347 0.479653
0.538397 0.461603
0.567029 0.432971
1.05055 7.7041e-08
0.414417 0.585583
0.495703 0.504297
1.00164 0.0972373
0.573508 0.426492
0.486726 0.513274
0.493458 0.506542
0.551802 0.448198
0.560549 0.439451
0.536141 0.463859
1.03338 0.0281326
1.02423 0.0342983
0.556191 0.443809
0.453069 0.546931
0.54959 0.45041
0.58446 0.41554
0.577871 0.422129
0.996456 0.0981832
0.497951 0.502049
0.588871 0.411129
0.52936 0.47064
0.477774 0.522226
0.430533 0.569467
0.457574 0.542426
0.437307 0.562693
0.412087 0.587913
0.473295 0.526705
0.540643 0.459357
0.524835 0.475165
0.484487 0.515513
0.504678 0.495322
0.513618 0.486382
0.522586 0.477414
0.462073 0.537927
0.591081 0.408919
0.569184 0.430816
0.404899 0.595101
0.419096 0.580904
0.571342 0.428658
0.6 0.4
0.435052 0.564948
0.446314 0.553686
0.46432 0.53568
0.448565 0.551435
0.444064 0.555936
0.597765 0.402235
0.402466 0.597534
0.545132 0.454868
0.982301 0.102431
0.582265 0.417735
0.4 0.6
0.450816 0.549184
0.506915 0.493085
0.466563 0.533437
0.502441 0.497559
1.03761 0.0251557
0.491214 0.508786
0.542892 0.457108
