0.569129 0.430871
0.57779 0.42221
0.584367 0.415633
0.575622 0.424378
0.473493 0.526507
0.549992 0.450008
0.422143 0.577857
0.562678 0.437322
0.404465 0.595535
0.488673 0.511327
0.469188 0.530812
0.573455 0.426545
0.439434 0.560566
0.490853 0.509147
0.560546 0.439454
0.503839 0.496161
0.41335 0.58665
1.0911 0.0170339
0.454294 0.545706
0.556306 0.443694
0.447953 0.552047
0.518748 0.481252
0.433011 0.566989
0.595492 0.404508
1.10002 1.8459e-11
0.415558 0.584442
0.411139 0.588861
0.6 0.4
0.462767 0.537233
0.435158 0.564842
0.419953 0.580047
0.445836 0.554164
0.464902 0.535098
0.597746 0.402254
0.535439 0.464561
0.430842 0.569158
0.520845 0.479155
0.593255 0.406745
0.501684 0.498316
0.486495 0.513505
0.591035 0.408965
0.566967 0.433033
0.4 0.6
0.564811 0.435189
0.484319 0.515681
0.541657 0.458343
0.497365 0.502635
0.516639 0.483361
0.408916 0.591084
0.402234 0.597766
0.522943 0.477057
0.495199 0.504801
0.512398 0.487602
0.471335 0.528665
0.554196 0.445804
1.09826 0.00292157
0.539582 0.460418
0.510272 0.489728
0.505987 0.494013
0.527123 0.472877
0.586583 0.413417
0.525031 0.474969
0.458525 0.541475
1.09741 0.00544881
0.443702 0.556298
0.547906 0.452094
0.417767 0.582233
0.588806 0.411194
0.460645 0.539355
0.441569 0.558431
0.406692 0.593308
0.545824 0.454176
0.531287 0.468713
0.508131 0.491869
0.426506 0.573494
0.558425 0.441575
0.51452 0.48548
0.452181 0.547819
0.424326 0.575674
0.437305 0.562695
0.456408 0.543592
1.81004e-07 1.00057
0.428676 0.571324
0.543736 0.456264
0.477808 0.522192
0.479977 0.520023
0.582167 0.417833
0.571287 0.428713
0.475642 0.524358
0.552089 0.447911
0.537511 0.462489
0.499529 0.500471
0.49303 0.50697
0.450068 0.549932
0.467045 0.532955
1.08957 0.0184886
0.482147 0.517853
0.533366 0.466634
0.579974 0.420026
0.529205 0.470795
