0.51515 0.48485
0.51288 0.48712
0.51061 0.48939
0.418966 0.581034
0.442087 0.557913
1.04908 0.00247048
0.48989 0.51011
0.590233 0.409767
0.533246 0.466754
0.58313 0.41687
0.58545 0.41455
0.455717 0.544283
0.492203 0.507797
0.569643 0.430357
0.404773 0.595227
0.464735 0.535265
0.528713 0.471287
0.574068 0.425932
0.496829 0.503171
0.6 0.4
0.469255 0.530745
0.451196 0.548804
0.439801 0.560199
0.466993 0.533007
0.476096 0.523904
0.453463 0.546537
1.04421 0.0121007
0.428285 0.571715
0.448925 0.551075
0.535522 0.464478
0.435211 0.564789
0.99654 0.10232
0.587811 0.412189
0.519682 0.480318
1.05054 1.18917e-07
0.423637 0.576363
1.02493 0.0430158
0.580787 0.419213
1.00875 0.0967894
0.524187 0.475813
0.997997 0.0999269
0.508334 0.491666
0.4306 0.5694
0.530978 0.469022
0.432909 0.567091
0.540076 0.459924
0.402387 0.597613
0.411893 0.588107
0.517413 0.482587
0.556119 0.443881
0.526448 0.473552
0.473811 0.526189
0.4 0.6
0.567404 0.432596
0.46023 0.53977
0.457977 0.542023
0.546949 0.453051
0.542364 0.457636
0.414263 0.585737
0.521937 0.478063
0.549243 0.450757
0.186063 0.899095
0.482969 0.517031
0.551537 0.448463
1.01975 0.046631
0.494516 0.505484
0.562921 0.437079
0.558405 0.441595
0.597521 0.402479
5.32687e-10 1.15113
0.407146 0.592854
0.409507 0.590493
0.503748 0.496252
0.55383 0.44617
0.595063 0.404937
0.571859 0.428141
0.485268 0.514732
1.03372 0.0411878
0.480671 0.519329
0.57853 0.42147
0.462484 0.537516
0.471528 0.528472
0.425969 0.574031
0.444368 0.555632
0.544655 0.455345
0.499142 0.500858
0.560671 0.439329
0.501447 0.498553
0.446646 0.553354
0.592651 0.407349
0.537794 0.462206
0.565179 0.434821
0.42131 0.57869
0.506041 0.493959
0.437502 0.562498
0.416622 0.583378
0.48758 0.51242
0.576302 0.423698
0.10608 0.945835
0.478383 0.521617
