0.506818 0.493182
0.976261 0.188321
0.58036 0.41964
0.417732 0.582268
0.483738 0.516262
0.52754 0.47246
0.458565 0.541435
0.541092 0.458908
0.591431 0.408569
0.54793 0.45207
0.44012 0.55988
0.587017 0.412983
0.486036 0.513964
0.545645 0.454355
0.568831 0.431169
1.06191 0.0587037
0.472303 0.527697
0.444712 0.555288
0.404456 0.595544
0.481441 0.518559
0.4 0.6
0.456268 0.543732
0.406679 0.593321
0.474586 0.525414
0.584797 0.415203
0.589233 0.410767
1.09835 0.00294215
0.476868 0.523132
0.415528 0.584472
0.497541 0.502459
1.07349 0.040458
0.504498 0.495502
0.435561 0.564439
0.561823 0.438177
0.578107 0.421893
0.44241 0.55759
0.408896 0.591104
0.552528 0.447472
0.50218 0.49782
0.419934 0.580066
0.413323 0.586677
0.529802 0.470198
0.428818 0.571182
0.557163 0.442837
0.479154 0.520846
0.597884 0.402116
0.422138 0.577862
0.453961 0.546039
0.509142 0.490858
0.465447 0.534553
0.463159 0.536841
1.05675 0.0594809
0.40223 0.59777
0.513786 0.486214
0.575794 0.424206
0.451649 0.548351
0.536566 0.463434
1.03732 0.0894305
0.58258 0.41742
0.543362 0.456638
0.433317 0.566683
0.499862 0.500138
0.470019 0.529981
0.437838 0.562162
1.08049 0.028172
0.431066 0.568934
0.511468 0.488532
0.554839 0.445161
0.426574 0.573426
0.522975 0.477025
0.411111 0.588889
0.467735 0.532265
0.492925 0.507075
0.424358 0.575642
0.595751 0.404249
0.559498 0.440502
0.460864 0.539136
0.534312 0.465688
0.516098 0.483902
0.525261 0.474739
0.518397 0.481603
0.573475 0.426525
0.520689 0.479311
0.495229 0.504771
0.593611 0.406389
0.550222 0.449778
0.447023 0.552977
1.10062 7.46443e-08
0.44933 0.55067
0.490623 0.509377
0.571155 0.428845
0.532058 0.467942
0.566498 0.433502
0.6 0.4
5.70429e-12 1.20012
1.08742 0.0263228
0.564158 0.435842
0.488327 0.511673
1.04084 0.0875557
0.53883 0.46117
