0.6 0.4
0.534991 0.465009
0.456983 0.543017
0.435655 0.564345
0.570043 0.429957
0.472188 0.527812
0.545557 0.454443
0.444135 0.555865
0.408425 0.591575
0.412624 0.587376
0.580686 0.419314
0.559774 0.440226
0.406319 0.593681
0.537128 0.462872
0.450542 0.549458
0.509349 0.490651
0.541365 0.458635
0.425168 0.574832
0.442004 0.557996
0.576393 0.423607
0.42099 0.57901
0.427258 0.572742
1.12791 0.00726335
0.500678 0.499322
0.561842 0.438158
0.563852 0.436148
0.478757 0.521243
0.404213 0.595787
0.555765 0.444235
0.410525 0.589475
0.452689 0.547311
0.528587 0.471413
0.517937 0.482063
0.587144 0.412856
0.461295 0.538705
0.595728 0.404272
0.526458 0.473542
0.597865 0.402135
0.4 0.6
0.565913 0.434087
0.437765 0.562235
0.511508 0.488492
0.433555 0.566445
0.582835 0.417165
0.524328 0.475672
0.572144 0.427856
0.589296 0.410704
0.5222 0.4778
0.467814 0.532186
0.483144 0.516856
0.507182 0.492818
0.489735 0.510265
2.22099e-09 1.20025
0.418896 0.581104
0.48534 0.51466
0.513655 0.486345
0.553715 0.446285
0.515797 0.484203
0.567948 0.432052
0.41681 0.58319
0.530723 0.469277
0.44626 0.55374
0.476565 0.523435
0.543465 0.456535
0.578533 0.421467
0.474376 0.525624
0.465639 0.534361
0.50285 0.49715
0.593588 0.406412
0.487535 0.512465
0.414716 0.585284
0.520072 0.479928
0.439876 0.560124
0.429356 0.570644
0.557772 0.442228
0.402108 0.597892
0.454834 0.545166
0.469998 0.530002
0.459133 0.540867
0.494118 0.505882
0.491929 0.508071
0.591443 0.408557
0.463461 0.536539
0.48095 0.51905
0.496307 0.503693
0.448396 0.551604
0.146481 0.920614
0.431453 0.568547
0.498496 0.501504
0.551697 0.448303
0.549674 0.450326
0.539242 0.460758
1.147 0.00357133
0.574259 0.425741
0.42308 0.57692
0.547615 0.452385
0.505025 0.494975
0.58499 0.41501
1.15005 4.28625e-13
0.532856 0.467144
