0.567081 0.432919
0.515242 0.484758
0.6 0.4
0.4 0.6
0.413983 0.586017
0.453351 0.546649
0.531087 0.468913
0.501582 0.498418
0.571699 0.428301
0.469415 0.530585
1.08433 0.0254723
0.409319 0.590681
0.45106 0.54894
0.432625 0.567375
0.462519 0.537481
0.480939 0.519061
0.423317 0.576683
0.533332 0.466668
0.457933 0.542067
0.416319 0.583681
0.578669 0.421331
0.562499 0.437501
0.404655 0.595345
0.585718 0.414282
0.583353 0.416647
0.446469 0.553531
0.537806 0.462194
1.10009 2.69149e-11
1.04754 0.0651234
0.592823 0.407177
0.492442 0.507558
0.467115 0.532885
0.483246 0.516754
0.50386 0.49614
0.434942 0.565058
0.402326 0.597674
1.09905 0.00171136
0.485549 0.514451
0.588073 0.411927
1.07662 0.0316006
0.430303 0.569697
0.441865 0.558135
0.512962 0.487038
0.420987 0.579013
1.07997 0.0265101
0.522059 0.477941
0.546729 0.453271
0.569383 0.430617
1.05899 0.0584055
0.49015 0.50985
0.524323 0.475677
7.1699e-09 1.20927
0.542269 0.457731
0.595211 0.404789
0.540038 0.459962
0.508411 0.491589
0.471717 0.528283
0.497015 0.502985
0.55344 0.44656
0.574017 0.425983
0.510686 0.489314
0.418655 0.581345
0.517513 0.482487
0.557958 0.442042
0.42798 0.57202
0.551206 0.448794
0.455641 0.544359
0.499301 0.500699
0.560225 0.439775
0.44417 0.55583
1.05601 0.062475
0.590446 0.409554
0.564775 0.435225
0.425649 0.574351
0.406988 0.593012
0.43956 0.56044
0.494733 0.505267
0.474022 0.525978
0.437247 0.562753
0.526585 0.473415
0.576336 0.423664
0.528838 0.471162
0.519789 0.480211
0.476326 0.523674
1.04035 0.0803047
0.597604 0.402396
1.09505 0.00848418
0.535569 0.464431
0.478633 0.521367
0.55569 0.44431
0.150246 0.955375
0.411651 0.588349
0.5445 0.4555
0.448765 0.551235
0.548959 0.451041
0.464817 0.535183
0.487852 0.512148
0.506135 0.493865
0.581003 0.418997
0.460225 0.539775
