0.572435 0.427565
1.00668 0.0716521
0.500619 0.499381
0.493671 0.506329
0.468424 0.531576
0.597693 0.402307
0.502941 0.497059
0.435164 0.564836
0.5632 0.4368
0.498297 0.501703
0.402423 0.597577
0.549237 0.450763
0.546914 0.453086
0.484472 0.515528
0.458989 0.541011
0.470745 0.529255
0.407248 0.592752
0.444472 0.555528
0.551565 0.448435
0.432913 0.567087
6.47118e-11 1.05082
1.00205 0.0809959
0.412015 0.587985
0.521549 0.478451
0.486769 0.513231
0.419229 0.580771
0.535352 0.464648
0.466062 0.533938
0.514597 0.485403
1.03755 0.0654068
0.519241 0.480759
0.579315 0.420685
0.567824 0.432176
0.505269 0.494731
0.463714 0.536286
0.477623 0.522377
0.430644 0.569356
0.42158 0.57842
0.586182 0.413818
1.04938 0.00203305
0.968063 0.103278
0.553892 0.446108
0.565518 0.434482
0.409633 0.590367
0.414398 0.585602
0.454192 0.545808
0.581604 0.418396
0.570133 0.429867
1.01787 0.0664076
0.509938 0.490062
0.489068 0.510932
0.530756 0.469244
0.577026 0.422974
0.4 0.6
0.426188 0.573812
0.512268 0.487732
1.05009 3.58996e-12
0.428413 0.571587
0.961094 0.128676
0.183565 0.875704
0.59308 0.40692
0.528459 0.471541
0.982363 0.0886658
0.507602 0.492398
0.479903 0.520097
0.526161 0.473839
0.473041 0.526959
0.990116 0.0838479
0.495987 0.504013
0.475339 0.524661
0.451757 0.548243
0.560885 0.439115
0.588474 0.411526
0.461359 0.538641
0.449308 0.550692
0.595387 0.404613
0.544591 0.455409
0.491373 0.508627
0.533054 0.466946
0.416799 0.583201
0.539961 0.460039
0.404841 0.595159
0.4239 0.5761
0.6 0.4
0.456604 0.543396
0.446899 0.553101
0.437412 0.562588
0.48218 0.51782
0.537654 0.462346
0.590775 0.409225
0.583893 0.416107
0.556223 0.443777
0.516918 0.483082
0.523858 0.476142
0.442117 0.557883
0.558557 0.441443
0.542279 0.457721
0.439731 0.560269
0.574735 0.425265
1.00957 0.0671877
