0.57925 0.42075
0.556445 0.443555
0.402242 0.597758
0.554157 0.445843
0.534219 0.465781
0.4 0.6
0.415303 0.584697
0.505134 0.494866
0.498427 0.501573
0.4962 0.5038
0.471561 0.528439
0.589866 0.410134
0.595956 0.404044
0.421803 0.578197
0.529829 0.470171
0.476081 0.523919
0.491756 0.508244
0.6 0.4
0.455579 0.544421
0.413156 0.586844
1.19586 0.00644913
0.540788 0.459212
1.19752 0.00321567
0.444166 0.555834
0.511889 0.488111
0.5386 0.4614
0.597978 0.402022
0.450995 0.549005
0.572474 0.427526
0.469291 0.530709
0.408837 0.591163
0.43287 0.56713
0.417461 0.582539
0.565586 0.434414
0.542983 0.457017
0.446433 0.553567
0.460164 0.539836
0.581446 0.418554
0.51642 0.48358
0.549654 0.450346
0.527619 0.472381
0.437366 0.562634
0.478343 0.521657
0.462454 0.537546
0.467021 0.532979
0.487312 0.512688
0.583607 0.416393
0.57476 0.42524
0.551893 0.448107
0.457872 0.542128
0.473824 0.526176
0.53641 0.46359
1.20009 1.65758e-07
0.58575 0.41425
0.570178 0.429822
0.523176 0.476824
0.00577958 1.02514
0.448714 0.551286
0.500658 0.499342
0.507379 0.492621
0.489535 0.510465
0.430639 0.569361
0.532027 0.467973
0.423992 0.576008
0.411006 0.588994
0.493978 0.506022
0.00245656 1.05651
0.43962 0.56038
0.502896 0.497104
0.520927 0.479073
0.426165 0.573835
0.563291 0.436709
0.46474 0.53526
0.518674 0.481326
0.593938 0.406062
0.428403 0.571597
0.485071 0.514929
0.44189 0.55811
0.00636829 1.01921
0.480595 0.519405
0.482838 0.517162
0.591911 0.408089
2.48502e-08 1.0762
0.435116 0.564884
1.192 0.0132905
0.561004 0.438996
0.587807 0.412193
0.41962 0.58038
0.404448 0.595552
0.00419091 1.05082
0.558722 0.441278
0.514152 0.485848
0.567882 0.432118
0.453287 0.546713
0.525403 0.474597
0.547415 0.452585
0.545198 0.454802
0.577001 0.422999
0.509635 0.490365
0.406659 0.593341
