0.16074 0.927312
0.567548 0.432452
0.480488 0.519512
0.531798 0.468202
0.426969 0.573031
0.5789 0.4211
0.469173 0.530827
0.592833 0.407167
0.569799 0.430201
0.59522 0.40478
0.482768 0.517232
0.498661 0.501339
0.556328 0.443672
0.574327 0.425673
0.6 0.4
0.962766 0.0463199
0.48505 0.51495
0.588113 0.411887
0.581196 0.418804
0.512552 0.487448
0.957006 0.0889158
0.466923 0.533077
0.453585 0.546415
0.408972 0.591028
0.487332 0.512668
0.50548 0.49452
0.431435 0.568565
0.458014 0.541986
0.543019 0.456981
0.494144 0.505856
0.451372 0.548628
0.475942 0.524058
0.860717 0.197205
0.449163 0.550837
0.489611 0.510389
0.583486 0.416514
0.585789 0.414211
0.429205 0.570795
0.515004 0.484996
0.433663 0.566337
0.540792 0.459208
0.496401 0.503599
0.572061 0.427939
0.411221 0.588779
0.524731 0.475269
0.402241 0.597759
0.517456 0.482544
0.435887 0.564113
0.565292 0.434708
0.545235 0.454765
0.529471 0.470529
0.4 0.6
0.473681 0.526319
0.522284 0.477716
0.5608 0.4392
0.417972 0.582028
1.77864e-06 1.25042
0.53857 0.46143
0.52713 0.47287
0.979124 0.0399901
0.554104 0.445896
0.519851 0.480149
0.590465 0.409535
0.597615 0.402385
0.558565 0.441435
0.440319 0.559681
0.534089 0.465911
0.478211 0.521789
0.491889 0.508111
0.438104 0.561896
0.406727 0.593273
0.993544 0.037337
0.460237 0.539763
0.536343 0.463657
0.503204 0.496796
0.999503 0.00208032
0.413471 0.586529
0.976433 0.0423189
0.462459 0.537541
0.471422 0.528578
0.444743 0.555257
0.576609 0.423391
0.500935 0.499065
0.510132 0.489868
0.984171 0.0385045
0.424721 0.575279
0.442532 0.557468
0.563043 0.436957
0.446955 0.553045
0.422474 0.577526
0.549663 0.450337
0.40448 0.59552
1.00049 2.91989e-10
0.464689 0.535311
0.551877 0.448123
0.415722 0.584278
0.50777 0.49223
0.420223 0.579777
0.455797 0.544203
0.54745 0.45255
