0.406543 0.593457
0.527225 0.472775
0.571976 0.428024
0.584841 0.415159
0.48914 0.51086
0.462116 0.537884
0.413057 0.586943
0.484987 0.515013
0.514427 0.485573
0.491226 0.508774
0.505934 0.494066
0.457911 0.542089
0.559204 0.440796
0.476695 0.523305
0.478767 0.521233
0.563459 0.436541
0.561331 0.438669
0.447332 0.552668
0.567711 0.432289
0.574112 0.425888
0.460014 0.539986
0.591322 0.408678
0.597825 0.402175
0.565584 0.434416
0.544279 0.455721
0.487064 0.512936
1.09756 0.00379807
0.546414 0.453586
0.410883 0.589117
0.49541 0.50459
0.402184 0.597816
0.578386 0.421614
0.482909 0.517091
0.493316 0.506684
0.542145 0.457855
0.400001 0.599999
0.501716 0.498284
0.466298 0.533702
0.474622 0.525378
0.518689 0.481311
0.6 0.4
0.595656 0.404344
0.417385 0.582615
1.09824 0.00240014
0.529358 0.470642
0.552814 0.447186
0.503823 0.496177
0.428142 0.571858
0.499607 0.500393
0.589163 0.410837
0.540014 0.459986
0.404368 0.595632
0.449454 0.550546
0.430279 0.569721
0.557075 0.442925
0.472544 0.527456
0.421697 0.578303
0.510176 0.489824
0.464213 0.535787
0.455798 0.544202
0.5123 0.4877
0.516557 0.483443
0.508052 0.491948
0.423849 0.576151
0.52509 0.47491
0.443079 0.556921
1.09528 0.00704653
0.535752 0.464248
1.60764e-10 1.20061
0.554945 0.445055
0.522954 0.477046
0.43882 0.56118
0.434556 0.565444
0.550683 0.449317
0.408717 0.591283
0.440951 0.559049
0.480837 0.519163
0.419542 0.580458
0.537883 0.462117
0.445209 0.554791
0.451569 0.548431
0.497507 0.502493
0.468381 0.531619
0.593489 0.406511
0.432421 0.567579
0.43669 0.56331
1.10005 5.26004e-12
0.569844 0.430156
0.582689 0.417311
0.548549 0.451451
0.576247 0.423753
0.470458 0.529542
0.531491 0.468509
0.580535 0.419465
0.453685 0.546315
0.533622 0.466378
0.426 0.574
0.587001 0.412999
0.415224 0.584776
0.520822 0.479178
