0.417965 0.582035
0.533749 0.466251
0.514344 0.485656
0.574325 0.425675
0.522871 0.477129
0.411237 0.588763
0.546657 0.453343
0.402242 0.597758
0.53158 0.46842
0.442577 0.557423
0.447061 0.552939
0.6 0.4
0.457693 0.542307
0.584984 0.415016
0.508055 0.491945
0.438074 0.561926
0.499705 0.500295
0.444824 0.555176
0.589284 0.410716
0.429114 0.570886
0.580709 0.419291
0.495509 0.504491
0.408985 0.591015
0.510136 0.489864
0.559506 0.440494
1.00256 0.07885
0.482611 0.517389
0.538064 0.461936
0.476147 0.523853
0.420201 0.579799
0.422426 0.577574
0.424653 0.575347
0.550942 0.449058
0.426882 0.573118
0.996975 0.083098
0.400001 0.599999
0.406739 0.593261
0.50182 0.49818
0.58285 0.41715
7.34391e-08 1.20024
0.576449 0.423551
0.52505 0.47495
0.595718 0.404282
0.516452 0.483548
0.565873 0.434127
0.478294 0.521706
0.491226 0.508774
0.561637 0.438363
0.48045 0.51955
0.431344 0.568656
0.518577 0.481423
0.557371 0.442629
0.527227 0.472773
0.512229 0.487771
0.449285 0.550715
0.563765 0.436235
0.597861 0.402139
0.505966 0.494034
0.451479 0.548521
0.572212 0.427788
0.540213 0.459787
0.529407 0.470593
0.474027 0.525973
0.497586 0.502414
0.484766 0.515234
1.05039 2.97439e-07
0.591434 0.408566
0.463695 0.536305
0.493377 0.506623
0.435825 0.564175
0.415725 0.584275
0.469816 0.530184
0.455648 0.544352
0.535907 0.464093
0.459675 0.540325
0.593575 0.406425
0.48908 0.51092
0.54237 0.45763
0.413481 0.586519
0.503888 0.496112
0.461663 0.538337
0.5488 0.4512
0.44033 0.55967
0.544518 0.455482
0.486925 0.513075
0.578582 0.421418
0.520717 0.479283
0.555226 0.444774
0.56799 0.43201
0.553083 0.446917
0.471912 0.528088
0.587132 0.412868
0.465715 0.534285
0.453548 0.546452
1.01641 0.076839
0.46777 0.53223
0.570098 0.429902
1.0498 0.000863483
0.43358 0.56642
0.40449 0.59551
