0.4 0.6
0.486904 0.513096
0.559199 0.440801
0.441069 0.558931
0.552801 0.447199
0.426301 0.573699
0.451414 0.548586
0.484789 0.515211
0.542075 0.457925
0.413263 0.586737
0.474259 0.525741
0.586968 0.413032
0.449354 0.550646
0.514305 0.485695
0.582658 0.417342
0.574084 0.425916
0.548517 0.451483
0.457593 0.542407
0.58913 0.41087
0.522783 0.477217
0.569824 0.430176
0.507967 0.492033
0.495341 0.504659
0.529192 0.470808
0.567697 0.432303
0.408859 0.591141
0.404436 0.595564
0.862351 0.190806
0.467983 0.532017
0.597824 0.402176
0.503755 0.496245
0.527053 0.472947
0.516419 0.483581
0.580511 0.419489
0.476362 0.523638
0.537773 0.462227
0.480567 0.519433
0.493237 0.506763
0.478466 0.521534
0.436899 0.563101
0.463815 0.536185
0.55066 0.44934
0.415463 0.584537
0.563451 0.436549
0.465901 0.534099
0.834429 0.205805
0.6 0.4
0.43899 0.56101
0.561325 0.438675
0.489017 0.510983
0.455531 0.544469
0.593464 0.406536
0.584814 0.415186
0.578371 0.421629
0.49955 0.50045
0.591295 0.408705
0.565575 0.434425
0.544225 0.455775
0.421988 0.578012
0.501652 0.498348
0.576224 0.423776
0.535623 0.464377
0.505859 0.494141
0.472167 0.527833
0.417653 0.582347
0.491129 0.508871
1.04982 0.000559259
0.518539 0.481461
0.520662 0.479338
0.445218 0.554782
0.411065 0.588935
0.443156 0.556844
0.459662 0.540338
0.512187 0.487813
0.428436 0.571564
0.55707 0.44293
0.461737 0.538263
0.432695 0.567305
0.406647 0.593353
0.546371 0.453629
0.453473 0.546527
0.539923 0.460077
0.531337 0.468663
0.419829 0.580171
0.482677 0.517323
0.571951 0.428049
0.510075 0.489925
0.44729 0.55271
0.497446 0.502554
0.402217 0.597783
0.4348 0.5652
1.05004 1.37319e-06
0.533482 0.466518
0.595646 0.404354
0.470068 0.529932
2.80135e-07 1.25012
0.52492 0.47508
0.42415 0.57585
0.55494 0.44506
0.430577 0.569423
