0.505609 0.494391
0.571946 0.428054
0.553004 0.446996
0.525526 0.474474
0.583677 0.416323
0.54134 0.45866
0.424861 0.575139
0.406778 0.593222
0.536759 0.463241
0.409036 0.590964
0.477836 0.522164
0.473085 0.526915
0.562483 0.437517
0.529969 0.470031
0.52331 0.47669
0.418075 0.581925
0.512291 0.487709
0.461327 0.538673
0.468356 0.531644
0.431634 0.568366
0.53904 0.46096
0.452075 0.547925
1.07889 0.0286165
1.08067 0.0265004
0.534483 0.465517
0.592994 0.407006
0.595327 0.404673
0.567224 0.432776
0.420338 0.579662
0.447487 0.552513
0.411295 0.588705
1.05298 0.0622178
0.491924 0.508076
0.510072 0.489928
0.6 0.4
0.569584 0.430416
0.494249 0.505751
0.47546 0.52454
0.503365 0.496635
0.436146 0.563854
0.550649 0.449351
0.586013 0.413987
1.08872 0.0241131
0.514496 0.485504
0.445212 0.554788
0.42712 0.57288
0.484921 0.515079
1.05102 0.0633765
0.429378 0.570622
0.521097 0.478903
1.04377 0.0783483
0.466014 0.533986
1.09246 0.0116009
0.597661 0.402339
0.404518 0.595482
0.442942 0.557058
0.463676 0.536324
0.496539 0.503461
0.548315 0.451685
0.415815 0.584185
0.581339 0.418661
0.433891 0.566109
0.564858 0.435142
0.518899 0.481101
0.579 0.421
0.454377 0.545623
0.590664 0.409336
0.456688 0.543312
1.07511 0.0322365
0.516701 0.483299
0.498826 0.501174
0.449766 0.550234
0.588337 0.411663
0.459007 0.540993
0.440669 0.559331
0.507847 0.492153
0.470717 0.529283
0.532221 0.467779
0.4 0.6
0.4384 0.5616
0.482563 0.517437
0.480204 0.519796
0.487265 0.512735
3.84629e-07 1.25016
0.543661 0.456339
0.527738 0.472262
0.40226 0.59774
0.574304 0.425696
1.10014 4.93784e-10
1.09854 0.00250164
0.576651 0.423349
0.501106 0.498894
0.545989 0.454011
0.560107 0.439893
0.413554 0.586446
0.489596 0.510404
0.55773 0.44227
0.4226 0.5774
1.07355 0.0375235
0.55536 0.44464
