0.481514 0.518486
1.19842 0.00185394
0.420554 0.579446
0.425457 0.574543
0.577837 0.422163
1.15579 0.0595979
0.518138 0.481862
0.505982 0.494018
0.575418 0.424582
0.551582 0.448418
1.13603 0.0806704
1.14238 0.0713147
1.12805 0.0967574
0.47413 0.52587
0.527776 0.472224
0.597517 0.402483
1.18963 0.0116836
0.402637 0.597363
0.501106 0.498894
1.17041 0.0337397
0.486428 0.513572
0.423008 0.576992
0.595027 0.404973
0.590076 0.409924
0.539724 0.460276
0.522966 0.477034
0.542103 0.457897
0.513285 0.486715
0.496223 0.503777
0.546848 0.453152
1.14572 0.0668095
0.469215 0.530785
0.493778 0.506222
1.20005 2.09841e-13
0.454564 0.545436
0.427923 0.572077
0.558694 0.441306
1.13851 0.077439
0.430366 0.569634
0.447309 0.552691
0.440064 0.559936
1.17598 0.0270835
1.17973 0.0233004
0.452137 0.547863
0.549213 0.450787
0.432794 0.567206
0.51085 0.48915
0.520552 0.479448
0.573013 0.426987
0.44248 0.55752
0.544477 0.455523
0.585152 0.414848
0.592544 0.407456
0.563447 0.436553
0.4 0.6
0.498666 0.501334
0.46432 0.53568
0.418054 0.581946
1.90303e-07 1.10022
1.15092 0.0614269
0.479054 0.520946
0.530177 0.469823
0.435218 0.564782
0.488884 0.511116
0.580263 0.419737
0.534962 0.465038
0.587604 0.412396
0.43764 0.56236
0.461877 0.538123
0.503544 0.496456
0.568219 0.431781
0.532575 0.467425
0.553946 0.446054
1.13346 0.0861706
1.1938 0.00736732
0.561066 0.438934
0.415557 0.584443
0.471667 0.528333
0.407866 0.592134
0.582703 0.417297
0.410431 0.589569
0.6 0.4
1.16861 0.036922
0.456995 0.543005
0.459429 0.540571
0.565831 0.434169
0.466764 0.533236
0.476592 0.523408
0.413006 0.586994
0.491333 0.508667
0.508418 0.491582
0.405267 0.594733
0.444897 0.555103
0.525372 0.474628
0.515716 0.484284
0.570609 0.429391
0.537345 0.462655
0.556316 0.443684
0.483971 0.516029
0.449722 0.550278
