0.476386 0.523614
0.536859 0.463141
0.498662 0.501338
0.564843 0.435157
0.46745 0.53255
0.446497 0.553503
0.505339 0.494661
0.436697 0.563303
0.595349 0.404651
0.55549 0.44451
0.543809 0.456191
0.413713 0.586287
0.560156 0.439844
0.523195 0.476805
0.478613 0.521387
1.0277 0.0975421
0.576636 0.423364
0.411427 0.588573
0.494201 0.505799
0.583697 0.416303
0.483061 0.516939
0.590703 0.409297
0.465184 0.534816
0.534559 0.465441
0.593025 0.406975
0.441547 0.558453
0.569554 0.430446
0.574272 0.425728
0.59767 0.40233
1.10005 2.70323e-10
0.532267 0.467733
0.409145 0.590855
1.09202 0.00950017
0.487514 0.512486
1.0691 0.0421925
0.571914 0.428086
0.586041 0.413959
0.550815 0.449185
0.6 0.4
0.507561 0.492439
0.404574 0.595426
0.527716 0.472284
1.0176 0.109904
0.489741 0.510259
0.491971 0.508029
0.557821 0.442179
1.07614 0.0378449
0.415985 0.584015
0.439133 0.560867
1.09806 0.00274841
0.418249 0.581751
0.518699 0.481301
0.444026 0.555974
0.512007 0.487993
0.525454 0.474546
0.456075 0.543925
0.431975 0.568025
0.429663 0.570337
0.496431 0.503569
0.581349 0.418651
1.08167 0.0369745
0.529986 0.470014
1.03886 0.0965923
0.434302 0.565698
0.448925 0.551075
0.509783 0.490217
0.451342 0.548658
0.503116 0.496884
0.539158 0.460842
0.469691 0.530309
0.588378 0.411622
0.553151 0.446849
0.42051 0.57949
1.07077 0.0392938
0.427288 0.572712
0.50089 0.49911
0.514238 0.485762
0.567201 0.432799
0.402287 0.597713
0.578995 0.421005
2.29553e-10 1.15013
0.462927 0.537073
0.546142 0.453858
0.458367 0.541633
0.562494 0.437506
1.00827 0.119154
0.480837 0.519163
0.47416 0.52584
0.400001 0.599999
0.460653 0.539347
0.516466 0.483534
0.54848 0.45152
0.40686 0.59314
0.453682 0.546318
0.541486 0.458514
0.485286 0.514714
0.422754 0.577246
0.471924 0.528076
0.520943 0.479057
0.425031 0.574969
