0.415492 0.584508
0.519042 0.480958
0.437677 0.562323
0.404432 0.595568
0.572057 0.427943
1.04842 0.00333891
0.45307 0.54693
0.474534 0.525466
0.576421 0.423579
0.411072 0.588928
0.567661 0.432339
0.525707 0.474293
0.554392 0.445608
0.48988 0.51012
0.587178 0.412822
0.547759 0.452241
0.494342 0.505658
0.593588 0.406412
0.505597 0.494403
0.455235 0.544765
0.503343 0.496657
0.541147 0.458853
0.534543 0.465457
0.523488 0.476512
0.530128 0.469872
0.580723 0.419277
0.450885 0.549115
0.597853 0.402147
0.595718 0.404282
0.463825 0.536175
0.465955 0.534045
0.485449 0.514551
0.561038 0.438962
1.02992 0.025162
0.417703 0.582297
0.492103 0.507897
0.498843 0.501157
0.446506 0.553494
1.01035 0.0568638
0.510089 0.489911
0.51681 0.48319
0.543349 0.456651
0.476692 0.523308
0.47024 0.52976
0.558822 0.441178
0.512328 0.487672
0.563251 0.436749
0.402217 0.597783
0.514573 0.485427
0.468095 0.531905
0.527924 0.472076
0.459546 0.540454
0.582886 0.417114
0.426563 0.573437
0.569859 0.430141
0.431002 0.568998
0.424345 0.575655
0.545551 0.454449
0.993359 0.0808656
0.413283 0.586717
0.457399 0.542601
0.578569 0.421431
0.591454 0.408546
0.501093 0.498907
0.574249 0.425751
0.461698 0.538302
0.419914 0.580086
0.549967 0.450033
0.556605 0.443395
0.448687 0.551313
0.40886 0.59114
0.442107 0.557893
0.478862 0.521138
0.6 0.4
0.536744 0.463256
0.439885 0.560115
0.585031 0.414969
0.483246 0.516754
1.05004 2.13687e-09
0.444312 0.555688
0.982997 0.0830347
2.36622e-07 1.20067
0.532337 0.467663
0.589319 0.410681
0.4 0.6
0.487674 0.512326
0.52127 0.47873
0.496589 0.503411
0.406646 0.593354
1.03827 0.0231553
0.552177 0.447823
0.481045 0.518955
0.422125 0.577875
0.428784 0.571216
0.565455 0.434545
0.433223 0.566777
0.507848 0.492152
0.538944 0.461056
0.435453 0.564547
0.472386 0.527614
