0.57719 0.42281
0.439521 0.560479
0.474811 0.525189
0.556051 0.443949
0.425748 0.574252
0.430216 0.569784
0.402247 0.597753
0.464321 0.535679
0.560777 0.439223
0.510278 0.489722
0.455525 0.544475
0.563146 0.436854
0.53773 0.46227
0.434863 0.565137
0.496556 0.503444
0.567872 0.432128
0.400001 0.599999
0.501096 0.498904
0.42335 0.57665
0.437194 0.562806
0.581777 0.418223
0.444156 0.555844
0.524134 0.475866
0.462173 0.537827
0.942444 0.137487
0.579494 0.420506
0.451044 0.548956
0.574875 0.425125
0.406753 0.593247
1.00304 0.0267605
0.418332 0.581668
0.530962 0.469038
0.483249 0.516751
0.528716 0.471284
0.99467 0.0297778
0.549084 0.450916
0.503381 0.496619
0.965969 0.0443883
0.586367 0.413633
0.986532 0.0379229
0.446471 0.553529
0.408974 0.591026
0.590915 0.409085
0.539995 0.460005
0.535484 0.464516
0.47276 0.52724
0.411146 0.588854
0.542244 0.457756
0.599998 0.400002
0.441837 0.558163
0.432559 0.567441
0.489839 0.510161
0.485434 0.514566
0.476892 0.523108
1.00764 0.00507659
0.59545 0.40455
0.517222 0.482778
0.546794 0.453206
0.521837 0.478163
0.588643 0.411357
6.94755e-07 1.23421
0.597719 0.402281
0.427939 0.572061
0.565529 0.434471
0.492062 0.507938
0.570205 0.429795
0.494286 0.505714
0.457775 0.542225
0.481059 0.518941
0.925145 0.151003
0.526425 0.473575
0.593185 0.406815
0.45329 0.54671
0.507964 0.492036
0.514912 0.485088
0.470656 0.529344
0.505665 0.494335
0.466439 0.533561
0.41597 0.58403
0.478941 0.521059
0.448771 0.551229
0.498815 0.501185
0.584074 0.415926
0.553697 0.446303
1.01676 0.000157804
0.544513 0.455487
0.42008 0.57992
0.519532 0.480468
0.404511 0.595489
0.551389 0.448611
1.0183 6.19423e-13
0.459971 0.540029
0.53322 0.46678
0.558414 0.441586
0.512596 0.487404
0.572544 0.427456
0.487634 0.512366
0.468539 0.531461
0.420819 0.579181
0.413472 0.586528
