0.566008 0.433992
0.522187 0.477813
1.01257 0.0510038
0.479964 0.520036
0.428638 0.571362
0.446938 0.553062
0.410516 0.589484
0.460762 0.539238
1.02536 0.0411003
0.536248 0.463752
0.503621 0.496379
0.590886 0.409114
0.538568 0.461432
0.59544 0.40456
0.48238 0.51762
0.505928 0.494072
0.501305 0.498695
0.424014 0.575986
0.524536 0.475464
0.440096 0.559904
0.487178 0.512822
0.581813 0.418187
1.01519 0.0491588
0.467891 0.532109
0.599999 0.400001
0.406244 0.593756
0.552389 0.447611
0.512859 0.487141
0.563741 0.436259
1.00583 0.0585105
0.547815 0.452185
0.491947 0.508053
0.472728 0.527272
0.426321 0.573679
0.556947 0.443053
0.533928 0.466072
0.45151 0.54849
0.498992 0.501008
0.453818 0.546182
0.489569 0.510431
0.463124 0.536876
0.49666 0.50334
0.458441 0.541559
0.430937 0.569063
0.417176 0.582824
0.437809 0.562191
0.435524 0.564476
0.579552 0.420448
0.470312 0.529688
0.477565 0.522435
0.44238 0.55762
0.545514 0.454486
0.529235 0.470765
0.597718 0.402282
0.526888 0.473112
0.444658 0.555342
0.433236 0.566764
0.44922 0.55078
0.577293 0.422707
1.0503 1.8297e-10
0.515178 0.484822
0.0878164 0.974546
1.02471 0.0418238
0.575037 0.424963
0.456124 0.543876
0.484787 0.515213
1.0036 0.0638736
0.58408 0.41592
0.421731 0.578269
0.4 0.6
1.0336 0.0395699
0.559215 0.440785
2.2202e-07 1.25007
0.517507 0.482493
0.475143 0.524857
0.568266 0.431734
0.991169 0.0717287
0.57278 0.42722
0.404123 0.595877
0.408349 0.591651
0.586346 0.413654
0.51054 0.48946
0.0757721 0.98397
0.419446 0.580554
0.465502 0.534498
0.508236 0.491764
0.561483 0.438517
0.550108 0.449892
0.51984 0.48016
0.570524 0.429476
0.494286 0.505714
0.543204 0.456796
0.540888 0.459112
0.554675 0.445325
0.414924 0.585076
0.593162 0.406838
1.0377 0.0389219
0.531583 0.468417
0.588614 0.411386
0.412726 0.587274
