0.168823 0.985646
0.063748 0.997966
0.198463 0.980108
0.092432 0.995719
0.0167024 0.999861
0.136629 0.990622
0.226626 0.973982
0.21142 0.977395
0.0591285 0.99825
0.179822 0.983699
0.260392 0.965503
0.113866 0.993496
0.0439326 0.999034
0.0382297 0.999269
0.15463 0.987972
0.130332 0.99147
0.219063 0.975711
0.0725139 0.997367
0.0492707 0.998785
0.274106 0.961699
0.280822 0.95976
0.19583 0.980638
0.0682014 0.997672
0.190546 0.981678
0.309017 0.951057
0.20626 0.978497
0.0543164 0.998524
0.255734 0.966747
0.148761 0.988873
0.139718 0.990191
0.231609 0.972809
0.076701 0.997054
0.182533 0.9832
0.10696 0.994263
0.304761 0.952429
0.088628 0.996065
0.142768 0.989756
0.216523 0.976277
0.157519 0.987516
0.269576 0.962979
0.0250621 0.999686
0.1335 0.991049
0.253387 0.967365
0.278594 0.960409
0.0998249 0.995005
0.229124 0.973397
0.145781 0.989317
0.248651 0.968593
0.187885 0.982191
0.160377 0.987056
1.20122 1.61382e-07
0.127126 0.991887
0.213977 0.976839
6.12323e-17 1
0.123877 0.992298
0.300473 0.95379
0.287448 0.957796
0.236547 0.97162
0.262703 0.964877
0.208836 0.977951
0.234085 0.972216
0.163213 0.986591
0.265004 0.964247
0.296164 0.955137
0.103421 0.994638
0.28304 0.959108
0.306893 0.951744
0.276356 0.961055
0.298323 0.954465
0.120587 0.992703
0.110438 0.993883
0.239 0.97102
0.221599 0.975138
0.251025 0.967981
0.0807735 0.996732
0.267295 0.963615
0.302621 0.953111
0.166032 0.98612
0.28964 0.957136
0.28525 0.958453
0.0961643 0.995365
0.177111 0.984191
0.224119 0.974562
0.201065 0.979578
0.185222 0.982697
0.271846 0.962341
0.193189 0.981162
0.203672 0.979039
0.246258 0.969204
0.0320226 0.999487
0.171605 0.985166
0.241433 0.970418
0.174366 0.984681
0.15171 0.988425
0.291822 0.956473
0.117248 0.993103
0.293995 0.955807
0.243854 0.969812
0.25807 0.966126
0.0847486 0.996402
