0.161515 0.98687
0.164321 0.986407
0.289945 0.957043
0.199099 0.979979
0.246231 0.969211
0.229288 0.973359
0.0777472 0.996973
0.138001 0.990432
0.248628 0.968599
0.178033 0.984025
0.180712 0.983536
0.085943 0.9963
0.191304 0.981531
0.0645654 0.997913
0.292117 0.956382
0.30066 0.953731
0.294273 0.955722
0.298543 0.954396
0.267458 0.963569
0.17261 0.98499
0.258113 0.966115
0.204233 0.978922
0.304864 0.952396
0.0818977 0.996641
0.169868 0.985467
0.122086 0.992519
0.144082 0.989566
0.0549829 0.998487
0.216897 0.976194
0.188679 0.982039
0.241425 0.970419
0.175332 0.984509
0.21187 0.977298
0.134905 0.990859
0.226829 0.973935
0.206788 0.978386
0.265137 0.964211
0.260463 0.965484
0.155821 0.987785
0.231732 0.97278
0.255752 0.966742
0.0937634 0.995595
0.0734849 0.997296
0.0168899 0.999857
0.115385 0.993321
0.167105 0.985939
0.131768 0.991281
0.253384 0.967366
0.12859 0.991698
0.209331 0.977845
0.0690996 0.99761
0.24383 0.969818
0.221886 0.975073
0.196514 0.980501
0.125366 0.992111
0.236592 0.971609
0.219396 0.975636
0.28335 0.959017
0.147066 0.989127
0.262807 0.964848
0.201671 0.979453
0.10845 0.994102
0.0598701 0.998206
0.274346 0.961631
0.0975406 0.995232
0.152934 0.988236
0.269767 0.962926
0.28776 0.957703
0.0323924 0.999475
0.111942 0.993715
0.272064 0.962279
0.101248 0.994861
0.10488 0.994485
0.278872 0.960328
0.186036 0.982543
0.281114 0.959675
0.0444521 0.999012
0.0898971 0.995951
0.239015 0.971016
0.309017 0.951057
0.234164 0.972197
0.214395 0.976747
0.302768 0.953064
0.0386807 0.999252
0.28556 0.958361
0.0253449 0.999679
0.150016 0.988684
0.25101 0.967985
0.049861 0.998756
0.158681 0.98733
0.306943 0.951728
0.141062 0.990001
0.296408 0.955061
0.118759 0.992923
0.183379 0.983042
1.15369 4.28686e-11
0.224361 0.974506
0.193914 0.981018
0.276617 0.96098
6.12323e-17 1
