1.03163 0.257306
0.204834 0.978797
0.0643513 0.997927
0.136939 0.99058
0.257514 0.966274
0.155053 0.987906
0.0688051 0.99763
0.250321 0.968163
0.280596 0.959826
0.191529 0.981487
0.160874 0.986975
0.0891577 0.996018
0.25513 0.966907
0.146129 0.989266
0.114242 0.993453
0.103854 0.994593
0.186094 0.982532
0.1666 0.986025
0.247894 0.968787
0.100276 0.99496
0.291667 0.95652
0.228056 0.973648
0.188819 0.982012
0.0772826 0.997009
0.262239 0.965003
0.289471 0.957187
0.21785 0.975982
0.210082 0.977684
0.293858 0.955849
0.245453 0.969408
0.163749 0.986502
0.222976 0.974824
0.269229 0.963076
0.0929403 0.995672
0.271522 0.962432
0.276086 0.961133
0.309017 0.951057
0.220416 0.975406
0.0324 0.999475
0.278346 0.960481
0.0597183 0.998215
0.183359 0.983046
0.240541 0.970639
0.127445 0.991846
0.0813449 0.996686
0.238071 0.971248
0.175043 0.984561
0.264585 0.964362
0.199546 0.979889
1.15579 3.61139e-11
6.12323e-17 1
0.0966398 0.995319
0.196891 0.980425
0.207465 0.978242
0.0852985 0.996355
0.0253616 0.999678
0.0169098 0.999857
0.0444265 0.999013
0.157972 0.987444
0.243002 0.970026
0.252731 0.967537
0.230573 0.973055
0.302556 0.953132
0.202197 0.979345
0.124204 0.992257
0.273809 0.961784
0.143096 0.989709
0.130646 0.991429
0.212686 0.977121
0.285052 0.958512
0.152107 0.988364
0.180612 0.983554
0.296044 0.955174
0.133809 0.991007
0.149132 0.988817
0.107373 0.994219
0.259883 0.96564
0.304716 0.952443
0.169434 0.985542
0.300392 0.953816
0.0731083 0.997324
0.0497971 0.998759
0.140033 0.990147
0.120931 0.992661
0.0548818 0.998493
0.298219 0.954497
0.117609 0.99306
0.30687 0.951751
0.172251 0.985053
0.287266 0.957851
0.266917 0.963719
0.110829 0.99384
0.233083 0.972457
0.177837 0.98406
0.0386735 0.999252
0.21527 0.976555
0.23558 0.971855
0.28283 0.95917
0.225521 0.974238
0.194228 0.980956
