0.277367 0.960764
0.0708677 0.997486
0.254624 0.96704
0.212664 0.977125
0.162952 0.986634
0.222981 0.974823
0.125756 0.992061
0.0243599 0.999703
0.304963 0.952364
0.281766 0.959483
0.0869341 0.996214
0.28394 0.958842
0.220424 0.975404
0.160003 0.987117
0.0790854 0.996868
0.135465 0.990782
0.249925 0.968265
0.296704 0.954969
0.196711 0.980461
0.0529292 0.998598
0.256953 0.966424
0.306994 0.951712
0.14795 0.988995
0.16588 0.986146
0.266154 0.96393
0.0622423 0.998061
1.10463 3.45664e-07
0.261579 0.965182
0.188515 0.98207
0.294614 0.955616
0.191263 0.981539
0.171662 0.985156
0.037198 0.999308
0.112294 0.993675
0.174517 0.984654
0.0666153 0.997779
0.259271 0.965805
0.0311464 0.999515
0.270677 0.96267
0.151002 0.988534
0.0907527 0.995873
0.242769 0.970084
0.101773 0.994808
0.199408 0.979917
0.286103 0.958199
0.0427586 0.999085
0.292509 0.956263
0.0981593 0.995171
0.157026 0.987594
0.233008 0.972475
0.210046 0.977691
0.105347 0.994436
0.132266 0.991214
0.0479674 0.998849
0.122446 0.992475
0.0576846 0.998335
0.138637 0.990343
0.204757 0.978813
0.180171 0.983635
0.268425 0.963301
0.298781 0.954322
0.0750409 0.99718
0.182971 0.983118
0.108843 0.994059
0.141772 0.989899
0.202092 0.979367
0.177353 0.984147
0.272921 0.962036
0.23792 0.971285
0.144872 0.98945
0.168786 0.985653
0.0830477 0.996546
0.215269 0.976555
0.263873 0.964557
0.240351 0.970686
0.245168 0.969481
0.247553 0.968874
0.275148 0.961402
0.115721 0.993282
0.154023 0.988067
0.300852 0.953671
0.290385 0.95691
0.230529 0.973066
6.12323e-17 1
0.0162374 0.999868
0.0944833 0.995526
0.129025 0.991641
0.193997 0.981002
0.279567 0.960126
0.217859 0.97598
0.119098 0.992882
0.309017 0.951057
0.288254 0.957554
0.18575 0.982597
0.228028 0.973654
0.225512 0.97424
0.252281 0.967654
0.302914 0.953018
0.20741 0.978254
0.235474 0.971881
