0.29426 0.955726
6.12323e-17 1
0.161662 0.986846
0.100999 0.994887
0.137922 0.990443
0.197236 0.980356
0.0548722 0.998493
0.251803 0.967779
0.0816945 0.996657
0.0644198 0.997923
0.121923 0.99254
0.15002 0.988683
0.202454 0.979292
0.232667 0.972556
0.263319 0.964709
0.140996 0.99001
0.18928 0.981923
0.155888 0.987775
0.207611 0.978212
0.300652 0.953734
0.274563 0.961569
0.144035 0.989573
0.242343 0.970191
0.267844 0.963462
0.0253177 0.999679
0.287783 0.957696
0.227755 0.973719
0.115178 0.993345
0.0857216 0.996319
0.244729 0.969592
0.0386171 0.999254
0.239943 0.970787
0.220295 0.975433
0.134809 0.990872
0.24946 0.968385
0.147043 0.98913
0.279005 0.96029
0.0689457 0.99762
0.158788 0.987313
0.210172 0.977664
0.118573 0.992945
0.104638 0.99451
0.175707 0.984442
0.215254 0.976558
0.22528 0.974294
0.16734 0.985899
0.0597346 0.998214
0.0972945 0.995256
0.131654 0.991296
0.304849 0.952401
0.281214 0.959645
0.0935168 0.995618
0.186598 0.982436
0.170149 0.985418
0.183899 0.982945
0.108214 0.994128
0.217781 0.975998
0.272332 0.962203
0.309017 0.951057
0.256445 0.966559
0.25875 0.965944
0.0323497 0.999477
0.20504 0.978754
0.191949 0.981405
0.270092 0.962835
0.111727 0.993739
0.21272 0.977113
0.254129 0.96717
0.230217 0.973139
0.17846 0.983947
0.298532 0.9544
0.306939 0.951729
0.265588 0.964087
0.125212 0.99213
0.0733178 0.997309
0.285603 0.958348
0.0497689 0.998761
0.247101 0.96899
0.289952 0.957041
0.302754 0.953069
0.164513 0.986375
0.199853 0.979826
0.0168796 0.999858
0.0443755 0.999015
0.194599 0.980883
0.0896612 0.995972
0.128457 0.991715
0.296402 0.955063
0.283413 0.958998
0.181187 0.983449
0.29211 0.956385
1.15017 9.23878e-13
0.222796 0.974865
0.235105 0.97197
0.23753 0.97138
0.15297 0.988231
0.172935 0.984933
0.276789 0.960931
0.0775668 0.996987
0.261041 0.965328
