0.133191 0.99109
0.172219 0.985059
0.160862 0.986977
1.06678 5.78954e-10
0.276426 0.961035
0.267348 0.9636
0.206107 0.978529
0.255888 0.966707
0.218262 0.97589
0.185766 0.982594
0.0941881 0.995554
0.174986 0.984571
0.0692947 0.997596
0.220664 0.97535
0.298391 0.954444
0.300531 0.953772
0.258193 0.966093
0.230184 0.973147
0.190979 0.981594
0.232554 0.972583
0.136434 0.990649
0.180434 0.983587
0.163765 0.986499
0.116257 0.993219
0.291912 0.956445
0.10913 0.994027
0.285343 0.958425
0.203638 0.979046
0.306908 0.951739
0.198646 0.980071
0.129899 0.991527
0.090286 0.995916
0.283129 0.959082
0.0169215 0.999857
6.12323e-17 1
0.0387482 0.999249
0.025383 0.999678
0.280907 0.959735
0.274169 0.961682
0.30479 0.95242
0.183117 0.983091
0.208558 0.97801
0.2396 0.970872
0.265064 0.964231
0.244282 0.969704
0.269633 0.962963
0.188388 0.982095
0.227818 0.973704
0.064739 0.997902
0.101794 0.994805
0.253591 0.967312
0.086298 0.996269
0.234907 0.972018
0.0551157 0.99848
0.213429 0.976959
0.296242 0.955113
0.225444 0.974256
0.119742 0.992805
0.260488 0.965477
0.193561 0.981088
0.166609 0.986023
0.246614 0.969114
0.142781 0.989754
0.201153 0.97956
0.241943 0.970291
0.0737139 0.997279
0.196112 0.980582
0.148961 0.988843
0.0445717 0.999006
0.309017 0.951057
0.0980275 0.995184
0.289734 0.957107
0.105491 0.99442
0.139631 0.990204
0.211003 0.977485
0.177729 0.984079
0.278671 0.960387
0.302665 0.953097
0.154987 0.987917
0.0600222 0.998197
0.237258 0.971447
0.271903 0.962325
0.0780231 0.996952
0.223056 0.974806
0.145892 0.989301
0.11272 0.993627
0.215851 0.976426
0.049987 0.99875
0.262778 0.964856
0.157945 0.987448
0.126561 0.991959
0.151991 0.988382
0.248956 0.968515
0.0822117 0.996615
0.251283 0.967914
0.123178 0.992385
0.287543 0.957768
0.294083 0.95578
0.169429 0.985542
0.0324486 0.999473
