0.179376 0.983781
0.287665 0.957731
0.276611 0.960982
0.294178 0.955751
0.150431 0.98862
0.230283 0.973124
0.0547324 0.998501
0.246885 0.969045
0.289846 0.957073
0.0932024 0.995647
0.125023 0.992154
0.274375 0.961623
1.20899 1.38762e-09
0.128322 0.991733
0.137993 0.990433
0.302713 0.953082
0.0252452 0.999681
0.162362 0.986731
0.192813 0.981236
0.251554 0.967843
0.309016 0.951057
0.256182 0.966628
0.190176 0.98175
0.0385198 0.999258
0.249226 0.968445
0.198023 0.980197
0.0969736 0.995287
0.227872 0.973691
0.300594 0.953752
0.159429 0.987209
0.165273 0.986248
0.0496433 0.998767
0.281061 0.95969
0.285473 0.958387
0.200599 0.979673
0.272129 0.962261
0.283272 0.95904
0.195431 0.980717
0.0814339 0.996679
0.244542 0.969639
0.0687443 0.997634
0.220593 0.975366
0.118306 0.992977
0.107898 0.994162
0.296329 0.955086
0.032259 0.99948
0.114888 0.993378
0.144276 0.989537
0.0642488 0.997934
0.0595902 0.998223
0.176604 0.984282
0.22546 0.974253
0.208211 0.978084
0.0893703 0.995998
0.237452 0.971399
0.182112 0.983278
0.14737 0.989081
0.278841 0.960337
0.253871 0.967238
0.170997 0.985272
0.306925 0.951734
0.0854439 0.996343
0.215682 0.976464
0.260782 0.965398
0.267612 0.963527
0.210716 0.977547
0.205694 0.978616
0.269874 0.962896
0.263069 0.964777
0.239819 0.970818
0.121689 0.992568
0.141148 0.989988
0.203156 0.979146
0.153462 0.988155
0.223031 0.974811
0.100678 0.994919
6.12323e-17 1
0.235069 0.971979
0.25849 0.966014
0.213201 0.977008
0.292018 0.956413
0.187507 0.982263
0.0773171 0.997007
0.104312 0.994545
0.0442687 0.99902
0.173818 0.984778
0.16815 0.985761
0.265342 0.964154
0.0730979 0.997325
0.232681 0.972553
0.111424 0.993773
0.304822 0.952409
0.298466 0.95442
0.134807 0.990872
0.15646 0.987684
0.218141 0.975917
0.131584 0.991305
0.184821 0.982772
0.0168302 0.999858
0.242185 0.97023
