0.180058 0.983656
0.13293 0.991125
0.222222 0.974996
0.299073 0.95423
0.148428 0.988923
0.17728 0.98416
0.174498 0.984658
0.246561 0.969127
0.171688 0.985151
0.139232 0.99026
0.276066 0.961139
0.136097 0.990695
0.290902 0.956753
0.163149 0.986602
0.0703899 0.99752
0.185536 0.982637
0.0832069 0.996532
0.234571 0.972099
0.182808 0.983149
0.28882 0.957384
0.0395869 0.999216
0.236996 0.971511
0.28251 0.959264
0.017309 0.99985
1.15523 9.95009e-09
0.196323 0.980539
6.12323e-17 1
0.206868 0.978369
0.232132 0.972684
0.248918 0.968525
0.102442 0.994739
0.193651 0.981071
0.0561614 0.998422
0.201628 0.979462
0.305068 0.952331
0.227208 0.973846
0.20947 0.977815
0.106041 0.994362
0.0259623 0.999663
0.255897 0.966704
0.26948 0.963006
0.109586 0.993977
0.0872367 0.996188
0.297058 0.954859
0.126481 0.991969
0.204257 0.978917
0.292967 0.956122
0.0454632 0.998966
0.198983 0.980003
0.0911654 0.995836
0.119865 0.99279
0.241805 0.970325
0.217173 0.976133
0.065839 0.99783
0.286732 0.958011
0.284628 0.958638
0.154399 0.988009
0.145397 0.989373
0.267259 0.963625
0.168863 0.985639
0.113064 0.993588
0.095005 0.995477
0.309017 0.951057
0.151429 0.988468
0.188257 0.98212
0.258194 0.966093
0.142332 0.989819
0.160259 0.987075
0.280374 0.959891
0.271691 0.962385
0.262756 0.964862
0.229678 0.973267
0.123193 0.992383
0.11649 0.993192
0.166019 0.986123
0.301073 0.953601
0.212054 0.977258
0.253587 0.967312
0.303079 0.952965
0.30705 0.951694
0.219706 0.975566
0.260483 0.965478
0.129725 0.99155
0.278231 0.960514
0.0747939 0.997199
0.273886 0.961762
0.295017 0.955492
0.24419 0.969727
0.0509618 0.998701
0.265016 0.964244
0.224723 0.974423
0.239407 0.970919
0.190959 0.981598
0.0987664 0.995111
0.079059 0.99687
0.214621 0.976697
0.157343 0.987544
0.251256 0.967921
0.0611062 0.998131
0.0331747 0.99945
