0.0904922 0.995897
0.170987 0.985273
0.30698 0.951716
0.102043 0.99478
0.0944216 0.995532
0.257255 0.966343
0.198687 0.980063
0.304932 0.952374
0.152956 0.988233
0.273002 0.962013
0.209076 0.977899
0.254955 0.966953
0.292446 0.956282
0.281749 0.959488
0.283909 0.958851
0.203926 0.978986
0.126977 0.991906
0.286059 0.958212
0.211622 0.977351
0.996705 0.352831
0.2882 0.95757
0.165104 0.986276
0.143486 0.989652
0.123556 0.992338
0.261819 0.965117
0.22894 0.973441
0.0388749 0.999244
0.185166 0.982707
0.302874 0.953031
0.182385 0.983227
0.069494 0.997582
1.15746 2.16397e-10
0.201316 0.979526
0.231355 0.972869
0.120092 0.992763
0.116583 0.993181
0.193361 0.981128
0.240919 0.970545
0.162112 0.986772
0.146673 0.989185
0.277395 0.960756
0.0782268 0.996936
0.0824084 0.996599
0.133694 0.991023
0.252643 0.96756
0.0739282 0.997264
0.16806 0.985777
0.236156 0.971715
0.26408 0.964501
0.221614 0.975134
0.0649369 0.997889
0.298733 0.954337
0.0254508 0.999676
0.24564 0.969361
0.0169654 0.999856
0.050123 0.998743
0.279577 0.960123
0.294552 0.955635
0.243284 0.969955
0.0602066 0.998186
0.176746 0.984256
0.224069 0.974573
0.233761 0.972294
0.105759 0.994392
0.247985 0.968764
0.0325487 0.99947
0.309017 0.951057
0.219138 0.975694
0.268564 0.963262
0.140261 0.990115
0.130354 0.991467
0.25032 0.968163
0.098266 0.99516
0.179579 0.983744
0.190655 0.981657
6.12323e-17 1
0.0446888 0.999001
0.214146 0.976802
0.187923 0.982184
0.296649 0.954987
0.270788 0.962639
0.290327 0.956928
0.136995 0.990572
0.21665 0.976249
0.259543 0.965732
0.300809 0.953684
0.149831 0.988712
0.238544 0.971132
0.159095 0.987263
0.109419 0.993996
0.173879 0.984767
0.226512 0.974008
0.26633 0.963882
0.196046 0.980595
0.113027 0.993592
0.0552719 0.998471
0.206513 0.978444
0.156046 0.98775
0.275204 0.961386
0.0864968 0.996252
