0.154318 0.988021
0.139066 0.990283
0.082741 0.996571
0.201708 0.979446
0.241839 0.970316
0.105622 0.994406
0.160214 0.987082
0.0606994 0.998156
0.119548 0.992828
0.101997 0.994785
0.278207 0.960521
0.126222 0.992002
0.239436 0.970912
0.286711 0.958017
0.234584 0.972096
0.204335 0.978901
0.262795 0.964852
0.0257723 0.999668
0.222234 0.974993
0.30506 0.952333
0.229685 0.973265
0.284609 0.958644
0.151332 0.988483
0.112693 0.99363
0.206943 0.978353
0.209533 0.977802
0.282486 0.959271
0.292935 0.956132
0.269499 0.963001
0.307043 0.951695
0.0906991 0.995878
0.0392968 0.999228
0.0743465 0.997232
0.265047 0.964235
0.294981 0.955503
0.0983069 0.995156
1.20172 2.99255e-09
0.0867678 0.996229
0.244229 0.969718
0.19104 0.981582
0.148316 0.98894
0.182862 0.983139
0.163124 0.986606
0.122907 0.992418
0.212105 0.977247
0.288801 0.957389
0.227214 0.973845
0.237014 0.971506
0.145268 0.989392
0.232141 0.972682
0.0451456 0.99898
0.15728 0.987554
0.171718 0.985146
0.017185 0.999852
0.188333 0.982105
0.12949 0.991581
0.297016 0.954873
0.280353 0.959897
0.253636 0.9673
0.2172 0.976127
0.21466 0.976689
0.251304 0.967908
0.301068 0.953603
0.267281 0.963619
0.258248 0.966079
0.303069 0.952969
0.219725 0.975562
0.246601 0.969117
0.199064 0.979986
0.0945438 0.995521
0.109187 0.994021
0.116146 0.993232
0.0506135 0.998718
0.196407 0.980522
0.255945 0.966691
0.180101 0.983648
0.0786031 0.996906
0.299046 0.954239
0.13272 0.991154
0.193733 0.981054
0.271694 0.962384
6.12323e-17 1
0.224732 0.974421
0.174531 0.984652
0.0557815 0.998443
0.27605 0.961143
0.260533 0.965465
0.0654167 0.997858
0.309017 0.951057
0.248963 0.968513
0.0699593 0.99755
0.0329255 0.999458
0.290876 0.956761
0.18561 0.982624
0.166011 0.986124
0.142186 0.98984
0.177328 0.984152
0.168874 0.985638
0.13591 0.990721
0.273875 0.961765
