6.12323e-17 1
0.0985946 0.995128
0.221673 0.975121
0.208897 0.977938
0.0657851 0.997834
0.291982 0.956424
0.201086 0.979574
0.122859 0.992424
0.0830912 0.996542
0.159672 0.98717
0.173948 0.984755
0.0789624 0.996878
0.267473 0.963565
0.203705 0.979032
0.18502 0.982735
0.300571 0.95376
0.156754 0.987638
0.109353 0.994003
0.304809 0.952413
0.216599 0.976261
0.116214 0.993224
0.224189 0.974546
0.144841 0.989455
0.272035 0.962287
0.162563 0.986698
0.28981 0.957084
0.283233 0.959051
0.195798 0.980644
0.306917 0.951736
0.19845 0.980111
0.138729 0.99033
0.176745 0.984257
0.21148 0.977382
0.0703163 0.997525
0.147858 0.989009
0.168303 0.985735
0.0871139 0.996198
0.132487 0.991185
0.105834 0.994384
0.126106 0.992017
0.182283 0.983246
0.0509241 0.998703
0.150848 0.988557
0.187744 0.982218
0.24392 0.969795
0.236607 0.971605
0.0747147 0.997205
0.0948618 0.99549
0.0259516 0.999663
0.0395614 0.999217
0.141799 0.989895
0.309017 0.951057
0.278788 0.960353
0.206307 0.978487
0.171138 0.985247
0.112809 0.993617
0.248735 0.968571
0.19045 0.981697
0.255859 0.966714
0.226694 0.973966
0.241494 0.970402
0.135627 0.99076
0.294143 0.955761
0.102258 0.994758
0.28763 0.957742
0.0910256 0.995849
0.269759 0.962928
0.296296 0.955096
0.276548 0.961
0.23906 0.971005
0.214045 0.976824
0.281017 0.959703
0.234146 0.972201
0.0172994 0.99985
0.251123 0.967955
0.193133 0.981173
0.302693 0.953088
0.129318 0.991603
0.253498 0.967336
0.219137 0.975694
0.2743 0.961644
0.165445 0.986219
0.258208 0.966089
0.231672 0.972794
0.262864 0.964833
0.0454418 0.998967
0.0331497 0.99945
0.298438 0.954429
0.285437 0.958398
0.179522 0.983754
0.0561089 0.998425
0.265173 0.964201
0.246333 0.969185
1.20697 3.07942e-09
0.119561 0.992827
0.988143 0.409932
0.153814 0.9881
0.260542 0.965463
0.229189 0.973382
0.0610444 0.998135
