0.201742 0.979439
0.272796 0.962072
0.106708 0.99429
0.204365 0.978895
0.259593 0.965718
0.168399 0.985719
0.250587 0.968094
0.17132 0.985215
0.0993173 0.995056
0.150248 0.988648
0.188279 0.982116
0.0529468 0.998597
0.0754372 0.997151
0.214652 0.976691
0.264027 0.964515
0.0426863 0.999089
0.268428 0.9633
0.0796231 0.996825
0.281465 0.959572
0.266234 0.963909
0.234278 0.97217
0.120879 0.992667
0.212111 0.977246
0.300625 0.953743
0.290031 0.957017
0.0577401 0.998332
0.199095 0.97998
0.279304 0.960203
0.206965 0.978348
0.0877248 0.996145
0.131005 0.991382
0.0712006 0.997462
0.0161744 0.999869
0.296403 0.955063
0.153348 0.988172
0.117415 0.993083
0.147128 0.989117
0.224615 0.974448
0.274973 0.961452
0.179917 0.983682
0.239014 0.971016
0.182729 0.983163
0.165446 0.986219
0.0668636 0.997762
0.0242588 0.999706
0.124296 0.992245
0.252859 0.967503
0.047923 0.998851
0.0310238 0.999519
0.196431 0.980518
0.255113 0.966911
0.277138 0.96083
0.302724 0.953078
0.231889 0.972742
0.137562 0.990493
0.103066 0.994675
0.270617 0.962687
0.110331 0.993895
0.193734 0.981054
1.0349 4.30416e-08
0.243687 0.969854
0.261815 0.965118
0.143967 0.989582
0.222155 0.975011
0.0916523 0.995791
0.29852 0.954403
0.159454 0.987205
0.127665 0.991817
0.248298 0.968684
0.236655 0.971594
0.241361 0.970435
0.25736 0.966315
0.287895 0.957662
0.113895 0.993493
0.0370811 0.999312
0.294282 0.955718
0.174214 0.984708
0.304829 0.952407
0.245998 0.96927
0.306924 0.951734
0.309016 0.951057
0.185517 0.982641
0.285759 0.958302
0.227062 0.97388
0.0623822 0.998052
6.12323e-17 1
0.140779 0.990041
0.0955286 0.995427
0.22949 0.973311
0.283613 0.958939
0.162464 0.986714
0.292159 0.95637
0.209548 0.977798
0.156415 0.987691
0.219673 0.975574
0.191022 0.981586
0.134297 0.990941
0.0837166 0.99649
0.217171 0.976134
0.177079 0.984197
