0.304765 0.952428
0.232209 0.972666
0.129667 0.991558
0.265851 0.964014
0.248152 0.968721
0.274588 0.961562
0.112286 0.993676
0.126284 0.991994
0.207944 0.978141
0.281112 0.959675
0.104988 0.994473
0.0441775 0.999024
0.178733 0.983898
0.0595617 0.998225
0.115854 0.993266
0.25924 0.965813
0.296206 0.955124
0.108667 0.994078
1.00363 9.16923e-11
0.133025 0.991113
0.243662 0.96986
0.241399 0.970426
0.119381 0.992849
0.222741 0.974878
0.085678 0.996323
0.189699 0.981842
0.192379 0.981321
0.197661 0.98027
0.184272 0.982875
0.0815991 0.996665
0.234536 0.972107
0.210464 0.977602
0.278938 0.960309
0.270239 0.962793
0.250385 0.968146
0.0936371 0.995606
0.0251769 0.999683
0.068768 0.997633
0.181514 0.983388
0.245913 0.969292
0.0731614 0.99732
0.187002 0.98236
0.0896967 0.995969
0.27242 0.962178
0.0974851 0.995237
0.0642632 0.997933
0.17593 0.984403
0.298356 0.954455
0.291917 0.956444
0.167316 0.985903
0.215445 0.976516
0.158405 0.987374
0.287606 0.957749
0.252607 0.967569
0.164372 0.986398
0.239125 0.970989
0.302631 0.953108
0.283284 0.959036
0.300494 0.953784
0.276763 0.960938
0.0167834 0.999859
0.173092 0.984906
0.212966 0.97706
0.136339 0.990662
0.170223 0.985406
0.161413 0.986887
0.1523 0.988334
0.146038 0.989279
0.205425 0.978673
0.28544 0.958397
0.263654 0.964617
0.217898 0.975972
0.0774394 0.996997
0.22751 0.973776
0.257039 0.966401
0.122858 0.992424
0.0546916 0.998503
0.220331 0.975425
0.139612 0.990206
0.142847 0.989745
0.229876 0.97322
0.268045 0.963407
0.101262 0.99486
0.309017 0.951057
0.0495792 0.99877
0.28976 0.957099
0.261446 0.965218
0.294065 0.955785
0.195032 0.980797
6.12323e-17 1
0.306895 0.951743
0.0384268 0.999261
0.202862 0.979207
0.0321712 0.999482
0.155372 0.987856
0.200275 0.97974
0.225138 0.974327
0.254823 0.966988
0.149193 0.988808
0.236839 0.971549
