0.13516 0.990824
0.227735 0.973723
0.232564 0.972581
0.28395 0.958839
0.0167119 0.99986
0.186211 0.98251
0.17775 0.984076
0.202442 0.979294
0.188974 0.981982
0.257954 0.966157
0.309017 0.951057
0.217858 0.97598
0.0684576 0.997654
0.268931 0.96316
0.260171 0.965563
0.296587 0.955006
0.0892211 0.996012
0.290293 0.956938
0.147872 0.989007
0.180595 0.983558
0.038277 0.999267
0.244344 0.969689
0.271097 0.962552
0.0593053 0.99824
0.294494 0.955653
0.220355 0.97542
0.215337 0.97654
0.262377 0.964966
0.107923 0.994159
0.166112 0.986107
0.24202 0.970271
0.22529 0.974292
0.11501 0.993364
6.12323e-17 1
0.1319 0.991263
0.23495 0.972007
1.15153 5.77662e-09
0.141578 0.989927
0.251221 0.96793
0.0852638 0.996358
0.183413 0.983036
0.0440053 0.999031
0.246652 0.969104
0.0968857 0.995296
0.292397 0.956297
0.199797 0.979837
0.144735 0.989471
0.306962 0.951722
0.0493795 0.99878
0.266757 0.963764
0.248943 0.968518
0.212794 0.977097
0.191723 0.981449
0.121894 0.992543
0.207657 0.978202
0.25348 0.967341
0.160137 0.987095
0.100622 0.994925
0.0250679 0.999686
0.0544567 0.998516
0.194439 0.980915
0.230158 0.973153
0.255723 0.96675
0.0930853 0.995658
0.205061 0.978749
0.118479 0.992957
0.239675 0.970853
0.275407 0.961328
0.237325 0.97143
0.171976 0.985101
0.0812002 0.996698
0.288181 0.957576
0.222832 0.974857
0.0770608 0.997026
0.277553 0.96071
0.154054 0.988062
0.279692 0.96009
0.0639528 0.997953
0.128599 0.991697
0.157107 0.987582
0.111494 0.993765
0.125271 0.992123
0.197129 0.980378
0.169052 0.985607
0.104305 0.994545
0.174875 0.984591
0.300754 0.953702
0.163136 0.986604
0.3049 0.952384
0.0728144 0.997346
0.298673 0.954355
0.302831 0.953044
0.138386 0.990378
0.150973 0.988538
0.0320308 0.999487
0.264572 0.964366
0.281822 0.959467
0.286069 0.958209
0.273258 0.961941
0.210237 0.97765
