0.268761 0.963207
0.277418 0.960749
0.14351 0.989649
0.200133 0.979769
0.186887 0.982381
0.0946401 0.995512
0.227824 0.973702
0.222953 0.974829
0.189569 0.981867
6.12323e-17 1
0.230234 0.973135
0.140345 0.990103
0.181466 0.983397
0.173163 0.984893
0.15278 0.98826
0.273101 0.961985
0.292354 0.95631
0.264395 0.964414
0.290236 0.956955
0.102294 0.994754
0.309017 0.951057
0.281708 0.9595
0.26 0.965609
0.234987 0.971999
0.0169804 0.999856
0.210455 0.977604
0.0866743 0.996237
0.170346 0.985384
0.0388853 0.999244
0.306965 0.951721
1.15266 5.13954e-09
0.0254815 0.999675
0.127249 0.991871
0.120386 0.992727
0.0325723 0.999469
0.25557 0.966791
0.192235 0.981349
0.194879 0.980827
0.205325 0.978694
0.215513 0.976501
0.184187 0.982891
0.298674 0.954355
0.253339 0.967378
0.149727 0.988727
0.116877 0.993146
0.0985007 0.995137
0.16171 0.986838
0.237332 0.971428
0.146639 0.98919
0.285985 0.958234
0.244278 0.969705
0.270935 0.962598
0.302838 0.953042
0.158776 0.987315
0.0740243 0.997256
0.178725 0.983899
0.0649967 0.997885
0.225393 0.974268
0.202738 0.979233
0.296574 0.95501
0.0695881 0.997576
0.304904 0.952383
0.123843 0.992302
0.220497 0.975388
0.246564 0.969126
0.0783454 0.996926
0.0825585 0.996586
0.197514 0.9803
0.257788 0.966201
0.0447001 0.999
0.1675 0.985872
0.060277 0.998182
0.251091 0.967963
0.232619 0.972568
0.113312 0.993559
0.050172 0.998741
0.248834 0.968546
0.155796 0.987789
0.212995 0.977053
0.130588 0.991437
0.164623 0.986357
0.13714 0.990552
0.218012 0.975946
0.28385 0.958869
0.275262 0.961369
0.109695 0.993965
0.279562 0.960128
0.106027 0.994363
0.2622 0.965014
0.288111 0.957597
0.239663 0.970856
0.133893 0.990996
0.241977 0.970282
0.175958 0.984398
0.294468 0.955661
0.266582 0.963812
0.0907016 0.995878
0.0553558 0.998467
0.300761 0.9537
0.207897 0.978151
