0.203113 0.979155
0.22342 0.974722
0.259142 0.965839
0.187321 0.982299
0.0701155 0.997539
0.132883 0.991132
0.0655492 0.997849
0.256847 0.966452
0.0986513 0.995122
0.225896 0.974151
0.129698 0.991554
0.0393499 0.999225
0.0829857 0.996551
0.279279 0.96021
0.109542 0.993982
1.10345 1.19457e-11
0.22093 0.97529
0.0608108 0.998149
0.254537 0.967063
0.159759 0.987156
0.240439 0.970664
0.210832 0.977522
0.228355 0.973578
0.281465 0.959571
0.0870396 0.996205
0.218428 0.975853
0.245186 0.969476
0.148145 0.988966
0.123198 0.992382
0.300725 0.953711
0.0745323 0.997219
0.283641 0.958931
0.268205 0.963362
0.309017 0.951057
0.0172061 0.999852
0.156897 0.987615
0.287971 0.957639
0.294397 0.955683
0.0788182 0.996889
6.12323e-17 1
0.30489 0.952388
0.249885 0.968275
0.197903 0.980222
0.050691 0.998714
0.205701 0.978615
0.045213 0.998977
0.19528 0.980748
0.29652 0.955027
0.18464 0.982806
0.126471 0.99197
0.230799 0.973001
0.242819 0.970072
0.0258057 0.999667
0.165413 0.986224
0.154011 0.988069
0.162594 0.986693
0.28581 0.958286
0.113048 0.99359
0.142158 0.989844
0.306957 0.951723
0.181944 0.983309
0.263697 0.964606
0.270441 0.962736
0.0909968 0.995851
0.145169 0.989407
0.16821 0.985751
0.151089 0.98852
0.27488 0.961478
0.292265 0.956337
0.119871 0.992789
0.0948658 0.99549
0.235647 0.971839
0.23805 0.971253
0.192637 0.98127
0.179233 0.983807
0.21591 0.976413
0.252219 0.96767
0.139104 0.990278
0.23323 0.972422
0.170989 0.985273
0.290123 0.95699
0.136016 0.990707
0.272668 0.962108
0.0329709 0.999456
0.0558734 0.998438
0.261425 0.965224
0.20827 0.978071
0.102367 0.994747
0.265957 0.963985
0.189983 0.981787
0.247541 0.968877
0.29863 0.954369
0.213377 0.97697
0.277084 0.960846
0.105994 0.994367
0.116486 0.993192
0.200514 0.979691
0.173753 0.984789
0.176498 0.984301
0.302811 0.953051
