0.0168139 0.999859
0.276934 0.960889
0.207321 0.978273
0.189007 0.981976
0.0687368 0.997635
0.304894 0.952386
0.19166 0.981461
0.0384778 0.999259
0.196936 0.980416
0.164288 0.986412
0.298618 0.954373
0.172722 0.984971
0.152634 0.988283
0.134244 0.990948
0.0496181 0.998768
0.186333 0.982487
0.202154 0.979354
0.296504 0.955032
0.149648 0.988739
0.0968842 0.995296
0.267888 0.96345
0.175485 0.984482
0.104142 0.994562
0.229999 0.973191
0.0814214 0.99668
0.0730905 0.997325
0.306958 0.951723
0.237328 0.97143
0.131065 0.991374
0.246914 0.969037
0.234899 0.97202
0.140505 0.99008
0.204744 0.978816
0.256332 0.966589
0.239742 0.970837
0.227526 0.973772
0.217511 0.976058
0.212435 0.977175
0.111154 0.993803
0.0547144 0.998502
0.117966 0.993018
0.258662 0.965968
0.107677 0.994186
0.143587 0.989638
0.0893282 0.996002
0.180942 0.983494
0.292249 0.956342
0.249282 0.968431
0.194306 0.980941
0.178224 0.98399
0.272441 0.962172
0.127852 0.991793
0.214974 0.97662
0.114585 0.993413
0.244534 0.969641
0.0595732 0.998224
0.290098 0.956997
0.302813 0.95305
0.100547 0.994932
0.309016 0.951057
0.279158 0.960245
0.0322252 0.999481
0.14663 0.989191
0.0773136 0.997007
0.0642395 0.997935
0.294384 0.955687
0.155592 0.987821
0.242143 0.970241
0.30072 0.953712
0.183648 0.982992
1.15962 6.24307e-12
0.085426 0.996345
0.169936 0.985455
0.283574 0.95895
0.0442353 0.999021
0.137395 0.990516
0.158521 0.987356
0.220036 0.975492
0.222545 0.974922
0.121306 0.992615
0.263293 0.964716
0.225039 0.97435
0.28576 0.958301
0.260979 0.965344
6.12323e-17 1
0.287937 0.957649
0.251641 0.967821
0.209881 0.977727
0.253991 0.967206
0.274696 0.961531
0.199553 0.979887
0.161418 0.986886
0.265596 0.964084
0.167126 0.985936
0.281374 0.959598
0.025219 0.999682
0.124598 0.992207
0.232457 0.972607
0.27017 0.962813
0.0931464 0.995652
