0.0551728 0.998477
0.0600657 0.998194
0.24284 0.970066
0.069276 0.997598
0.309017 0.951057
0.304774 0.952425
0.0500439 0.998747
0.118411 0.992965
0.121704 0.992566
0.155531 0.987831
0.259056 0.965862
0.233202 0.972428
0.1526 0.988288
0.197297 0.980344
0.287639 0.957739
0.137555 0.990494
0.194624 0.980878
0.14666 0.989187
0.181035 0.983477
0.210459 0.977603
0.274588 0.961562
0.186514 0.982452
0.0937185 0.995599
0.124951 0.992163
0.2545 0.967073
0.19193 0.981409
0.161333 0.9869
0.0254481 0.999676
0.101108 0.994875
0.0446237 0.999004
0.205236 0.978713
0.0974584 0.99524
0.104693 0.994505
0.202603 0.979261
0.24756 0.968873
0.143656 0.989628
0.164206 0.986426
0.169886 0.985464
0.278951 0.960305
0.0169646 0.999856
0.0647557 0.997901
0.285472 0.958387
0.291942 0.956436
0.245207 0.969471
0.23564 0.97184
0.306898 0.951742
0.172692 0.984976
0.115068 0.993358
0.289792 0.95709
0.199958 0.979804
0.218194 0.975905
0.22327 0.974757
0.300513 0.953778
0.0778766 0.996963
0.18923 0.981933
0.134453 0.99092
0.21305 0.977041
0.158448 0.987367
1.15329 4.26276e-09
0.0388302 0.999246
0.11167 0.993745
0.238061 0.97125
0.256784 0.966469
0.131325 0.991339
6.12323e-17 1
0.252199 0.967675
0.0898954 0.995951
0.267991 0.963422
0.128156 0.991754
0.0736488 0.997284
0.261311 0.965255
0.283303 0.95903
0.281137 0.959668
0.270196 0.962805
0.0819868 0.996633
0.220743 0.975332
0.16706 0.985947
0.149641 0.98874
0.240461 0.970659
0.140622 0.990063
0.294097 0.955775
0.263549 0.964646
0.302644 0.953104
0.0325214 0.999471
0.17549 0.984481
0.215629 0.976475
0.230745 0.973014
0.183782 0.982967
0.272395 0.962185
0.276771 0.960936
0.225786 0.974177
0.265774 0.964035
0.298378 0.954448
0.228271 0.973598
0.178264 0.983983
0.0859771 0.996297
0.296239 0.955114
0.207856 0.978159
0.249888 0.968275
0.108209 0.994128
