0.309017 0.951057
0.30473 0.952439
0.146826 0.989162
0.224725 0.974422
0.017398 0.999849
0.203972 0.978977
0.176466 0.984307
0.0512485 0.998686
0.249098 0.968478
0.0614486 0.99811
0.0957063 0.99541
0.298251 0.954487
0.106917 0.994268
0.282969 0.959129
0.239556 0.970882
0.274136 0.961691
0.0995189 0.995036
0.12096 0.992657
0.127666 0.991817
0.195909 0.980622
0.114052 0.993475
0.152957 0.988233
0.164894 0.986311
0.137408 0.990515
0.184911 0.982755
0.0752555 0.997164
0.276352 0.961056
0.0397905 0.999208
0.0662212 0.997805
0.0457183 0.998954
0.15898 0.987282
0.219638 0.975581
0.227241 0.973839
0.267445 0.963573
0.206627 0.97842
0.241969 0.970284
0.179305 0.983794
0.167822 0.985817
0.0795613 0.99683
0.234683 0.972072
0.201301 0.979529
0.161946 0.9868
0.244365 0.969683
0.293907 0.955834
0.28736 0.957823
0.18212 0.983276
0.130951 0.991389
0.0708195 0.997489
0.187688 0.982229
0.214485 0.976727
0.265197 0.964194
1.0423 0.0527107
0.289544 0.957165
6.12323e-17 1
1.06006 0.0452377
0.253771 0.967264
0.296082 0.955163
0.0837495 0.996487
0.258382 0.966043
0.211882 0.977295
0.271913 0.962322
0.198613 0.980078
0.291723 0.956503
0.0918126 0.995776
0.0564704 0.998404
0.237128 0.971478
0.262939 0.964812
0.24674 0.969082
0.193187 0.981162
0.140582 0.990069
0.124337 0.99224
0.134199 0.990954
0.300414 0.953809
0.302576 0.953125
0.209263 0.977859
0.0878317 0.996135
0.256084 0.966654
0.103252 0.994655
0.155987 0.987759
0.0260962 0.999659
0.217069 0.976156
0.285169 0.958477
0.278565 0.960417
0.173605 0.984815
0.269683 0.962949
1.10412 1.15292e-09
0.260668 0.965429
0.117534 0.993069
0.149909 0.9887
0.280769 0.959775
0.251442 0.967872
0.170726 0.985319
0.306876 0.95175
0.23222 0.972663
0.110518 0.993874
0.222191 0.975003
0.229742 0.973252
0.143721 0.989618
0.190445 0.981698
0.0333368 0.999444
