0.617444 0.0492222 0.333333
0.323097 0.34357 0.333333
0.638206 0.361794 0
0.673483 0.152915 0.173602
0.825208 0.174792 0
0.437042 0.229625 0.333333
0.398648 0.268019 0.333333
0.249267 0.589773 0.16096
0.915562 0 0.0844381
1.18346e-17 0.74416 0.25584
0.0869961 0.579671 0.333333
0.417619 0.249048 0.333333
0.564747 0.409573 0.0256797
0.592658 0.202822 0.20452
0.249385 0.417282 0.333333
0.454737 0.34508 0.200182
0.478205 0.44694 0.0748554
0.499678 0.253934 0.246388
0.504697 0.374536 0.120767
1.8093e-17 1 0
0.544778 0.289836 0.165387
0.0335133 0.633153 0.333333
0.448965 0.539661 0.0113742
0.634067 0.243399 0.122534
1.06022e-17 0.666667 0.333333
0.286124 0.380543 0.333333
0.304642 0.362024 0.333333
0.415773 0.309114 0.275113
0.166212 0.643357 0.190431
0.55183 0.114836 0.333333
0.75157 0.24843 0
0.456573 0.210093 0.333333
0.714639 0.1957 0.089661
1.40387e-17 0.882755 0.117245
0.231211 0.435456 0.333333
0.757231 0.0965402 0.146229
0.0156998 0.650967 0.333333
0.0691557 0.597511 0.333333
0.600994 0.0656728 0.333333
0.937815 0.0621845 0
0.151381 0.782048 0.066571
0.842875 0.0432969 0.113828
0.107585 0.892415 0
0.386236 0.613764 0
0.790635 0.140332 0.0690334
0.515654 0.151012 0.333333
0.568217 0.0984498 0.333333
0.650281 0.0163859 0.333333
0.140643 0.526023 0.333333
0.307875 0.488722 0.203403
0.680254 0.287928 0.0318175
0.633865 0.0328022 0.333333
0.552766 0.170583 0.276651
0.358361 0.579606 0.0620326
0.272767 0.451129 0.276104
0.0288339 0.932968 0.0381979
0.476116 0.19055 0.333333
0.0513304 0.615336 0.333333
0.158651 0.508015 0.333333
0.194841 0.471825 0.333333
0.411478 0.489019 0.0995022
0.666667 0 0.333333
0.12274 0.543926 0.333333
0.396475 0.430996 0.172529
1 1.11022e-16 1.11022e-16
0.279966 0.638562 0.0814719
1.97249e-08 4.56217e-08 1.10283
0.074347 0.83709 0.0885627
0.199343 0.691044 0.109613
0.000137583 0.000318216 1.0645
0.240858 0.73841 0.0207316
0.0242895 0.144196 0.897444
0.740024 0 0.259976
0.360815 0.305852 0.333333
0.331251 0.535293 0.133455
0.213006 0.453661 0.333333
0.10484 0.561827 0.333333
0.584528 0.0821382 0.333333
0.0243591 0.13386 0.90781
0.591708 0.326049 0.0822436
0.223976 0.536292 0.239733
0.535581 0.131086 0.333333
0.709493 0.0656977 0.224809
0.357771 0.393092 0.249136
0.0667687 0.71428 0.218951
0.0131102 0.806689 0.180201
0.872691 0.0993583 0.0279506
0.267655 0.399012 0.333333
0.379626 0.287041 0.333333
0.185106 0.814894 0
0.3108 0.6892 0
0.635964 0.104509 0.259527
0.176747 0.48992 0.333333
0.341998 0.324668 0.333333
0.110053 0.744535 0.145411
0.813355 0 0.186645
0.152546 0.579463 0.267991
0.495884 0.170783 0.333333
0.519699 0.480301 0
0.091068 0.650944 0.257988
