0.117277 0.54939 0.333333
0.294917 0.559911 0.145172
0.574547 0.0921198 0.333333
0.0291752 0.637491 0.333333
0.0438238 0.622843 0.333333
0.705854 0.294146 0
0.830387 0.113951 0.0556626
0.347968 0.468008 0.184024
0.213724 0.750296 0.0359799
0.666667 0 0.333333
0.288391 0.711609 0
2.11948e-08 2.21569e-08 1.12214
0 0.666667 0.333333
0.115232 0.65422 0.230548
0.559151 0.107515 0.333333
0.543764 0.122903 0.333333
0.24101 0.530784 0.228206
0.281855 0.384811 0.333333
0.726176 0.159553 0.114271
0.435722 0.230944 0.333333
0.221495 0.445171 0.333333
0.123022 0.785973 0.0910042
0.312455 0.354211 0.333333
0.327823 0.338844 0.333333
0.334158 0.599905 0.0659366
0.204871 0.615125 0.180004
0.582634 0.159605 0.257761
0.864215 0.0276296 0.108156
0.466659 0.200008 0.333333
0.813627 0 0.186373
0.342383 0.393281 0.264336
0.0878421 0.578825 0.333333
0.297167 0.3695 0.333333
0.933613 0 0.0663872
1 1.11022e-16 1.11022e-16
0.0812428 0.74168 0.177077
0.373927 0.29274 0.333333
0.0930313 0.867066 0.0399023
0.191521 0.475146 0.333333
0.537099 0.236812 0.226089
0.0145886 0.652078 0.333333
0.589552 0.410448 0
0.482092 0.184575 0.333333
0.390003 0.51101 0.098987
0.629521 0.33604 0.0344387
0.752849 0.213506 0.0336451
0.685065 0.113881 0.201054
0.343136 0.323531 0.333333
0.0324429 0.700109 0.267448
0.20649 0.460176 0.333333
0.13201 0.534656 0.333333
0.651322 0.0153445 0.333333
0.630258 0.199104 0.170638
0 0.909467 0.0905332
0.435084 0.556932 0.00798356
0.366379 0.633621 0
0.512948 0.153719 0.333333
0.236457 0.43021 0.333333
0.739284 0.0106891 0.250027
0.0585076 0.608159 0.333333
0.166183 0.700542 0.133274
0.652346 0.0727388 0.274916
0.25156 0.656924 0.0915169
0.478619 0.455417 0.065964
0.620622 0.0460448 0.333333
0.511605 0.488395 0
0.173007 0.826993 0
0.0270758 0.834721 0.138203
0.589912 0.0767544 0.333333
0.146836 0.51983 0.333333
0.159088 0.572276 0.268636
0.161704 0.504963 0.333333
0.0731656 0.593501 0.333333
0.25157 0.415097 0.333333
0.389321 0.277346 0.333333
0.420244 0.246423 0.333333
0.102545 0.564121 0.333333
0.528359 0.138308 0.333333
0.912323 0.0876768 0
0.454432 0.277504 0.268063
0.536531 0.372297 0.0911725
0.404787 0.26188 0.333333
0 0.782936 0.217064
0.176598 0.490068 0.333333
0.772496 0.0776748 0.149829
0.266698 0.399968 0.333333
0.816485 0.183515 0
0.582714 0.285907 0.131379
2.19051e-18 1 0
0.439495 0.415416 0.145089
0.635974 0.0306922 0.333333
0.411441 0.360165 0.228394
0.358477 0.30819 0.333333
0.278867 0.462227 0.258906
0.451204 0.215463 0.333333
0.495824 0.325327 0.178849
0.605268 0.0613985 0.333333
0.0641272 0.935873 0
0.497527 0.169139 0.333333
0.668037 0.245974 0.0859886
