0.786367 0 0.213633
0.619985 0.0466815 0.333333
0.37716 0.509838 0.113002
0.0590161 0.866477 0.0745067
0.157213 0.0673578 0.821496
0.937144 0.0319579 0.0308985
0.114399 0.776794 0.108808
0.893426 0 0.106574
0.496326 0.503674 0
0 0.666667 0.333333
0.601353 0.0653138 0.333333
0.248399 0.507633 0.243968
0.374939 0.625061 0
1 0 0
0.204252 0.595373 0.200375
0.0423489 0.683715 0.273936
0.548168 0.430343 0.021489
0.892106 0.107894 0
0.327107 0.33956 0.333333
0.389055 0.277612 0.333333
0.504976 0.383584 0.11144
0.409721 0.256945 0.333333
0.115307 0.551359 0.333333
0.507052 0.252469 0.240479
0.514956 0.151711 0.333333
0.082672 0.583995 0.333333
0.336312 0.467351 0.196337
0.297053 0.702947 0
0.298085 0.427609 0.274306
0.849565 0.0838209 0.0666146
0.219175 0.780825 0
0.493529 0.173138 0.333333
0.18806 0.478607 0.333333
0.0662677 0.600399 0.333333
0.12027 0.636259 0.243471
0 1 0
0.422736 0.554135 0.0231282
0.666067 0.303794 0.0301389
0.729694 0.0890634 0.181243
0.549201 0.295991 0.154809
0.148728 0.831372 0.0199007
0.579585 0.0870812 0.333333
0.459045 0.465196 0.0757596
0.286886 0.37978 0.333333
0.329919 0.590719 0.0793616
0.773814 0.127992 0.0981943
0.271608 0.672662 0.0557295
0.347658 0.319009 0.333333
0.289396 0.550165 0.160438
0.640711 0.252329 0.10696
0.159038 0.682974 0.157987
0.426992 0.299233 0.273775
1.6214e-06 1.57302e-07 1.13507
0.247162 0.419504 0.333333
0.651031 0.015636 0.333333
0.81904 0.0346289 0.146331
0.722393 0.0194165 0.258191
0.666667 7.40149e-17 0.333333
0.584758 0.338592 0.0766499
0.239792 0.635604 0.124603
0.632901 0.139942 0.227156
0.817815 0.182185 0
0.131533 0.535134 0.333333
0.168584 0.498083 0.333333
0.00648448 0.939524 0.0539915
0.036773 0.801447 0.16178
0.472361 0.194306 0.333333
0 0.860609 0.139391
0.536361 0.130305 0.333333
0.267103 0.399563 0.333333
0.635468 0.0311987 0.333333
0.619294 0.380706 0
0.0497355 0.616931 0.333333
0.465475 0.339838 0.194686
0.142292 0.0495661 0.913977
0.73951 0.208313 0.0521777
0.726314 0.273686 0
0.419016 0.423065 0.157918
0.227423 0.439244 0.333333
0.595278 0.216287 0.188435
0.0990287 0.567638 0.333333
0.368377 0.29829 0.333333
0.451303 0.215364 0.333333
0.0831425 0.722698 0.19416
0.554223 0.173766 0.272011
0.657078 0.0747455 0.268176
0.149106 0.51756 0.333333
0.55789 0.108777 0.333333
0.0919403 0.90806 0
0.3781 0.379147 0.242753
0.168178 0.556129 0.275692
0.430437 0.23623 0.333333
0.306865 0.359801 0.333333
0.207688 0.458979 0.333333
0.686457 0.172218 0.141325
0.0331817 0.633485 0.333333
0.191505 0.730902 0.077593
0.0111131 0.00119211 1.06357
0 0.761675 0.238325
0.0165875 0.650079 0.333333
