0.594458 0.380275 0.0252678
0.139817 0.615573 0.244609
0.272992 0.727008 0
0.334167 0.392968 0.272866
0.842772 0.0830672 0.0741612
0 1 0
5.13238e-06 5.26306e-08 1.14916
0.0281779 0.803235 0.168587
0.180853 0.485814 0.333333
0.809691 0.179016 0.0112926
0.125861 0.745584 0.128555
0.367008 0.558504 0.0744871
0.132731 0.533936 0.333333
0.406818 0.259849 0.333333
0.763304 0.131693 0.105003
0.632078 0.280461 0.0874604
0.886166 0.113834 0
0.651794 0.0148729 0.333333
0.680384 0.0488152 0.2708
0.261549 0.405117 0.333333
0.21303 0.453637 0.333333
0.196919 0.469747 0.333333
0.116802 0.549865 0.333333
0.0727904 0.593876 0.333333
0.618861 0.0478058 0.333333
0.293935 0.372731 0.333333
0.02937 0.932718 0.0379119
0.0905021 0.708151 0.201347
0.183026 0.655958 0.161016
0.52036 0.146307 0.333333
0.461615 0.379489 0.158896
0.556447 0.184793 0.25876
0.374636 0.292031 0.333333
0.721731 0.0901156 0.188154
0.744933 0.255067 0
0.667204 0.332796 0
0.358556 0.30811 0.333333
0.471422 0.253353 0.275226
0.0145357 0.652131 0.333333
0.417723 0.47323 0.109047
0.465215 0.51919 0.0155945
0.342401 0.324265 0.333333
0.455301 0.211365 0.333333
0.0582085 0.608458 0.333333
0.229183 0.437484 0.333333
0.277725 0.388941 0.333333
0.235514 0.56956 0.194926
0.504013 0.162654 0.333333
0 0.881763 0.118237
0.439132 0.227534 0.333333
0.029101 0.637566 0.333333
0.102061 0.564605 0.333333
0.81063 0.0291052 0.160264
0.48777 0.178897 0.333333
0.71249 0.221052 0.0664575
0.418355 0.338432 0.243213
0.632627 0.133881 0.233491
0.536662 0.130004 0.333333
0.635334 0.0313323 0.333333
0.666667 0 0.333333
0.0804708 0.837207 0.0823224
0.511052 0.287968 0.20098
0.422956 0.243711 0.333333
0.0436384 0.623028 0.333333
0.374543 0.431549 0.193908
0.390717 0.275949 0.333333
0.592876 0.233282 0.173842
0.0873969 0.57927 0.333333
0.279108 0.609938 0.110954
0.124102 0.0204886 1.02028
0.585932 0.0807347 0.333333
0.553067 0.113599 0.333333
0.602387 0.0642799 0.333333
0.310136 0.356531 0.333333
0.765381 0 0.234619
0.541834 0.458166 0
0.404213 0.595787 0
0.324599 0.518853 0.156548
9.63305e-17 0.666667 0.333333
0.164778 0.501888 0.333333
0.196055 0.530806 0.273139
0.148756 0.517911 0.333333
0.673748 0.180282 0.14597
0.280941 0.477177 0.241882
0.109645 0.890355 0
0.502463 0.421289 0.0762478
0.0525682 0.672247 0.275185
0.191377 0.808623 0
0.245346 0.421321 0.333333
0.471516 0.195151 0.333333
1 1.11022e-16 1.11022e-16
0.163902 0.778863 0.0572355
0.550842 0.331756 0.117402
0.569471 0.0971957 0.333333
0.934319 0.0333898 0.0322917
2.54169e-17 0.759317 0.240683
0.225933 0.693936 0.0801311
0.32701 0.653238 0.0197523
0.326299 0.340367 0.333333
0.887228 0 0.112772
