0.703751 0.256491 0.0397584
0.666667 0 0.333333
0.0323488 0.634318 0.333333
0.595948 0.404052 1.11022e-16
0.522907 0.460253 0.0168399
0.385324 0.281343 0.333333
0.648184 0.127205 0.224611
0.169268 0.497399 0.333333
0.762956 0 0.237044
0.0162088 0.650458 0.333333
0.384715 0.455913 0.159372
0.178272 0.0516311 0.887839
0.813933 0.0197148 0.166352
0.244288 0.693695 0.0620171
0.199362 0.532213 0.268424
6.2787e-18 0.666667 0.333333
0.194514 0.655437 0.150049
0.509573 0.157093 0.333333
0.0484257 0.618241 0.333333
0.0604478 0.66422 0.275332
0.116256 0.550411 0.333333
0.187612 0.479055 0.333333
0.888545 0 0.111455
0.664083 0.193857 0.14206
7.07396e-18 0.751106 0.248894
0.0891505 0.0114075 0.971464
0.481253 0.412578 0.10617
4.71525e-18 1 1.11022e-16
0.098652 0.699686 0.201662
0.0803724 0.586294 0.333333
0.670665 0.329335 1.11022e-16
0.464404 0.535596 1.11022e-16
0.427598 0.494874 0.0775275
0.617819 0.0488475 0.333333
0.563407 0.10326 0.333333
0.280405 0.505968 0.213627
0.527415 0.139252 0.333333
0.650358 0.0163089 0.333333
0.142102 0.731899 0.125999
0.242625 0.424042 0.333333
0.473873 0.192794 0.333333
0.848636 0.0725492 0.0788144
0.296728 0.369938 0.333333
0.620164 0.282306 0.0975306
0.894269 0.105731 1.11022e-16
0.147261 0.612878 0.239861
0.402996 0.26367 0.333333
0.0303325 0.869729 0.0999384
0.599582 0.0670851 0.333333
0.438363 0.228304 0.333333
0.267971 0.732029 1.11022e-16
0.587845 0.157888 0.254267
0.260846 0.40582 0.333333
0.134075 0.532592 0.333333
0.292376 0.616801 0.0908234
0.443427 0.368903 0.18767
0.634087 0.0325793 0.333333
0.151823 0.514844 0.333333
0.420689 0.245978 0.333333
0.576482 0.237295 0.186224
0.681504 0.0460794 0.272416
0.36138 0.402371 0.236249
1.74292e-05 1.57293e-08 1.14893
0.736913 0.177017 0.0860698
0.206003 0.460664 0.333333
7.77164e-18 0.825185 0.174815
0.38791 0.581639 0.030451
0.722841 0.0855005 0.191659
0.482599 0.285097 0.232304
4.41672e-18 0.93669 0.06331
0.278838 0.387829 0.333333
0.456111 0.210556 0.333333
0.404498 0.323771 0.271731
0.581483 0.0851835 0.333333
0.768895 0.109693 0.121413
0.0644032 0.602263 0.333333
0.0692018 0.784768 0.14603
0.491709 0.174957 0.333333
0.567807 0.364142 0.0680507
0.349962 0.316705 0.333333
0.332275 0.334392 0.333333
0.0983206 0.568346 0.333333
1 0 1.11022e-16
0.189175 0.810825 1.11022e-16
0.529884 0.322026 0.14809
0.936831 0.0286703 0.0344988
0.367646 0.29902 0.333333
0.337368 0.538081 0.124551
0.346889 0.653111 1.11022e-16
0.29443 0.439141 0.266429
0.821384 0.153705 0.0249104
0.224529 0.442138 0.333333
0.0850116 0.914988 1.11022e-16
0.545421 0.121245 0.333333
0.776155 0.223845 1.11022e-16
0.114822 0.842139 0.0430383
0.166112 0.763953 0.0699357
0.516895 0.213575 0.26953
0.240855 0.580233 0.178912
0.314438 0.352228 0.333333
