0.857875 0.0563985 0.0857263
0.605384 0.0612828 0.333333
0.24517 0.75483 0
0.544544 0.122122 0.333333
0.306853 0.359813 0.333333
0.738522 0 0.261478
0.424633 0.242034 0.333333
0.666667 0 0.333333
0.631872 0.340562 0.0275665
0.194391 0.683161 0.122447
0.467179 0.532821 0
0.609123 0.12272 0.268157
0.845208 0 0.154792
0.716117 0.191849 0.0920343
0.131282 0.535385 0.333333
0.343136 0.541842 0.115022
0.0436237 0.623043 0.333333
0.471012 0.397521 0.131467
0.651298 0.0153687 0.333333
0.145932 0.520735 0.333333
0.350094 0.392664 0.257242
0.389693 0.59061 0.0196969
0.087377 0.57929 0.333333
0.499288 0.167378 0.333333
0.0581888 0.608478 0.333333
0.529392 0.137275 0.333333
1.64791e-05 6.88615e-05 1.20444
0.386571 0.443374 0.170055
0.302438 0.497612 0.19995
0.514008 0.452307 0.0336847
0.159395 0.644959 0.195646
0.395003 0.271664 0.333333
0.439451 0.227215 0.333333
0.635932 0.0307342 0.333333
0.0188662 0.800117 0.181017
0.657885 0.162009 0.180106
0.116357 0.883643 0
3.45663e-17 0.743635 0.256365
0.116631 0.550036 0.333333
0.072784 0.593883 0.333333
0.781508 0.0355684 0.182923
0.428069 0.345407 0.226524
0.160584 0.506082 0.333333
0.336101 0.330566 0.333333
0.409798 0.256869 0.333333
0.331256 0.668744 0
3.09886e-17 0.666667 0.333333
0.10199 0.564677 0.333333
0.380181 0.286485 0.333333
0.219228 0.447438 0.333333
0.590137 0.0765301 0.333333
0.659346 0.267221 0.0734336
0.586463 0.413537 0
0.0739824 0.697207 0.22881
0.0145262 0.65214 0.333333
0.117813 0.609264 0.272922
0.167406 0.804601 0.027993
0.189931 0.476735 0.333333
1 0 0
0.277648 0.389018 0.333333
0.935892 0.00259947 0.0615082
0.23387 0.432796 0.333333
0.218782 0.720396 0.0608222
0.553702 0.353189 0.0931089
0.249681 0.589204 0.161115
0.454363 0.212303 0.333333
0.51703 0.301914 0.181056
0.706685 0.293315 0
0.365455 0.301212 0.333333
0.290517 0.630049 0.0794341
0.514326 0.152341 0.333333
0.292241 0.374425 0.333333
0.426437 0.491014 0.0825484
0.781449 0.218551 0
0.469374 0.197293 0.333333
0.620682 0.0459844 0.333333
0.263077 0.40359 0.333333
0.248481 0.418186 0.333333
0.204596 0.46207 0.333333
0.559699 0.106967 0.333333
0.574911 0.0917559 0.333333
0.0327881 0.931235 0.0359765
0.558631 0.206469 0.2349
0.262807 0.462586 0.274608
0.903933 0.0960672 0
0.0794787 0.83465 0.0858711
0.175259 0.491407 0.333333
0.820982 0.146005 0.033013
0.20556 0.549778 0.244663
0.350782 0.315885 0.333333
1.76342e-17 1 0
0.113481 0.748289 0.13823
0.605341 0.247266 0.147393
0.0290895 0.637577 0.333333
0.484267 0.1824 0.333333
4.09212e-17 0.880351 0.119649
0.755914 0.11419 0.129896
0.6929 0.0783609 0.228739
0.472594 0.259171 0.268234
0.32147 0.345197 0.333333
