0.346182 0.320485 0.333333
0.811005 0.113212 0.0757836
0.195216 0.471451 0.333333
0.90618 0 0.0938198
0.630906 0.0949328 0.274161
0.0893689 0.668747 0.241884
0.798006 0.201994 0
0.33868 0.626889 0.0344309
0.468584 0.198082 0.333333
0.686076 0.313924 0
0.180217 0.486449 0.333333
0.151093 0.840368 0.00853944
0.284957 0.582688 0.132355
0.711625 0.174698 0.113676
0.434941 0.321981 0.243078
0.610984 0.370656 0.0183599
0.300666 0.699334 1.11022e-16
0.87198 0.12802 0
0.669657 0.132025 0.198318
0.575659 0.0910075 0.333333
0 0.918091 0.0819091
0.0750914 0.591575 0.333333
0.474907 0.366059 0.159034
0.0300267 0.63664 0.333333
0.190329 0.625198 0.184473
0.499274 0.167392 0.333333
0.40724 0.259427 0.333333
1.31901e-18 0.732434 0.267566
0.187641 0.743391 0.0689678
0.453231 0.213436 0.333333
0.651554 0.0151124 0.333333
0.666667 0 0.333333
0.418028 0.581972 0
0.255345 0.411322 0.333333
0.841206 0.0324343 0.126359
0.225236 0.774764 1.11022e-16
0.33096 0.335707 0.333333
0.210224 0.456443 0.333333
1.80086e-18 1 0
0.735285 0.232456 0.0322595
0.0991763 0.793578 0.107246
0.391969 0.274698 0.333333
0.590876 0.0757907 0.333333
0.636362 0.0303042 0.333333
0.514575 0.152092 0.333333
0.0901151 0.576552 0.333333
0.300584 0.366083 0.333333
0.928392 0.0529805 0.018627
0.753622 0.0858589 0.160519
0 0.666667 0.333333
0.529864 0.136802 0.333333
0.285508 0.381159 0.333333
0.376686 0.289981 0.333333
0.606076 0.0605902 0.333333
0.545159 0.121508 0.333333
0.241485 0.66448 0.0940349
0.349135 0.376223 0.274642
0.551766 0.448234 1.11022e-16
0.427515 0.457783 0.114702
0.270403 0.396264 0.333333
0.529032 0.276409 0.194558
0.0803207 0.919679 0
0.560437 0.10623 0.333333
1.50583e-18 0.836174 0.163826
0.575783 0.181139 0.243078
0.280572 0.462032 0.257396
0.225285 0.441382 0.333333
1 0 1.11022e-16
0.383821 0.416534 0.199645
0.490532 0.236509 0.272959
0.650929 0.27029 0.0787812
0.150206 0.51646 0.333333
0.233731 0.538642 0.227628
0.567421 0.321486 0.111093
0.71712 0.0287779 0.254102
0.377144 0.540117 0.0827388
0.147804 0.582818 0.269378
0.792595 0 0.207405
0.0450389 0.621628 0.333333
0.51484 0.409056 0.0761041
0.361411 0.305256 0.333333
0.422518 0.244148 0.333333
0.0600637 0.606603 0.333333
0.315742 0.350925 0.333333
0.135193 0.531473 0.333333
9.46827e-08 9.68511e-08 1.18666
0.0616889 0.871875 0.0664362
0.483935 0.182731 0.333333
0.240312 0.426355 0.333333
0.0150115 0.651655 0.333333
0.621189 0.0454772 0.333333
0.120174 0.546493 0.333333
0.0451358 0.75944 0.195424
0.105151 0.561516 0.333333
0.617697 0.223744 0.158558
0.330427 0.499346 0.170227
0.139806 0.707125 0.153069
0.474529 0.505568 0.0199038
0.165221 0.501446 0.333333
0.437869 0.228798 0.333333
