2.2096e-17 0.782858 0.217142
0.886281 0 0.113719
0.00119598 0.31164 0.863221
0.107533 0.559134 0.333333
1 1.11022e-16 0
0.892747 0.107253 0
0.55354 0.204854 0.241606
0.485804 0.180863 0.333333
0.603225 0.368644 0.0281313
0.681005 0.192101 0.126894
0.56772 0.43228 0
0.367744 0.298923 0.333333
0.780624 0.219376 0
0.316288 0.350379 0.333333
0.253755 0.473036 0.273209
0.175775 0.699037 0.125188
0.281661 0.385006 0.333333
3.07989e-10 8.26372e-10 1.10577
0.172882 0.827118 0
0.451982 0.214685 0.333333
0.38393 0.58035 0.0357195
0.690534 0.0473916 0.262074
0.0933206 0.867137 0.0395429
0.593276 0.24654 0.160184
2.81273e-17 1 0
0.768532 8.53242e-17 0.231468
0.357103 0.642897 0
0.0268061 0.835965 0.137229
0.118097 0.667032 0.214871
0.815412 0.157989 0.0265986
0.435184 0.231483 0.333333
0.206347 0.555712 0.237941
0.429101 0.365455 0.205444
0.843838 0.0777084 0.0784538
0.636917 0.0297495 0.333333
0.266851 0.654729 0.0784206
0.725162 0.0934218 0.181417
0.16046 0.506207 0.333333
0.286826 0.713174 0
1.88166e-17 0.666667 0.333333
0.935128 0.029472 0.0354002
0.33347 0.333196 0.333333
0.810487 0.0303739 0.159139
0.466568 0.406391 0.127041
0.679257 0.320743 0
0.622022 0.0446445 0.333333
0.59198 0.0746865 0.333333
0.0641078 0.935892 0
0.229905 0.436762 0.333333
0.298977 0.36769 0.333333
0.0360367 0.63063 0.333333
0.0179877 0.189907 0.91357
0.632067 0.284604 0.0833287
0.651793 0.0148734 0.333333
0.476224 0.261394 0.262382
0.24714 0.419527 0.333333
0.137815 0.597841 0.264344
0.290931 0.514362 0.194707
0.215749 0.749696 0.0345542
0.212641 0.454026 0.333333
0.547855 0.347636 0.104508
0.072079 0.594588 0.333333
2.56812e-17 0.90988 0.0901203
0.666667 0 0.333333
0.227395 0.611128 0.161477
0.018077 0.64859 0.333333
0.418332 0.248334 0.333333
0.561936 0.104731 0.333333
0.76162 0.13425 0.10413
0.195377 0.471289 0.333333
0.324122 0.560028 0.11585
0.376739 0.460008 0.163253
0.336885 0.418509 0.244606
0.125286 0.541381 0.333333
0.401478 0.265189 0.333333
0.531507 0.13516 0.333333
0.0823291 0.746051 0.17162
0.390719 0.332484 0.276797
0.500894 0.165772 0.333333
0.0540562 0.61261 0.333333
0.643617 0.151247 0.205136
0.177899 0.488768 0.333333
0.606959 0.0597076 0.333333
0.463633 0.536367 0
0.125188 0.785886 0.0889261
0.546767 0.1199 0.333333
0.516238 0.150428 0.333333
0.60459 0.118826 0.276584
0.0898023 0.576864 0.333333
0.468897 0.19777 0.333333
0.416037 0.498074 0.0858886
0.35063 0.316037 0.333333
0.384601 0.282066 0.333333
0.715895 0.241836 0.0422692
0.0348491 0.6994 0.26575
0.264373 0.402294 0.333333
0.511533 0.30487 0.183597
0.576935 0.0897315 0.333333
0.142957 0.52371 0.333333
0.501912 0.456874 0.0412143
