0.168142 0.604198 0.227661
0.226641 0.773359 1.11022e-16
0.0825564 0.917444 1.11022e-16
0.842411 0.0836114 0.0739772
0.471973 0.38475 0.143277
0.257859 0.563024 0.179117
0.771986 0 0.228014
0.560422 0.106245 0.333333
0.530311 0.136356 0.333333
0.0451783 0.752921 0.2019
0.545345 0.121322 0.333333
0.209835 0.456831 0.333333
0.476361 0.255727 0.267912
0.430877 0.477882 0.0912413
0.149614 0.517053 0.333333
0.345722 0.520331 0.133946
0.644616 0.115356 0.240028
0.380191 0.286476 0.333333
6.09604e-17 1 1.11022e-16
0.134694 0.531972 0.333333
0.693497 0.0345 0.272003
0.394344 0.571682 0.0339734
0.21229 0.519819 0.267891
0.21938 0.651168 0.129452
0.651427 0.0152397 0.333333
0.179745 0.486922 0.333333
0.558141 0.224613 0.217245
0.880943 0.119057 0
0.727052 0.082733 0.190215
0.286981 0.379685 0.333333
0.152111 0.835939 0.0119501
0.255767 0.410899 0.333333
0.410454 0.256213 0.333333
0.104915 0.561751 0.333333
0.305256 0.607078 0.0876664
8.93036e-05 1.36483e-05 1.19911
0.0878648 0.653438 0.258697
0.349438 0.317229 0.333333
0.180738 0.738716 0.080546
0.515317 0.151349 0.333333
0.760882 0.127572 0.111547
0.440586 0.226081 0.333333
0.342921 0.388231 0.268847
0.626843 0.373157 1.11022e-16
0.500356 0.16631 0.333333
0.349846 0.650154 0
0.0626481 0.869121 0.0682306
0 0.833144 0.166856
0.747696 0.252304 1.11022e-16
0.708897 0.21116 0.0799422
0.45558 0.211087 0.333333
0.29661 0.472351 0.231039
0.36484 0.301827 0.333333
0.665619 0.171476 0.162905
0.0600616 0.606605 0.333333
0.27279 0.697592 0.0296178
0.815329 0.0284669 0.156204
0.030044 0.636623 0.333333
0.804961 0.176375 0.0186641
0.470471 0.196196 0.333333
0.194762 0.471905 0.333333
0.63624 0.0304262 0.333333
0.577907 0.155819 0.266274
0.240344 0.426323 0.333333
0.485409 0.181258 0.333333
0.0972881 0.788223 0.114489
0.621015 0.045652 0.333333
0.271359 0.395308 0.333333
0.0150148 0.651652 0.333333
0.616478 0.256434 0.127088
0.427053 0.33834 0.234607
0.0899939 0.576673 0.333333
0.575535 0.0911316 0.333333
0.386604 0.43124 0.182156
0.0750303 0.591636 0.333333
0.30261 0.364057 0.333333
0.119803 0.546864 0.333333
0.333829 0.332838 0.333333
1.11868e-17 0.666667 0.333333
1.53804e-17 0.916581 0.0834189
0.547913 0.452087 1.11022e-16
1.22561e-17 0.730394 0.269606
0.934392 0.038674 0.0269342
0.891733 0 0.108267
0.164658 0.502009 0.333333
0.0450603 0.621606 0.333333
0.318223 0.348444 0.333333
0.590656 0.0760105 0.333333
0.225042 0.441625 0.333333
0.666667 7.40149e-17 0.333333
0.669553 0.299181 0.0312667
1 1.11022e-16 1.11022e-16
0.42557 0.241096 0.333333
0.570943 0.339719 0.0893377
0.132565 0.696569 0.170865
0.519477 0.302483 0.17804
0.515507 0.421473 0.0630195
0.469243 0.530757 1.11022e-16
0.605807 0.06086 0.333333
0.395339 0.271327 0.333333
