0.0748973 0.591769 0.333333
0.531117 0.399586 0.0692976
0.000229754 2.80908e-05 1.19253
0.0318297 0.836678 0.131492
0.72443 0.191014 0.0845556
0.226508 0.440158 0.333333
0.862554 0.0351755 0.102271
0.631827 0.101221 0.266952
0.441179 0.225487 0.333333
0.333986 0.332681 0.333333
0.714063 0.0660728 0.219864
0.305441 0.572631 0.121928
0.636915 0.0297518 0.333333
0.02896 0.714433 0.256607
0.57719 0.0894763 0.333333
0.58546 0.318764 0.0957757
0.56225 0.43775 0
0.349347 0.31732 0.333333
0.0858399 0.746403 0.167757
0.150396 0.516271 0.333333
0.391245 0.530245 0.0785095
0.363365 0.363007 0.273628
0.674917 0.283171 0.0419124
0.135282 0.531384 0.333333
0.82914 0.120701 0.0501591
0.53209 0.134576 0.333333
0.353059 0.62276 0.0241813
0.24181 0.424857 0.333333
0.0952498 0.868182 0.036568
0.585993 0.183456 0.230551
0.261394 0.657885 0.0807212
0.770442 0.0964018 0.133156
0.0598698 0.606797 0.333333
0.303203 0.363463 0.333333
0.517038 0.149629 0.333333
0.0956668 0.627903 0.27643
0.174499 0.825501 0
0.364718 0.301949 0.333333
0.296094 0.448283 0.255623
0.318594 0.348073 0.333333
0.933671 0 0.0663291
0.218493 0.612959 0.168548
0.63259 0.232754 0.134656
0.425951 0.240716 0.333333
0.224593 0.75097 0.024437
0.486759 0.179908 0.333333
0.195985 0.470681 0.333333
0.501906 0.16476 0.333333
0.380076 0.286591 0.333333
0.398646 0.404648 0.196707
0.0638526 0.936147 0
0.165569 0.501097 0.333333
0.182119 0.560519 0.257362
0.348281 0.486575 0.165145
0.60707 0.0595968 0.333333
0.410681 0.255985 0.333333
0.129069 0.786486 0.0844449
0.258231 0.523649 0.21812
3.66969e-17 0.910777 0.0892228
0.0899633 0.576703 0.333333
0.592132 0.0745344 0.333333
0.822047 0 0.177953
0.0149394 0.651727 0.333333
0.639492 0.360508 0
0.91219 0.0878101 1.11022e-16
0.814886 0.185114 0
0.547135 0.119531 0.333333
0.6518 0.014867 0.333333
0.428682 0.571318 0
0.562173 0.104494 0.333333
0.666667 0 0.333333
4.02918e-17 1 0
0.395379 0.271288 0.333333
0.676794 0.148465 0.174741
3.18635e-17 0.79082 0.20918
0.21123 0.455437 0.333333
0.442694 0.447143 0.110163
0.746642 0.253358 0
0.105035 0.561632 0.333333
0.257091 0.409576 0.333333
0.486782 0.495672 0.0175456
0.287822 0.378845 0.333333
0.301048 0.698952 0
1 1.11022e-16 0
0.120152 0.546515 0.333333
0.177623 0.703549 0.118828
0.456421 0.210245 0.333333
0.542486 0.272679 0.184835
0.0448538 0.621813 0.333333
0.448727 0.31182 0.239453
0.0299009 0.636766 0.333333
0.133235 0.662168 0.204597
0.272437 0.39423 0.333333
0.489823 0.357713 0.152464
0.471617 0.19505 0.333333
0.74435 0 0.25565
6.47088e-17 0.666667 0.333333
0.180742 0.485925 0.333333
0.502167 0.228005 0.269828
0.621996 0.0446706 0.333333
