0.41313 0.400136 0.186734
0.192696 0.807304 0
7.1482e-18 0.729469 0.270531
0.211667 0.454999 0.333333
9.79917e-18 1 1.11022e-16
0.121152 0.545515 0.333333
0.0455799 0.621087 0.333333
0.798937 0 0.201063
0.841408 0.0687087 0.0898835
0.318545 0.348122 0.333333
0.890054 0.109946 0
0.426158 0.240509 0.333333
8.12864e-18 0.829523 0.170477
0.0492631 0.752333 0.198404
0.151311 0.515356 0.333333
0.622124 0.0445426 0.333333
0.592323 0.0743432 0.333333
0.242045 0.424621 0.333333
0.599235 0.30703 0.093735
0.487069 0.179597 0.333333
0.0910123 0.575654 0.333333
0.547415 0.119252 0.333333
0.333868 0.332799 0.333333
0.106082 0.560584 0.333333
0.508823 0.22158 0.269597
0.812853 0.153252 0.0338955
0.59322 0.17306 0.233721
0.208455 0.739624 0.0519211
0.291824 0.708176 1.11022e-16
0.0951867 0.665901 0.238912
0.127198 0.835366 0.0374357
0.102349 0.782673 0.114978
0.641188 0.0881579 0.270654
0.136215 0.530452 0.333333
0.380021 0.286646 0.333333
0.458283 0.4443 0.0974167
0.933523 0.0279379 0.0385392
0.651832 0.0148345 0.333333
0.00418022 0.000293239 1.20207
0.666667 0 0.333333
0.532376 0.134291 0.333333
0.770454 0.229546 0
0.726892 0.179791 0.0933163
0.655911 0.344089 0
0.410821 0.255846 0.333333
0.156034 0.584845 0.259121
0.641421 0.220008 0.138571
0.456604 0.210063 0.333333
0.0759302 0.590737 0.333333
0.335606 0.628256 0.036138
0.166401 0.500265 0.333333
0.7639 0.0918345 0.144266
0.725932 0.0258263 0.248242
0.272544 0.394123 0.333333
0.457099 0.306206 0.236695
0.22681 0.439857 0.333333
0.502169 0.164497 0.333333
0.364175 0.488255 0.14757
0.0152164 0.65145 0.333333
0.0303978 0.636269 0.333333
0.150971 0.701755 0.147274
0.0391555 0.865661 0.0951838
2.42229e-17 0.666667 0.333333
0.287826 0.378841 0.333333
0.0607574 0.605909 0.333333
0.577598 0.422402 0
0.44143 0.225236 0.333333
0.683511 0.128872 0.187617
0.318399 0.443411 0.238191
0.471849 0.194818 0.333333
0.310491 0.573514 0.115995
0.543604 0.390996 0.0654001
0.577378 0.0892891 0.333333
0.551866 0.2638 0.184333
0.181484 0.485182 0.333333
0.229848 0.496184 0.273968
0.879691 0 0.120309
0.562397 0.10427 0.333333
0.395428 0.271239 0.333333
0.499303 0.500697 0
0.0869163 0.913084 1.11022e-16
0.248949 0.657832 0.0932185
0.265674 0.53564 0.198686
1 0 1.11022e-16
0.30318 0.363487 0.333333
0.371717 0.358039 0.270244
0.502154 0.350192 0.147654
0.517277 0.14939 0.333333
0.349219 0.317448 0.333333
0.20408 0.619223 0.176698
0.692409 0.269182 0.0384093
0.196575 0.470092 0.333333
0.607261 0.0594055 0.333333
2.14489e-08 1.55493e-08 1.273
0.416913 0.529771 0.0533158
0.364632 0.302034 0.333333
9.1666e-18 0.935446 0.064554
0.257278 0.409389 0.333333
0.636987 0.02968 0.333333
0.400811 0.599189 0
