0.200554 0.466113 0.333333
0.637751 0.0289157 0.333333
0.442522 0.421598 0.135881
0.35753 0.309136 0.333333
0.454069 0.212598 0.333333
0.737786 0.239565 0.0226497
0.0900318 0.865153 0.0448149
0.608803 0.0578632 0.333333
0.121718 0.642406 0.235876
0.0923257 0.574341 0.333333
0.694634 0.305366 0
0.480152 0.458911 0.0609369
0.422231 0.244435 0.333333
0.797062 0 0.202938
0.756264 0.0765306 0.167206
0.0457352 0.620931 0.333333
0.293807 0.37286 0.333333
0.0638568 0.936143 0
0 0.907785 0.0922148
0.623274 0.0433924 0.333333
0.438206 0.228461 0.333333
0.389889 0.276777 0.333333
0.501563 0.165104 0.333333
0.66898 0.229635 0.101385
0.517075 0.149591 0.333333
0.169738 0.496929 0.333333
0.231429 0.435237 0.333333
0.154286 0.512381 0.333333
0.578515 0.151318 0.270166
0 0.778902 0.221098
0.666667 0 0.333333
0.27818 0.388486 0.333333
0.123353 0.543313 0.333333
0.262406 0.404261 0.333333
0.493683 0.329586 0.176731
0.532545 0.134121 0.333333
0.589735 0.410265 0
0.0147474 0.651919 0.333333
0.394715 0.515535 0.0897504
0.370611 0.350401 0.278989
0.716103 0.0193491 0.264548
0.578442 0.0882246 0.333333
0.320214 0.679786 0
0.215602 0.601713 0.182685
0.406051 0.260616 0.333333
0.256392 0.514597 0.229011
0.404579 0.383588 0.211833
0.0302345 0.636432 0.333333
0.076776 0.589891 0.333333
0.835882 0.0409929 0.123125
0.624125 0.331049 0.0448258
0.593626 0.0730409 0.333333
0.0188004 0.061766 1.11379
0.350886 0.472545 0.176569
0.107835 0.558832 0.333333
0.373727 0.29294 0.333333
0.246929 0.419737 0.333333
0.1674 0.8326 0
0.861438 0.104821 0.0337405
0.534883 0.235252 0.229865
0.243925 0.756075 0
0.66258 0.100327 0.237093
0.208881 0.726135 0.0649843
0.168059 0.686165 0.145776
0.910713 0 0.0892868
0.12309 0.78084 0.0960706
0.0832982 0.735089 0.181612
0.536321 0.373115 0.090564
0.309532 0.357135 0.333333
0.0370425 0.694311 0.268647
0.816398 0.183602 0
0.185148 0.481519 0.333333
0.769767 0.15086 0.0793728
0.302174 0.43756 0.260267
0.563182 0.103484 0.333333
0.510646 0.489354 0
0.215944 0.450723 0.333333
0.17255 0.558315 0.269135
0.457783 0.281946 0.260271
0 1 0
0 0.666667 0.333333
0.0612543 0.605412 0.333333
0.485821 0.180846 0.333333
0.470124 0.196543 0.333333
0.652228 0.0144389 0.333333
0.138847 0.52782 0.333333
0.0265353 0.830909 0.142556
0.263639 0.643709 0.0926524
0.622553 0.191466 0.185981
0.3558 0.605483 0.0387177
0.580774 0.282184 0.137042
0.932651 0.067349 0
0.547844 0.118823 0.333333
0.341497 0.32517 0.333333
3.21831e-06 4.06117e-08 1.16628
0.708708 0.14342 0.147872
0.43168 0.56832 0
0.306148 0.55882 0.135032
0.325507 0.341159 0.333333
1 0 0
