0.540232 0.424115 0.0356533
0.588056 0.078611 0.333333
0.0891183 0.830153 0.0807288
0.222289 0.444377 0.333333
0.486911 0.243075 0.270014
0.00797535 0.930176 0.061849
0.616114 0.112505 0.271381
0.258551 0.408116 0.333333
0.913863 0 0.086137
0.31265 0.354016 0.333333
0.130651 0.536016 0.333333
0.539484 0.127183 0.333333
0.0101717 0.108134 1.00014
0.658147 0.153153 0.188701
0.242949 0.488629 0.268422
0.74829 0.235502 0.0162083
0.43773 0.228937 0.333333
0.322908 0.447118 0.229974
0.132388 0.00311026 1.12501
0.423916 0.54522 0.0308643
0.184031 0.785731 0.0302379
0.555834 0.110833 0.333333
0.0375281 0.629139 0.333333
0.204097 0.46257 0.333333
0.567963 0.194924 0.237113
0.839312 0.0431787 0.11751
0 0.666667 0.333333
0.25471 0.61675 0.12854
0.112196 0.554471 0.333333
0.167615 0.499052 0.333333
0.603825 0.0628419 0.333333
0.402031 0.264636 0.333333
0.523037 0.14363 0.333333
0.0911397 0.706473 0.202387
0.651026 0.0156404 0.333333
0.702346 0.191638 0.106016
0.036614 0.794965 0.168421
0.0749478 0.591719 0.333333
0.612938 0.387062 0
0.653173 0.279205 0.067622
0.444094 0.324368 0.231537
0.294657 0.37201 0.333333
0.336541 0.577505 0.0859548
0.689454 0.310546 0
0.149161 0.517506 0.333333
0.455653 0.211014 0.333333
0.490128 0.176538 0.333333
0.276664 0.390003 0.333333
0.0187886 0.647878 0.333333
0.000419605 0.218212 0.914157
0.00542008 0.185534 0.95545
0.530168 0.285771 0.184061
0.748957 0.0955851 0.155458
0.33056 0.336107 0.333333
0.132767 0.60862 0.258613
0.498994 0.501006 0
8.48396e-07 3.7514e-06 1.18383
0.20662 0.568365 0.225015
0.260285 0.739715 0
0.172038 0.657214 0.170748
0.373391 0.49492 0.131689
0.216314 0.699752 0.0839335
0.612257 0.23906 0.148683
0.635376 0.031291 0.333333
0.821977 0.178023 0
0.363926 0.366955 0.269119
2.36099e-17 1 0
0.809637 0 0.190363
0.0562716 0.610395 0.333333
0.785001 0.138168 0.0768306
0.738138 0 0.261862
0.0936218 0.573045 0.333333
0.185821 0.480845 0.333333
2.04974e-17 0.868168 0.131832
0.240509 0.426158 0.333333
0.0777375 0.916518 0.00574475
0.145104 0.854896 0
0.573722 0.332928 0.0933505
0.0488365 0.675402 0.275761
0 0.758799 0.241201
0.506596 0.16007 0.333333
0.379783 0.620217 0
0.666667 0 0.333333
0.290349 0.531961 0.17769
0.366301 0.300366 0.333333
1 0 0
0.869412 0.100868 0.0297202
0.472853 0.193813 0.333333
0.304801 0.665433 0.0297661
0.348439 0.318228 0.333333
0.131319 0.748054 0.120628
0.698334 0.0680552 0.23361
0.38416 0.282507 0.333333
0.454932 0.457006 0.0880622
0.492237 0.372615 0.135148
0.408783 0.410943 0.180274
0.619609 0.0470574 0.333333
0.936247 0.0637531 0
0.41988 0.246786 0.333333
0.572303 0.0943632 0.333333
