0.125796 0.540871 0.333333
0.257903 0.613923 0.128174
2.11805e-17 0.763106 0.236894
0.301103 0.637838 0.0610593
0.650215 0.0164519 0.333333
0.16794 0.666403 0.165657
0.637695 0.213423 0.148882
0.320135 0.346531 0.333333
1 1.11022e-16 1.11022e-16
0.219079 0.578369 0.202552
0.0625595 0.604107 0.333333
0.747101 0 0.252899
0.360682 0.563438 0.0758807
0.63377 0.0328966 0.333333
0.446073 0.411445 0.142482
0.0300462 0.935387 0.0345671
0.584335 0.0823315 0.333333
0.0842657 0.7183 0.197434
0.0782651 0.588402 0.333333
0.501781 0.164885 0.333333
0.109938 0.556729 0.333333
0.405595 0.49545 0.098955
0.0240227 0.81032 0.165657
0.222162 0.444505 0.333333
0.59101 0.297474 0.111516
0.401304 0.36752 0.231175
0.617305 0.049362 0.333333
0.21894 0.78106 0
1.13066e-17 1 0
0.714495 0.285505 0
0.452187 0.21448 0.333333
0.346673 0.653327 0
0.173767 0.4929 0.333333
0.267164 0.489885 0.242951
0.182772 0.541325 0.275903
0.681793 0.250176 0.0680314
0.827646 0 0.172354
0.238351 0.428315 0.333333
7.00001e-07 2.64942e-07 1.16553
0.402592 0.264075 0.333333
0.505271 0.494729 0
0.495735 0.333529 0.170737
0.32003 0.408592 0.271379
0.0156261 0.651041 0.333333
0.369565 0.297102 0.333333
0.51324 0.212564 0.274196
0.0450766 0.680564 0.274359
0.865759 0.0393488 0.094892
0.359198 0.452606 0.188195
0.287293 0.379374 0.333333
0.127774 0.625427 0.246799
0.64308 0.0883283 0.268592
0.189824 0.476842 0.333333
0.353054 0.313613 0.333333
0.595163 0.16789 0.236946
0.109267 0.890733 1.11022e-16
0.386065 0.280601 0.333333
0.792689 0.207311 0
0.737221 0.17166 0.0911183
0.435656 0.23101 0.333333
0.336586 0.33008 0.333333
0.779884 0.0899289 0.130187
0.666667 0 0.333333
0.0751902 0.844795 0.0800144
0.518315 0.148352 0.333333
0.551346 0.115321 0.333333
0.585885 0.414115 0
0.722794 0.0603459 0.216861
0.270951 0.395716 0.333333
0.832983 0.132341 0.0346764
0.419122 0.247544 0.333333
0.93566 0 0.0643404
0.53916 0.37671 0.0841304
1.85037e-17 0.666667 0.333333
0.424952 0.575048 0
0.468719 0.197947 0.333333
0.567842 0.0988244 0.333333
0.303658 0.363009 0.333333
0.685353 0.136032 0.178615
0.447759 0.294505 0.257735
0.600828 0.0658387 0.333333
0.268528 0.719748 0.011724
0.157765 0.508902 0.333333
0.204553 0.705695 0.0897523
0.547184 0.255624 0.197192
0.119749 0.761028 0.119223
0.909746 0.0902539 1.11022e-16
0.485254 0.181413 0.333333
1.00219e-17 0.886382 0.113618
0.0312628 0.635404 0.333333
0.534842 0.131825 0.333333
0.480896 0.458045 0.0610593
0.254636 0.41203 0.333333
0.0940563 0.57261 0.333333
0.205976 0.460691 0.333333
0.155477 0.811332 0.0331907
0.0469046 0.619762 0.333333
0.141795 0.524871 0.333333
0.310405 0.531751 0.157844
0.637876 0.341699 0.0204247
