0.478964 0.33097 0.190067
0.255185 0.411481 0.333333
0.518284 0.246447 0.235269
0.376944 0.623056 0
0.1993 0.576282 0.224419
0.335952 0.330715 0.333333
0.0157816 0.650885 0.333333
0.0795943 0.587072 0.333333
6.08339e-17 0.7717 0.2283
0.838769 0.140894 0.0203371
0.523931 0.370404 0.105665
0.305309 0.420175 0.274516
0.793482 0.0955722 0.110946
0.44848 0.218186 0.333333
0.287435 0.379232 0.333333
0.529558 0.137109 0.333333
0.22303 0.443636 0.333333
0.568237 0.279491 0.152272
0.190964 0.475703 0.333333
0.300819 0.671475 0.0277061
0.11702 0.612965 0.270016
0.336005 0.58341 0.0805853
0.735375 0 0.264625
0.0288754 0.815724 0.155401
0.40037 0.266297 0.333333
0.384353 0.282314 0.333333
0.118886 0.881114 0
1 0 0
0.0926632 0.730716 0.176621
0.368278 0.298388 0.333333
0.496945 0.169722 0.333333
0.143141 0.523526 0.333333
0.290783 0.54163 0.167587
4.9507e-17 0.891839 0.108161
0.783038 0.216962 0
0.840544 0 0.159456
0.388046 0.371274 0.240681
0.340475 0.46131 0.198216
0.134764 0.757271 0.107965
2.62642e-06 3.69113e-06 1.14536
0.046619 0.695244 0.258137
0.464559 0.202108 0.333333
0.385385 0.502217 0.112398
0.031789 0.634878 0.333333
0.628102 0.115432 0.256466
0.508961 0.491039 0
0.271297 0.39537 0.333333
0.631762 0.0349049 0.333333
0.661088 0.231636 0.107276
0.68993 0.0776536 0.232416
0.480699 0.185967 0.333333
0.303577 0.363089 0.333333
0.614333 0.0523339 0.333333
0.563134 0.103532 0.333333
0.319778 0.346889 0.333333
0.437305 0.290533 0.272161
0.432675 0.548219 0.0191057
0.555703 0.174356 0.269941
0.180049 0.803699 0.0162513
0.175 0.491666 0.333333
0.597187 0.0694796 0.333333
0.240306 0.503038 0.256656
0.430094 0.414505 0.155401
0.939074 0 0.0609261
0.610029 0.317851 0.07212
0.352129 0.314537 0.333333
0.570674 0.415373 0.0139528
0.0385782 0.933804 0.0276179
0.871716 0.0439448 0.0843392
0.666667 0 0.333333
0.253725 0.746275 0
0.15906 0.507607 0.333333
0.127253 0.539413 0.333333
0.911935 0.0880648 0
0.768484 0.0384611 0.193055
0.707569 0.137317 0.155114
0.155521 0.659531 0.184947
0.745062 0.181385 0.073553
0.247201 0.624831 0.127968
0.616442 0.192371 0.191186
0.0168204 0.0276133 1.13335
0.546364 0.120303 0.333333
0.416391 0.250276 0.333333
0.472298 0.454181 0.0735205
0.206997 0.45967 0.333333
0.580264 0.086403 0.333333
0.432388 0.234279 0.333333
0.707448 0.277695 0.0148576
5.2554e-17 0.666667 0.333333
0.646529 0.353471 0
0.210519 0.706029 0.0834518
0.649255 0.0174118 0.333333
0.239096 0.427571 0.333333
5.55112e-17 1 0
0.111359 0.555307 0.333333
0.0477741 0.618893 0.333333
0.513194 0.153473 0.333333
0.09546 0.571207 0.333333
0.0636793 0.602987 0.333333
0.0852786 0.840882 0.0738392
