0.0293863 0.715269 0.255344
0.396132 0.270534 0.333333
0.570424 0.096243 0.333333
0.751485 0.248515 1.11022e-16
0.0787385 0.587928 0.333333
0.363459 0.505485 0.131056
0.0939073 0.869745 0.036348
0.126417 0.54025 0.333333
0.522478 0.144189 0.333333
0.0858568 0.749189 0.164955
0.538459 0.128208 0.333333
1.35503e-09 2.53654e-09 1.09877
0.190494 0.476172 0.333333
0.0156963 0.65097 0.333333
0.544059 0.434485 0.0214554
0.317741 0.348925 0.333333
0.450779 0.467137 0.0820841
0.502601 0.254647 0.242752
0.935092 0.0341679 0.0307402
0.270371 0.396296 0.333333
0.2226 0.444066 0.333333
0.635424 0.123882 0.240694
0.286187 0.380479 0.333333
0.110445 0.556221 0.333333
0.158375 0.508291 0.333333
0.844722 0.0809985 0.0742795
1 0 1.11022e-16
0.443227 0.22344 0.333333
0.224512 0.754761 0.020727
0.724531 0.0846188 0.190851
0.586451 0.0802159 0.333333
0.619169 0.380831 1.11022e-16
0.047175 0.619492 0.333333
0.26796 0.663098 0.0689421
0.142383 0.524284 0.333333
0.375517 0.624483 1.11022e-16
0.582784 0.341892 0.0753241
0.181436 0.579219 0.239344
0.333458 0.333209 0.333333
0.0313828 0.635284 0.333333
0.17224 0.82776 0
0.67722 0.305743 0.0170372
0.405774 0.424534 0.169692
0.490987 0.509013 0
1.46105e-17 0.791311 0.208689
0.676481 0.168891 0.154628
0.179987 0.708573 0.11144
0.413978 0.55244 0.0335814
0.592032 0.214334 0.193634
0.128534 0.789047 0.0824191
1.84636e-17 1 0
0.0631142 0.936886 0
0.506565 0.160102 0.333333
0.238596 0.428071 0.333333
0.45904 0.207627 0.333333
0 0.666667 0.333333
0.634568 0.0320988 0.333333
0.554044 0.172748 0.273208
0.65061 0.0160562 0.333333
0.273966 0.542726 0.183308
0.420661 0.304044 0.275295
0.49807 0.38701 0.11492
0.254501 0.412166 0.333333
0.314299 0.459465 0.226236
0.716627 0.210104 0.073269
0.602475 0.0641915 0.333333
0.0310755 0.837984 0.13094
0.632658 0.25856 0.108782
0.321178 0.585514 0.093308
0.355724 0.386286 0.257989
0.454879 0.344858 0.200263
0.349137 0.31753 0.333333
0.380473 0.286193 0.333333
0.685626 0.0421641 0.27221
0.554442 0.112224 0.333333
0.474855 0.191812 0.333333
0.490675 0.175991 0.333333
0.224968 0.623187 0.151845
0.767225 0 0.232775
0.886266 0.113734 0
0.427493 0.239173 0.333333
1.68257e-17 0.911287 0.0887131
0.618518 0.0481483 0.333333
0.542767 0.29926 0.157973
0.301984 0.364683 0.333333
0.666667 0 0.333333
0.0629639 0.603703 0.333333
0.889483 0 0.110517
0.0960453 0.630087 0.273868
0.174437 0.49223 0.333333
0.411788 0.254879 0.333333
0.232891 0.497472 0.269637
0.206558 0.460109 0.333333
0.766111 0.124952 0.108937
0.810899 0.174071 0.0150302
0.299368 0.700632 0
0.813839 0.0261721 0.159989
0.364823 0.301844 0.333333
0.09459 0.572077 0.333333
0.133666 0.669082 0.197252
