0.143227 0.716006 0.140768
0.273582 0.457116 0.269302
0.666667 0 0.333333
0.266525 0.400142 0.333333
0.12006 0.546607 0.333333
0.237514 0.429152 0.333333
0.083142 0.916858 1.11022e-16
0.357657 0.406379 0.235964
0.563511 0.27847 0.158019
0.280983 0.385684 0.333333
0.546655 0.219051 0.234294
0.363766 0.541932 0.0943018
0.402245 0.597755 1.11022e-16
0.814691 0.0810263 0.104283
0.784058 0.215942 1.11022e-16
0.226397 0.541402 0.2322
0.401559 0.327341 0.2711
0.397758 0.268908 0.333333
0.607563 0.0591037 0.333333
0.706509 0.275575 0.0179155
0.326395 0.638108 0.0354969
0.926151 0.013335 0.0605141
0.535644 0.407581 0.0567752
0.0453098 0.621357 0.333333
1.71321e-06 1.96892e-06 1.11934
0.66288 0.228219 0.108901
0.480633 0.264675 0.254693
7.1586e-18 0.735121 0.264879
0.68023 0.0817709 0.237999
0 0.838977 0.161023
0.164402 0.502264 0.333333
0.487516 0.179151 0.333333
6.37631e-17 1 1.11022e-16
0.603447 0.317734 0.0788186
0.622447 0.0442198 0.333333
0.50081 0.374739 0.124451
0.0903223 0.576344 0.333333
0.309996 0.356671 0.333333
0.412662 0.254004 0.333333
0.339072 0.327595 0.333333
0.457416 0.209251 0.333333
0.0880255 0.675365 0.23661
0.318402 0.498094 0.183503
0.720397 0.125123 0.15448
0.592756 0.0739109 0.333333
0.563981 0.436019 1.11022e-16
0.7375 0 0.2625
0.234648 0.673715 0.0916374
0.38305 0.283617 0.333333
0.631542 0.179176 0.189283
0.276282 0.587627 0.136091
0.295454 0.371213 0.333333
0.208388 0.458278 0.333333
0.459549 0.343166 0.197285
0.105282 0.796174 0.0985442
0.252065 0.414601 0.333333
0.51772 0.148946 0.333333
0.860692 0 0.139308
0.595008 0.133892 0.2711
0.13494 0.531727 0.333333
0.502592 0.164074 0.333333
0.0302721 0.636395 0.333333
8.95396e-18 0.919488 0.0805121
0.907937 0.0920626 1.11022e-16
0.185415 0.631141 0.183444
0.166253 0.833747 1.11022e-16
0.149675 0.516992 0.333333
0.472456 0.19421 0.333333
0.750261 0.174011 0.0757282
0.368298 0.298369 0.333333
0.0652604 0.871474 0.0632661
0.442435 0.224232 0.333333
0.193737 0.47293 0.333333
0.324494 0.342173 0.333333
0.841902 0.134996 0.0231022
0.14097 0.58992 0.26911
0.532789 0.133877 0.333333
0.651932 0.0147346 0.333333
1 1.11022e-16 1.11022e-16
0.0753331 0.591334 0.333333
0.0603713 0.606295 0.333333
0.48003 0.51997 0
0.0151533 0.651513 0.333333
0.648024 0.351976 1.11022e-16
0.222971 0.443696 0.333333
0.0468626 0.763285 0.189852
0.105193 0.561473 0.333333
0.427521 0.239145 0.333333
6.49199e-18 0.666667 0.333333
0.637218 0.0294491 0.333333
0.547851 0.118815 0.333333
0.407391 0.440042 0.152568
0.282569 0.717431 0
0.562851 0.103816 0.333333
0.779547 0.0291017 0.191351
0.20184 0.760107 0.0380524
0.353671 0.312996 0.333333
0.446761 0.480379 0.0728601
0.179091 0.487576 0.333333
0.577824 0.0888427 0.333333
