0.829913 0 0.557893
0.802155 0 0.597116
0.638319 0.769772 6.10037e-17
0.5894 0.527667 0.611698
0.529474 0.781372 0.330326
0.405258 0.880357 0.246451
6.12323e-17 1 1.72556e-17
0.935399 0.353593 6.10037e-17
0.737311 0 0.675553
0.783678 0.562439 0.26365
0.745368 0.264786 0.611813
0.912434 4.19969e-17 0.409223
5.88922e-17 0.961783 0.273811
0.672498 0.61842 0.406575
0.906415 0.422389 6.10037e-17
0.641146 0.692536 0.330644
4.70093e-17 0.76772 0.640785
0.456246 0.540222 0.707107
0.49442 0.869223 1.72556e-17
0.874593 0.484857 6.10037e-17
0.718749 0.53566 0.443246
0.826752 0.406791 0.38859
1 0 2.59015e-17
4.89639e-17 0.799641 0.600479
0.797697 0.495457 0.343806
0.159251 0.68894 0.707107
5.60984e-17 0.916156 0.400821
0.558261 0.720546 0.411288
0.538362 0.458439 0.707107
0.688659 0.160464 0.707107
0.898979 0.243054 0.364365
0.638239 0.304387 0.707107
0.810664 0.331338 0.482742
0.377328 0.720865 0.581358
0.307008 0.694124 0.651105
0.425887 0.80546 0.412135
0.3568 0.782699 0.509977
0.244614 0.942132 0.229242
0.436139 0.899879 6.10037e-17
0.409844 0.576219 0.707107
0.497736 0.686799 0.529685
0.880943 0.367981 0.297539
4.51952e-17 0.738093 0.674699
0.574633 0.412064 0.707107
0.678144 0.490931 0.546907
0.707107 2.85463e-17 0.707107
0.978239 4.50257e-17 0.207482
5.08175e-17 0.829913 0.557893
0.594568 0.654665 0.4668
0.924439 0.2883 0.249591
0.277893 0.772023 0.571625
0.76705 0.641587 6.10037e-17
0.982955 0.183848 1.72556e-17
0.804812 0.593529 6.10037e-17
0.758856 0.446736 0.473883
0.958992 3.87151e-17 0.283434
0.78291 0.299445 0.54533
0.938256 4.31854e-17 0.345941
0.859155 0.281613 0.427255
0.703906 0.659638 0.263428
0.434661 0.64871 0.624696
0.590119 0.807316 6.10037e-17
0.852077 0.45762 0.254062
0.294095 0.906449 0.30308
0.358885 0.609263 0.707107
0.248269 0.876101 0.413292
0.71519 0.395402 0.576333
0.465224 0.749653 0.47073
0.546132 0.614481 0.569344
6.01974e-17 0.983099 0.183077
0.636017 0.575584 0.51399
5.95519e-17 1.42467e-17 1
0.726608 0.687052 6.10037e-17
0.288205 0.83278 0.472668
0.48028 0.829705 0.284464
0.302426 0.63917 0.707107
0.856315 0 0.516454
0.683589 0.729867 6.10037e-17
0.738035 0.589237 0.328794
0.840246 0.542206 6.10037e-17
0.630637 0.44038 0.639032
0.369408 0.855116 0.363751
0.498979 0.501019 0.707107
0.770563 3.85027e-17 0.637364
0.665299 0.239534 0.707107
0.684293 0.320304 0.655094
5.44225e-17 0.888787 0.45832
0.237899 0.665886 0.707107
0.298492 0.954412 6.10037e-17
0.211207 0.977441 1.72556e-17
0.543852 0.839181 1.72556e-17
0.606317 0.749457 0.265884
0.372282 0.92812 6.10037e-17
0.961445 0.274996 1.72556e-17
5.26203e-17 0.859354 0.511381
4.32978e-17 0.707107 0.707107
0.884375 4.07054e-17 0.466777
0.499414 0.569819 0.652604
5.74511e-17 0.938247 0.345965
0.60794 0.361122 0.707107
