0.413423 0.813179 0.409661
0.941162 0.337957 6.46123e-17
0.93802 5.20405e-18 0.346581
0.984137 0.17741 5.77511e-17
0.672622 0.402589 0.620888
0.421372 0.720407 0.550871
0.839892 0.475846 0.26106
0.830656 0.556785 5.77511e-17
0.96416 0.265321 5.77511e-17
0.456123 0.604564 0.653034
0.465628 0.837215 0.286812
0.77307 4.28892e-18 0.634321
6.12323e-17 1 5.77511e-17
0.528544 0.848906 5.77511e-17
0.978433 5.42825e-18 0.206564
5.7365e-17 0.936842 0.349753
0.861876 4.78161e-18 0.507119
0.547517 0.795225 0.260466
6.05366e-17 9.20415e-18 1
0.378354 0.875003 0.302023
0.768059 0.64038 6.46123e-17
0.750143 0.320315 0.578519
0.60142 0.730341 0.323878
0.55558 0.693575 0.458568
0.650535 0.277136 0.707107
4.57338e-17 0.74689 0.664947
0.672714 0.217845 0.707107
0.740883 4.11035e-18 0.671634
5.88278e-17 0.96073 0.277484
0.894669 0.256774 0.36556
0.913379 5.06734e-18 0.407111
0.707107 1.01395e-17 0.707107
0.671819 0.682632 0.287529
0.915616 0.402053 5.77511e-17
0.576728 0.816936 5.77511e-17
6.01693e-17 0.982639 0.18553
0.465271 0.532469 0.707107
0.392761 0.675617 0.623923
0.738413 0.619171 0.267158
0.749333 0.500736 0.433317
0.636669 0.648418 0.41738
0.886703 4.91935e-18 0.462339
0.259602 0.931914 0.253266
0.550281 0.559133 0.62013
0.621696 0.783258 6.46123e-17
0.372363 0.928087 6.46123e-17
0.696865 0.717202 6.46123e-17
1 0 6.46123e-17
0.801331 0.598222 6.46123e-17
0.300691 0.953722 6.46123e-17
5.39942e-17 0.881793 0.471637
0.89082 0.454356 6.46123e-17
0.270788 0.893469 0.35831
0.781397 0.39263 0.485036
0.272656 0.760187 0.589724
0.595125 0.608296 0.52517
0.536809 0.460256 0.707107
0.95889 5.31983e-18 0.283777
0.637294 0.513261 0.574821
0.658824 0.752297 5.77511e-17
0.874205 0.380194 0.302023
0.428177 0.903695 5.77511e-17
0.809869 0.268296 0.52166
5.57442e-17 0.910372 0.413791
0.732844 0.680397 5.77511e-17
0.814474 0.435363 0.383524
0.861786 0.507272 5.77511e-17
0.38177 0.59519 0.707107
0.334193 0.623149 0.707107
0.221446 0.671537 0.707107
5.02952e-17 0.821383 0.570377
0.148251 0.691391 0.707107
0.782931 0.539712 0.309404
0.281483 0.648666 0.707107
0.70967 0.592587 0.381062
4.32978e-17 0.707107 0.707107
0.625725 0.329345 0.707107
0.714277 0.451055 0.535124
0.832591 4.61914e-18 0.553889
0.846303 0.311584 0.432073
0.801655 4.4475e-18 0.597787
0.691923 0.145749 0.707107
0.598386 0.376742 0.707107
0.293755 0.844038 0.448673
5.22042e-17 0.85256 0.52263
0.425192 0.564988 0.707107
0.502447 0.497541 0.707107
0.568857 0.420002 0.707107
0.216317 0.976323 6.46123e-17
0.924335 0.28425 0.254571
0.330437 0.791413 0.514274
0.282673 0.70658 0.648722
0.505751 0.648891 0.568469
0.464908 0.745715 0.477252
0.598058 0.462808 0.654321
0.514767 0.768188 0.380661
0.480164 0.877179 5.77511e-17
0.675904 0.555701 0.484097
4.80837e-17 0.785267 0.619158
0.704919 0.283069 0.650355
