0.774644 2.55535e-18 0.632397
0.615245 0.716758 0.328226
0.854703 0.406601 0.322735
0.324386 0.798569 0.507012
0.277498 0.650381 0.707107
0.496399 0.80651 0.321139
0.420342 0.568606 0.707107
0.644572 0.648483 0.404965
0.796636 0.442905 0.411346
0.261745 0.714859 0.648433
0.848614 0.529012 0
1 7.61944e-17 0
4.59967e-17 0.751183 0.660093
0.745364 0.666658 0
0.712315 0.283793 0.641925
0.54528 0.571625 0.613119
0.879319 0.476234 0
0.671512 0.22152 0.707107
0.446903 0.611651 0.65281
0.892052 9.95667e-18 0.451934
0.301817 0.953366 0
0.595268 0.38165 0.707107
0.809352 0.263058 0.525118
0.724396 0.613041 0.315329
0.707107 7.8924e-18 0.707107
0.684322 0.428899 0.589703
5.30318e-17 0.866076 0.499913
0.499519 0.653645 0.568532
0.357025 0.883683 0.302718
0.583683 0.811982 0
0.984534 1.34117e-17 0.175192
0.270947 0.849823 0.452093
4.32978e-17 0.707107 0.707107
6.00698e-17 0.981013 0.193939
0.864902 2.85308e-18 0.501941
0.750206 0.323538 0.57664
0.834224 0.324396 0.445912
5.86011e-17 0.957029 0.289994
0.218031 0.672653 0.707107
0.14593 0.691885 0.707107
0.682401 0.680119 0.267895
0.565053 0.425107 0.707107
0.741702 2.44668e-18 0.670729
0.80303 2.64898e-18 0.595939
0.907005 0.42112 0
0.284629 0.762461 0.581067
0.768781 0.393641 0.504006
0.778288 0.627908 0
5.50861e-17 0.899624 0.436666
0.756463 0.530133 0.383045
0.429548 0.903044 0
0.446719 0.770227 0.455184
0.527773 0.743506 0.410676
0.665805 0.746126 0
5.08471e-17 0.830397 0.557173
0.216876 0.976199 0
0.977169 0.212463 0
0.926733 0.250421 0.280097
0.383362 0.683443 0.62124
0.787681 0.560942 0.25476
0.497817 0.502173 0.707107
0.2474 0.893591 0.37455
0.706766 0.707447 0
0.834854 2.75396e-18 0.550471
0.460486 0.536612 0.707107
0.532637 0.465079 0.707107
0.394507 0.829375 0.395602
0.449467 0.855074 0.258511
0.42556 0.725841 0.54042
0.590485 0.490191 0.641124
6.12308e-17 4.36524e-19 1
6.12323e-17 1 0
0.376912 0.598279 0.707107
0.684154 0.574085 0.449845
0.932584 0.360954 0
0.917394 3.02624e-18 0.397981
0.965038 3.18341e-18 0.262109
0.373875 0.927479 0
0.538756 0.842462 0
0.555361 0.685648 0.470596
0.896858 0.354991 0.263869
4.85255e-17 0.792482 0.609895
0.879488 0.278736 0.385754
0.648723 0.28135 0.707107
5.69659e-17 0.930323 0.36674
0.691388 0.148266 0.707107
0.571177 0.771252 0.28094
0.255552 0.933638 0.251024
0.647987 0.381143 0.659426
0.814565 0.580072 0
0.955859 0.293824 0
0.942456 3.10891e-18 0.334329
0.641934 0.528989 0.555059
0.721801 0.48706 0.491707
0.625934 0.779876 0
0.598226 0.611786 0.517536
0.486287 0.873799 0
0.623157 0.334178 0.707107
0.824968 0.490885 0.280107
0.329721 0.625527 0.707107
