4.98351e-17 0.81387 0.581048
5.17146e-17 0.844564 0.535454
0.706388 0.707825 0
0.542639 0.839966 3.97251e-17
0.439296 0.554093 0.707107
0.78015 0.456279 0.427991
0.587171 0.393993 0.707107
0.896908 0.442218 0
4.56352e-17 0.745279 0.666753
0.867859 0.267305 0.41877
0.518974 0.480277 0.707107
0.26116 0.965296 3.97251e-17
0.771228 5.27206e-17 0.636559
0.545692 0.705397 0.452365
0.406071 0.790724 0.458106
0.49719 0.665745 0.556404
0.868425 0.49582 0
5.9801e-17 0.976624 0.214954
0.959854 6.56149e-17 0.280502
5.84496e-17 0.954555 0.298036
0.680038 0.591062 0.433813
0.919962 0.392007 0
0.495856 0.770568 0.400441
0.619986 0.4795 0.621045
0.528004 0.801213 0.281546
0.779144 0.269027 0.56618
5.34868e-17 0.873505 0.486815
0.69039 0.152844 0.707107
0.617295 0.344887 0.707107
0.707107 0 0.707107
0.915624 6.25914e-17 0.402036
0.66876 0.743478 0
0.720823 0.305431 0.622195
4.39404e-17 4.26455e-17 1
0.889539 0.337938 0.307439
0.153011 0.690353 0.707107
0.174591 0.984641 3.97251e-17
0.98471 0.1742 0
5.52654e-17 0.902553 0.43058
6.12323e-17 1 3.97251e-17
0.836133 0.39478 0.380828
0.861082 0 0.508466
0.31559 0.757651 0.571287
0.965444 0.260611 0
0.394374 0.586915 0.707107
0.710313 0.627553 0.318801
0.389142 0.921178 0
0.739926 5.05808e-17 0.672688
0.807722 0.589563 0
0.691035 0.442429 0.5716
0.438339 0.842316 0.313627
0.926821 0.268918 0.262081
5.69331e-17 0.929788 0.368096
0.979 6.69237e-17 0.203862
0.660288 0.696449 0.281033
0.4441 0.732098 0.516535
0.775788 0.630993 0
0.552106 0.52288 0.649443
0.889296 0 0.457333
0.763214 0.574959 0.294833
0.280902 0.809569 0.515453
0.803911 5.49548e-17 0.594749
0.943871 0.330314 0
0.281367 0.879861 0.382986
1 6.83593e-17 6.68303e-17
0.272543 0.711893 0.647247
0.742115 0.670273 0
0.265667 0.922978 0.278448
0.659087 0.369396 0.655096
0.629154 0.777281 0
4.32978e-17 0.707107 0.707107
0.228646 0.66912 0.707107
0.853702 0.450631 0.261009
0.32861 0.944466 0
0.592602 0.628434 0.503878
0.834843 0 0.550489
0.290752 0.644564 0.707107
0.938764 6.41732e-17 0.344562
0.390445 0.687435 0.612361
0.37389 0.888302 0.266692
0.721249 0.51077 0.467883
0.495377 0.868678 0
0.554394 0.438916 0.707107
4.78467e-17 0.781396 0.624036
0.669221 0.228349 0.707107
0.480695 0.518587 0.707107
0.752738 0.395518 0.526262
0.536473 0.594564 0.598908
0.345266 0.617083 0.707107
0.815478 0.31715 0.48416
0.629203 0.667121 0.398814
0.644712 0.290424 0.707107
0.33879 0.838034 0.427691
0.802889 0.505837 0.315433
0.589414 0.742994 0.317098
0.83796 0.545731 0
0.440266 0.618987 0.650401
0.587178 0.809458 0
0.444305 0.895875 0
0.641061 0.546543 0.538825
