0.677816 0.676319 0.288371
0.70992 0.704282 0
0.748112 0.508643 0.426159
0.458306 0.71275 0.530983
0.977788 0 0.209596
0.440591 0.810192 0.386612
0.507726 0.744314 0.433834
0.783806 0.411812 0.464822
0.934588 0 0.355733
0.23973 0.665229 0.707107
1.05727e-17 6.03127e-17 1
0.424713 0.905328 0
0.675947 0.395551 0.621799
0.578461 0.81571 0
6.12323e-17 1 0
0.396349 0.779918 0.484392
0.767687 0.338101 0.544375
0.669068 0.743201 0
0.160531 0.688643 0.707107
0.750511 0.660858 0
0.560834 0.676932 0.476685
0.358062 0.933698 0
0.927475 0.263018 0.26573
0.957517 0 0.288377
5.64941e-17 0.922619 0.385712
0.812995 0 0.582271
5.97359e-17 0.975561 0.219728
0.909372 0 0.415984
0.915567 0.402166 0
0.501204 0.498793 0.707107
0.665995 0.237594 0.707107
0.820936 0.571021 0
0.983515 0.180829 0
4.8466e-17 0.791509 0.611157
0.841286 0.364927 0.398831
0.259868 0.808618 0.527831
0.846156 0 0.532935
0.777262 0.554146 0.297969
0.188928 0.981991 0
0.611054 0.707598 0.354849
0.60485 0.452435 0.655331
0.540346 0.456098 0.707107
0.887317 0.461161 0
0.639316 0.302117 0.707107
0.643411 0.503682 0.576478
0.70397 0.270108 0.656862
0.361275 0.607849 0.707107
0.855309 0.518118 0
0.609395 0.358661 0.707107
0.78877 0.614688 0
0.808996 0.463496 0.361521
5.29079e-17 0.864051 0.503404
0.642511 0.636638 0.426464
0.688995 0.159014 0.707107
0.412262 0.574491 0.707107
5.8219e-17 0.950789 0.30984
0.834168 0.49582 0.241507
0.475663 0.879627 0
0.625159 0.780497 0
0.734831 0.630311 0.250461
0.87897 0 0.476877
0.331382 0.751691 0.570216
0.745463 0.289673 0.600312
0.304554 0.638159 0.707107
0.819875 0.27756 0.500765
0.597474 0.757178 0.264019
4.5964e-17 0.750649 0.660702
0.519247 0.635354 0.571584
0.558274 0.54755 0.623314
0.86528 0.24229 0.438846
4.32978e-17 0.707107 0.707107
0.422243 0.667567 0.613242
0.707107 0 0.707107
0.528847 0.848717 0
0.282481 0.959273 0
0.940319 0.340296 0
5.47712e-17 0.894481 0.447105
0.892893 0.305458 0.330815
0.717208 0.451578 0.530745
1 0 0
0.49182 0.831768 0.25744
0.314947 0.841005 0.439908
0.536137 0.780469 0.321596
0.679935 0.550633 0.484244
0.576338 0.409676 0.707107
0.744585 0 0.667527
5.07631e-17 0.829025 0.559212
0.253986 0.732086 0.632092
0.466509 0.595502 0.654023
0.780031 0 0.625741
0.458687 0.538151 0.707107
0.274918 0.885979 0.373444
0.228764 0.935942 0.267731
0.603461 0.594823 0.531057
0.331594 0.911445 0.243545
0.962712 0.270529 0
0.710919 0.59447 0.375765
0.318318 0.683659 0.656722
0.398465 0.865208 0.304368
0.868734 0.413391 0.272782
