6.12323e-17 1 3.53401e-17
0.614923 0.433711 0.658608
0.847817 0.530289 0
0.437378 0.555608 0.707107
0.616125 0.346973 0.707107
0.690803 0.330747 0.64296
0.55272 0.441022 0.707107
0.414117 0.910224 0
0.461121 0.598288 0.655301
0.773926 0.559481 0.296682
0.53896 0.788354 0.296682
0.715808 0.610753 0.338525
4.96514e-17 0.810869 0.585227
0.685941 0.727657 0
0.902552 7.40089e-17 0.430582
0.508861 0.637012 0.57903
0.560357 0.828251 3.53401e-17
1 0 0
0.646971 0.482428 0.590502
0.827295 0.491575 0.271913
0.634805 0.644629 0.426
0.802856 0.448823 0.392402
0.645455 0.763799 0
4.556e-17 0.744051 0.668123
0.617468 0.741765 0.26176
0.152002 0.690576 0.707107
0.855711 0.377057 0.354381
0.883941 0.247082 0.396988
0.908499 0.297854 0.293107
0.343521 0.618056 0.707107
0.931178 0.364564 0
0.399399 0.869505 0.290587
0.740742 6.07405e-17 0.67179
0.835626 0.309035 0.454122
0.399211 0.67385 0.621737
0.841559 0 0.540165
0.559173 0.541325 0.627927
0.718007 0.410886 0.561818
0.289184 0.645269 0.707107
0.871433 7.14571e-17 0.490515
0.448714 0.716347 0.534324
0.956113 0.292997 0
0.931104 0 0.364754
0.876302 0.481762 0
0.325302 0.842468 0.429449
0.585764 0.396082 0.707107
0.392492 0.588175 0.707107
0.978045 0.208396 0
0.549028 0.678537 0.488012
0.802104 0.272724 0.531272
4.32978e-17 0.707107 0.707107
0.707107 5.79825e-17 0.707107
0.75207 0.2858 0.593894
0.320374 0.750569 0.577933
5.77782e-17 0.94359 0.331117
0.28889 0.957362 0
0.277877 0.707725 0.649546
0.478811 0.520327 0.707107
0.227317 0.669572 0.707107
0.817564 0.575837 0
0.586613 0.715391 0.379606
0.721579 0.692332 0
0.981381 0 0.192071
0.787206 0.61669 0
0.500648 0.7533 0.426486
0.20934 0.977843 0
5.32326e-17 0.869354 0.494189
5.48295e-17 0.895434 0.445194
0.775511 0.396313 0.491446
0.454266 0.821044 0.345731
0.809754 0 0.586769
4.77035e-17 0.779058 0.626952
0.744445 0.517709 0.421638
5.90938e-17 0.965075 0.261974
0.515559 0.856854 0
0.673171 0.677185 0.297088
0.268941 0.923983 0.271894
0.699234 0.494448 0.516327
0.355092 0.934831 0
5.68028e-17 2.28656e-17 1
0.668648 0.230022 0.707107
0.602341 0.798239 0
0.690119 0.154066 0.707107
6.02868e-17 0.984558 0.17506
0.882225 0.402241 0.244708
0.281679 0.805419 0.521495
0.599151 0.592152 0.538864
0.466779 0.884374 3.53401e-17
0.755277 0.655405 0
0.776007 0 0.630724
0.942967 0.234942 0.235831
5.14949e-17 0.840976 0.541072
0.517178 0.482211 0.707107
0.904883 0.42566 0
0.643847 0.292338 0.707107
0.95781 0 0.287403
0.287517 0.887183 0.360887
5.63211e-17 0.919794 0.392401
0.402697 0.783257 0.473649
0.672984 0.570765 0.470446
