0.981591 0 0.190996
0.54133 0.785595 0.29967
0.61894 0.607214 0.4982
0.874275 0 0.485432
0.239529 0.936183 0.257267
0.597176 0.378657 0.707107
0.628816 0.438328 0.64223
0.610313 0.79216 0
0.727027 0.455844 0.513457
0.932313 0 0.361653
0.810043 0.508014 0.292835
0.659433 0.509789 0.552507
0.57513 0.690179 0.439179
4.83388e-17 0.789432 0.613838
0.385794 0.864672 0.321722
0.50004 0.716499 0.486405
5.07035e-17 0.82805 0.560654
0.843062 0 0.537817
0.535093 0.462251 0.707107
0.438394 0.682517 0.584792
0.707107 0 0.707107
0.402997 0.915201 0
0.180987 0.983486 0
0.826278 0.437649 0.354582
0.887048 0.253197 0.386053
0.846655 0.324449 0.421791
6.12323e-17 1 0
0.926727 0.375736 0
0.379564 0.596599 0.707107
0.743989 0 0.668192
0.34087 0.940111 0
0.648147 0.653729 0.390568
0.690809 0.566271 0.449579
0.904473 0 0.426531
0.473584 0.769451 0.42856
0.905918 0.308946 0.289595
0.715873 0.622195 0.316859
0.779004 3.7006e-17 0.627018
0.270737 0.962653 0
0.585064 0.557652 0.588834
0.284772 0.842517 0.457242
4.32978e-17 0.707107 0.707107
0.500456 0.499543 0.707107
0.147034 0.691651 0.707107
1 4.75042e-17 0
5.27853e-17 0.862049 0.506824
0.672128 0.692917 0.26098
0.423046 0.566597 0.707107
3.12804e-17 5.26397e-17 1
0.953402 0.301704 0
0.787879 0.404333 0.464502
0.69602 0.718023 0
0.711081 0.278194 0.645733
4.58137e-17 0.748195 0.663479
0.332152 0.62424 0.707107
0.767693 0.578154 0.276378
5.83252e-17 0.952523 0.304466
0.459184 0.888341 0
0.817738 0.269074 0.508825
0.649832 0.278781 0.707107
0.392931 0.743806 0.540701
0.772773 0.634683 0
0.326846 0.903394 0.277582
0.958363 0 0.285552
0.752132 0.519983 0.404866
0.463216 0.534258 0.707107
5.97781e-17 0.976251 0.216642
0.690937 0.394865 0.605548
0.567309 0.422091 0.707107
0.624741 0.331208 0.707107
0.760247 0.319363 0.565714
0.976925 0.213584 0
0.737141 0.675739 0
0.514466 0.857511 0
0.422735 0.817679 0.390762
0.296004 0.71524 0.633098
0.87459 0.405724 0.26548
0.537421 0.644115 0.544329
0.806647 0.591034 0
0.377031 0.651456 0.658371
0.65214 0.758099 0
0.487577 0.603857 0.630575
0.599882 0.733164 0.320332
0.898674 0.438617 0
0.672305 0.219103 0.707107
0.250173 0.883061 0.397009
0.838665 0.544647 0
0.868388 0.495886 0
0.80989 0 0.586582
0.219758 0.672091 0.707107
0.255857 0.770765 0.583488
0.33392 0.797809 0.501995
0.546774 0.517258 0.658394
0.279599 0.64948 0.707107
0.691743 0.146599 0.707107
0.566109 0.824331 0
0.48127 0.837199 0.259766
0.94123 0.242654 0.234956
5.48093e-17 0.895103 0.445859
5.66658e-17 0.925423 0.378936
