0.863914 0.503639 2.64999e-17
0.782293 6.05959e-17 0.62291
0.803569 0.396172 0.444212
0.692546 0.142759 0.707107
0.518253 0.855227 7.8158e-18
5.2332e-17 0.854647 0.51921
0.317035 0.632051 0.707107
1 6.94396e-17 5.70896e-17
0.69237 0.721542 0
0.466083 0.884741 2.64999e-17
0.262554 0.802044 0.536461
0.409764 0.912192 2.64999e-17
0.771702 0.316907 0.551404
0.674208 0.213176 0.707107
0.183946 0.982936 5.70896e-17
0.600691 0.682949 0.415633
0.957214 7.41451e-17 0.289381
0.942093 0.335352 0
0.442262 0.714304 0.542379
0.140216 0.693065 0.707107
0.709126 0.391495 0.586406
0.537435 0.577408 0.614625
0.362789 0.606946 0.707107
0.86625 0.3009 0.398836
0.638977 0.713185 0.288228
0.886355 0.373849 0.273151
0.327816 0.746446 0.579099
0.480272 0.518979 0.707107
0.612455 0.790506 5.70896e-17
0.575958 0.41021 0.707107
0.523934 0.800582 0.290796
0.483946 0.661771 0.572586
0.508459 0.733339 0.451313
0.285097 0.875051 0.39116
0.629463 0.322144 0.707107
0.266774 0.654852 0.707107
0.404828 0.579754 0.707107
0.682706 0.501107 0.531795
0.68387 0.64925 0.332861
5.56967e-17 0.909596 0.415494
0.567168 0.823602 0
1.18547e-17 6.00738e-17 1
0.819587 0.496784 0.285453
0.35382 0.669172 0.653468
5.98648e-17 0.977667 0.210159
0.451151 0.849446 0.273686
0.983813 0.1792 7.8158e-18
0.60376 0.368068 0.707107
5.02805e-17 0.821143 0.570722
0.514307 0.485271 0.707107
0.569212 0.638598 0.517871
0.714647 0.56011 0.418994
0.767279 0.641313 7.8158e-18
0.616198 0.541425 0.571978
0.774475 0.524721 0.35335
0.80315 0.595777 2.64999e-17
4.80961e-17 0.78547 0.6189
0.431101 0.811703 0.394069
0.891927 0.45218 0
0.454851 0.614614 0.644484
0.653453 0.756967 5.70896e-17
0.96339 0.268103 7.8158e-18
0.354788 0.887828 0.293066
0.932791 7.22534e-17 0.360418
5.40727e-17 0.883074 0.469234
0.346525 0.938041 0
0.74458 0.607721 0.276179
0.56457 0.753884 0.336036
0.577392 0.488937 0.65388
0.747553 0.454265 0.48457
4.57702e-17 0.747484 0.66428
5.86293e-17 0.957489 0.288469
0.847738 4.5722e-17 0.530415
0.834424 0.551123 5.70896e-17
0.842061 0.425183 0.331893
0.396854 0.776301 0.489759
0.918019 0.396537 7.8158e-18
0.546126 0.449162 0.707107
0.275137 0.961405 7.8158e-18
0.267091 0.72256 0.637628
0.647746 0.601345 0.46777
0.745778 5.17865e-17 0.666195
5.7233e-17 0.934686 0.355475
0.707107 0 0.707107
0.91697 0.262348 0.300566
0.814353 4.39214e-17 0.580369
0.209621 0.675321 0.707107
0.266056 0.926239 0.267013
0.828035 0.267455 0.492774
0.319046 0.835201 0.447938
0.443841 0.550459 0.707107
0.879007 6.80873e-17 0.476809
4.32978e-17 0.707107 0.707107
0.652406 0.412676 0.635661
0.653046 0.271166 0.707107
6.12323e-17 1 2.64999e-17
0.715796 0.278231 0.640487
0.905849 4.88561e-17 0.423602
0.977631 7.57266e-17 0.210326
0.72934 0.684151 7.8158e-18
