0.392441 0.588209 0.707107
4.32978e-17 0.707107 0.707107
5.84025e-17 0.953786 0.300488
0.799918 0.541949 0.257726
4.94176e-17 0.80705 0.590483
0.594011 0.804457 5.04336e-17
0.459504 0.800807 0.384141
0.778645 0 0.627465
0.177902 0.984048 5.04336e-17
0.710796 0.274397 0.647669
0.707107 0 0.707107
0.343397 0.618125 0.707107
0.687632 0.391556 0.61143
0.634725 0.772738 5.04336e-17
0.497143 0.867669 5.04336e-17
0.478807 0.52033 0.707107
0.950159 0.311765 5.04336e-17
0.84 0 0.542587
0.833342 0.312262 0.456107
4.54908e-17 0.742921 0.66938
0.450105 0.892976 5.04336e-17
0.662761 0.495871 0.561124
0.766619 0.508917 0.391533
0.643825 0.292386 0.707107
0.513088 0.561321 0.649353
0.517212 0.482174 0.707107
0.565804 0.765323 0.306834
0.289132 0.645293 0.707107
0.334787 0.942294 5.04336e-17
0.922991 0 0.384821
0.402607 0.776323 0.485005
0.547154 0.837032 5.04336e-17
6.12323e-17 1 7.03929e-17
0.585735 0.396124 0.707107
0.678908 0.734224 5.04336e-17
0.434717 0.628238 0.645242
0.79117 0.611596 5.04336e-17
0.827724 0.561135 5.04336e-17
0.93508 0.261777 0.238953
0.921501 0.388375 5.04336e-17
0.8925 0.451047 5.04336e-17
0.758358 0.651838 5.04336e-17
0.616111 0.346997 0.707107
0.50942 0.81981 0.261541
0.394708 0.685894 0.611355
0.690127 0.154029 0.707107
0.945314 0 0.326161
0.857662 0.387513 0.338008
0.395715 0.918373 5.04336e-17
0.738265 0.593893 0.319776
5.14239e-17 0.839816 0.542871
0.700152 0.547424 0.458381
0.801558 0.280302 0.528143
5.98073e-17 0.976728 0.214484
0.241388 0.936125 0.255739
0.412056 0.857268 0.308709
0.901274 0.329795 0.280963
0.87978 0.258738 0.3988
0.693735 0.660945 0.286154
0.521863 0.632324 0.57256
0.645798 0.719472 0.255548
0.66863 0.230074 0.707107
0.984752 0 0.173966
0.975302 0.220876 3.30787e-17
0.620523 0.435741 0.651982
0.834146 0.469622 0.289233
0.617928 0.587954 0.521991
0.460059 0.711304 0.531406
1 0 0
0.754304 0.325461 0.570176
0.896608 0 0.442824
5.331e-17 0.870618 0.49196
0.861909 0.507063 5.04336e-17
0.720573 0.69338 5.04336e-17
0.437391 0.555598 0.707107
5.68053e-17 0.9277 0.373325
0.227279 0.669585 0.707107
0.868127 0 0.496342
0.566634 0.667776 0.482701
5.5127e-17 0.900292 0.435286
0.608259 0.697842 0.378203
0.269536 0.812777 0.516472
0.266195 0.963919 5.04336e-17
0.733179 0.447263 0.512254
0.795463 0.422438 0.434493
0.51626 0.739348 0.43225
0.265742 0.881877 0.389454
0.810173 0 0.58619
0.965526 0 0.260307
0.276842 0.708834 0.648778
0.552739 0.440998 0.707107
4.75741e-17 0.776944 0.629569
0.658656 0.627022 0.415952
0.331876 0.901532 0.277665
0.151983 0.69058 0.707107
0.333781 0.837006 0.433602
0.31795 0.754364 0.57432
0.743849 0 0.668347
0.586014 0.531457 0.611671
6.12313e-17 3.54739e-19 1
