0.747013 0.572955 0.337187
0.446399 0.691409 0.568051
0.737941 0.674865 0
0.432212 0.86574 0.252365
5.77507e-17 0.943141 0.332393
0.258571 0.928226 0.267466
0.631237 0.670896 0.389151
5.11916e-17 0.836022 0.548696
0.394647 0.755115 0.523503
4.72437e-17 0.771548 0.636171
0.612149 0.790742 0
0.653154 0.757225 0
5.28377e-17 0.862905 0.505367
0.742071 1.07671e-17 0.670321
0.556035 0.436835 0.707107
0.347409 0.615879 0.707107
0.6968 0.717265 2.12837e-17
0.30966 0.719483 0.621655
0.63651 0.405092 0.65632
0.707107 6.16511e-17 0.707107
0.776303 1.12638e-17 0.63036
1 1.45095e-17 0
0.71093 0.640819 0.289705
0.53845 0.672117 0.508261
0.482639 0.516778 0.707107
0.770663 0.480869 0.418143
0.560533 0.776313 0.288343
0.259282 0.871039 0.41721
0.383773 0.843041 0.37683
0.441392 0.552425 0.707107
0.952574 1.38214e-17 0.304307
5.91074e-17 0.965297 0.261153
0.921403 0.388608 0
0.669649 0.22709 0.707107
0.506189 0.735871 0.449741
0.799777 0.527458 0.286609
5.46046e-17 0.89176 0.452508
4.9275e-17 0.804721 0.593653
0.677835 0.598478 0.427041
0.285298 0.958439 0
5.14353e-17 3.32237e-17 1
0.645451 0.288778 0.707107
0.799121 0.380552 0.465387
0.690584 0.151968 0.707107
0.588572 0.391896 0.707107
0.523554 0.613535 0.591156
0.67102 0.460276 0.581273
0.627733 0.558541 0.542202
0.52293 0.852376 2.12837e-17
0.230374 0.668527 0.707107
0.594408 0.727267 0.343164
0.841889 1.22154e-17 0.53965
0.964994 0.262271 2.12837e-17
0.396558 0.585442 0.707107
0.77482 0.632183 2.12837e-17
0.667657 0.699082 0.255966
0.618341 0.343008 0.707107
0.98452 0.175273 2.12837e-17
0.292709 0.643678 0.707107
0.445295 0.790313 0.420854
0.491451 0.815384 0.30598
0.80681 0.59081 0
0.831723 0.441063 0.337195
0.154189 0.690091 0.707107
0.925707 1.34315e-17 0.378242
0.873062 1.26677e-17 0.48761
0.602581 0.635079 0.483291
4.53196e-17 0.740125 0.672469
0.582471 0.515235 0.628697
4.32978e-17 0.707107 0.707107
0.737603 0.415223 0.532477
0.484927 0.575478 0.658537
0.820685 0.259592 0.509007
0.976206 1.41643e-17 0.216844
0.894649 0.44677 2.12837e-17
0.856265 0.310075 0.413115
0.944267 0.329182 0
0.876782 0.398247 0.269543
0.935036 0.242061 0.259064
0.764924 0.292663 0.573795
0.808774 1.17349e-17 0.58812
6.12323e-17 1 0
0.206979 0.978345 0
0.31168 0.818752 0.482184
0.837157 0.546962 2.12837e-17
0.900677 0.286436 0.326704
0.387241 0.657426 0.646402
0.706596 0.318491 0.63189
6.02922e-17 0.984646 0.174561
0.899329 7.84106e-17 0.437273
0.410447 0.911884 2.12837e-17
0.468844 0.883281 2.12837e-17
0.35131 0.936259 2.12837e-17
0.324831 0.893833 0.309106
5.62451e-17 0.918553 0.395298
0.707544 0.518771 0.479851
0.269329 0.78008 0.564745
0.520818 0.478277 0.707107
0.865826 0.500346 0
0.568814 0.822466 0
