0.984617 0.174725 4.38314e-17
0.790894 0.549 0.270342
5.74872e-17 0.938836 0.344363
0.738671 0.599566 0.308035
0.965224 0.261423 3.06501e-17
0.177988 0.984033 4.38314e-17
0.647168 0.381059 0.660278
0.672075 0.219808 0.707107
0.84563 0.53377 4.38314e-17
0.815008 0.271658 0.511824
0.872724 0.488213 0
0.219619 0.672137 0.707107
4.93596e-17 0.806104 0.591774
0.279388 0.649571 0.707107
0.422523 0.566987 0.707107
0.751275 0.516693 0.410626
0.146963 0.691666 0.707107
5.79613e-17 1.97456e-17 1
0.749346 0.662179 4.38314e-17
0.325722 0.817294 0.475327
0.976574 2.19405e-17 0.21518
0.741359 0 0.671109
0.338121 0.941103 4.38314e-17
0.927131 0 0.374736
0.285703 0.860153 0.422505
0.670961 0.567772 0.476913
0.379165 0.596853 0.707107
0.804955 0 0.593335
4.32978e-17 0.707107 0.707107
0.773962 0 0.633232
0.534507 0.462928 0.707107
0.273173 0.779736 0.563372
0.462615 0.534778 0.707107
0.93549 0.242033 0.257444
4.53446e-17 0.740533 0.67202
5.99366e-17 0.978839 0.204633
0.505622 0.862755 0
0.781247 0.624221 0
0.899606 0 0.436703
0.944611 0.328193 0
0.861354 0.422238 0.282461
0.499849 0.500151 0.707107
0.783282 0.412045 0.465498
1 2.24668e-17 4.38314e-17
0.272693 0.925544 0.262693
0.505573 0.738277 0.446478
0.691641 0.147082 0.707107
0.491492 0.812727 0.312906
0.641981 0.766721 0
0.815341 0.468125 0.340701
0.679459 0.429596 0.594797
0.566753 0.422837 0.707107
5.29975e-17 0.865514 0.500884
0.395194 0.64614 0.652936
0.564609 0.775355 0.282916
0.40158 0.915824 0
0.715402 0.698714 4.38314e-17
0.540931 0.675953 0.500481
0.266256 0.963902 4.38314e-17
0.595086 0.719775 0.357487
0.59667 0.379453 0.707107
0.898112 0.439767 0
0.455617 0.890176 0
5.45886e-17 0.8915 0.453021
0.662404 0.688863 0.294431
0.331838 0.624407 0.707107
0.838381 0 0.545084
0.39763 0.753277 0.523894
0.898449 0.324022 0.296308
0.598477 0.80114 0
0.509269 0.591388 0.625225
0.329995 0.886794 0.323573
0.880823 0.262552 0.393976
0.692257 0.622917 0.364355
0.716284 0.470269 0.515543
0.758293 0.332298 0.560865
0.717663 0.297429 0.629679
0.62313 0.648386 0.437383
5.13068e-17 0.837904 0.545817
0.552162 0.833737 4.38314e-17
0.428306 0.856857 0.286968
0.449597 0.687129 0.570716
0.627201 0.530745 0.570025
0.707107 0 0.707107
0.921866 0.387508 0
6.12323e-17 1 3.06501e-17
0.869794 1.95415e-17 0.493415
0.575973 0.500862 0.646059
0.839144 0.342256 0.422727
5.6076e-17 0.91579 0.401658
0.441616 0.7942 0.417399
0.953437 2.14207e-17 0.301592
0.649475 0.279612 0.707107
5.87732e-17 0.959839 0.28055
0.624268 0.332099 0.707107
0.679647 0.733539 4.38314e-17
0.814418 0.580279 4.38314e-17
0.313704 0.715905 0.623754
4.72948e-17 0.772383 0.635157
0.57331 0.612458 0.544253
