0.37012 0.820129 0.436348
0.74686 0.664982 0
4.73788e-17 0.773755 0.633485
0.745884 0.557037 0.365196
0.525677 0.680129 0.510967
0.930217 0.367011 0
0.840045 3.00761e-17 0.542516
0.774255 0.437001 0.457776
0.669419 0.227768 0.707107
0.904711 0.426026 0
0.273728 0.961807 0
0.344803 0.938675 0
0.645032 0.289713 0.707107
0.582639 0.812731 0
4.52683e-17 0.739287 0.67339
0.793377 0.542797 0.275545
0.415541 0.854902 0.310593
0.976984 0.213314 0
4.93754e-17 0.806361 0.591424
0.454246 0.799975 0.392046
0.719879 0.63452 0.28135
0.877191 0.480141 0
0.54048 0.776715 0.323412
0.757178 0.268194 0.595612
0.532717 0.560973 0.633658
0.91878 0 0.394771
0.8677 0 0.497088
0.587823 0.39302 0.707107
0.655554 0.681062 0.326194
0.346418 0.616437 0.707107
0.62942 0.777065 0
0.735497 0.390337 0.553788
0.897813 0.347379 0.270667
0.955046 0.296457 0
0.18295 0.983122 0
0.475038 0.748052 0.463419
0.470682 0.652119 0.594305
5.87738e-17 0.959849 0.280516
0.942526 0 0.334133
0.808564 0.471614 0.351858
0.499782 0.828276 0.253331
0.894121 0 0.447826
0.80341 0.298953 0.514936
0.253128 0.844375 0.472184
0.709192 0.705016 0
0.608766 0.747156 0.266762
0.53017 0.847891 0
5.45803e-17 0.891364 0.453288
5.60348e-17 0.915118 0.403187
5.9927e-17 0.978682 0.205383
0.693434 0.315942 0.647557
0.68235 0.596537 0.422543
0.711304 0.50034 0.493666
0.964007 0 0.265876
5.74678e-17 0.938521 0.345223
0.291946 0.644024 0.707107
0.777072 0 0.629412
0.473525 0.88078 0
0.57366 0.712476 0.404094
0.597813 0.472679 0.647453
0.879601 0.285234 0.380715
0.395524 0.58614 0.707107
0.367405 0.896975 0.245865
0.153806 0.690177 0.707107
1 0 0
0.555248 0.437835 0.707107
0.856145 0.426143 0.292263
0.848318 0.529488 0
0.816414 0.577467 0
6.12323e-17 1 0
0.229737 0.668746 0.707107
4.32978e-17 0.707107 0.707107
0.572562 0.59574 0.563265
0.613838 0.637876 0.465099
0.440434 0.553189 0.707107
0.810777 0 0.585355
0.519985 0.479182 0.707107
0.295103 0.878734 0.375153
0.667731 0.434941 0.60412
0.261142 0.926043 0.272486
0.425485 0.619109 0.66005
0.834659 0.346521 0.428098
0.932436 0.258516 0.252453
3.0193e-18 6.11579e-17 1
0.412397 0.911004 0
0.410446 0.721747 0.557328
0.741422 2.65451e-17 0.67104
0.617806 0.34397 0.707107
0.644093 0.541255 0.540543
0.707107 0 0.707107
0.323138 0.786853 0.525779
0.673541 0.73915 0
0.690495 0.15237 0.707107
5.10349e-17 0.833463 0.552576
0.272483 0.751167 0.601249
0.984078 0 0.177735
0.481804 0.517556 0.707107
0.327261 0.692766 0.642631
5.2867e-17 0.863384 0.504548
0.78257 0.622563 0
