0.772747 0.634715 6.04931e-17
0.742588 5.86529e-17 0.669749
5.62629e-17 0.918842 0.394625
5.88557e-17 0.961186 0.2759
0.549494 0.675317 0.491938
0.339216 0.824442 0.453021
0.702719 0.278613 0.654646
0.593033 0.805178 0
0.337489 0.941329 0
0.894345 0.274557 0.353221
4.77166e-17 0.779271 0.626688
0.26564 0.964072 6.04931e-17
0.95959 0.281403 6.04931e-17
0.874962 0.379691 0.30046
0.841507 0.468711 0.268655
0.230534 0.668472 0.707107
0.862185 0.506593 6.04931e-17
0.342646 0.736468 0.583274
0.582636 0.589342 0.559652
0.512845 0.743516 0.429155
0.441553 0.552296 0.707107
0.271483 0.926557 0.260365
0.532893 0.541557 0.650185
0.396693 0.58535 0.707107
0.809495 0.306294 0.5009
0.618391 0.342917 0.707107
0.639259 0.67799 0.362875
0.464028 0.80686 0.365589
0.816261 0.4148 0.402068
0.707107 5.58504e-17 0.707107
0.917966 0 0.396659
0.601957 0.730813 0.321808
0.645458 0.288762 0.707107
0.286565 0.865073 0.41174
1 0 0
0.852847 0.283759 0.438329
0.695335 0.656 0.293552
0.40093 0.916109 0
0.776315 6.13168e-17 0.630345
0.98456 0 0.175049
0.623635 0.630813 0.461686
0.76655 0.384755 0.514164
5.99746e-17 0.979459 0.201645
0.965082 0 0.26195
0.412191 0.76844 0.489488
0.616572 0.497781 0.609962
0.91466 0.404224 6.04931e-17
0.67059 0.741828 6.04931e-17
0.803173 0.595746 6.04931e-17
0.1776 0.984103 6.04931e-17
0.669663 0.227048 0.707107
5.48463e-17 0.895708 0.444643
0.54986 0.835257 6.04931e-17
0.28363 0.711902 0.642456
0.666795 0.543193 0.510222
0.337056 0.888041 0.312691
5.17317e-17 0.844843 0.535014
0.454202 0.890899 6.04931e-17
0.928449 0.257701 0.267531
0.742144 0.48975 0.457566
0.700178 0.442827 0.560049
0.743261 0.3101 0.592791
0.890418 0.455144 6.04931e-17
0.520811 0.478285 0.707107
0.493018 0.623888 0.606381
0.70547 0.589596 0.393304
0.556167 0.436668 0.707107
5.33356e-17 0.871036 0.491219
0.435036 0.852359 0.29022
0.652999 0.403677 0.640809
6.12323e-17 1 6.04931e-17
5.76192e-17 0.940992 0.338428
0.938176 0.346159 6.04931e-17
0.892048 0 0.451941
0.154346 0.690056 0.707107
0.274365 0.79267 0.544424
0.836398 6.60625e-17 0.548122
0.760314 0.577425 0.297494
0.543905 0.786258 0.293198
0.633939 0.773383 6.04931e-17
0.391642 0.650931 0.650312
0.740409 0.672157 6.04931e-17
0.80705 6.37444e-17 0.590483
0.978843 0.204613 6.04931e-17
0.503647 0.86391 6.04931e-17
0.787693 0.513105 0.340974
0.292741 0.643664 0.707107
0.588569 0.391901 0.707107
4.97826e-17 0.813011 0.582248
0.482663 0.516756 0.707107
2.32131e-17 5.66617e-17 1
4.32978e-17 0.707107 0.707107
0.706385 0.707828 0
0.690578 0.151995 0.707107
0.865093 0 0.501612
0.832031 0.554729 6.04931e-17
0.347434 0.615865 0.707107
0.455785 0.700328 0.549365
0.942747 0 0.333508
4.55658e-17 0.744146 0.668017
