0.422803 0.697963 0.578001
0.713319 0.258319 0.651496
0.681488 0.377472 0.626968
0.264088 0.925712 0.270768
0.358229 0.933634 4.69069e-17
0.845129 0.534562 4.69069e-17
0.437039 0.555875 0.707107
0.961745 0 0.273948
5.62181e-17 0.918112 0.396321
0.839967 0.260529 0.476004
0.855527 6.23235e-17 0.517758
0.821835 0.388278 0.416926
0.227211 0.669608 0.707107
0.407271 0.863104 0.298633
1 7.0886e-17 2.03047e-18
0.365505 0.660209 0.656147
0.634206 0.721417 0.278102
4.53943e-17 0.741345 0.671124
0.281164 0.857641 0.43058
0.802438 0.48758 0.344034
0.440063 0.799786 0.408272
0.735595 0.618791 0.275676
0.343122 0.618278 0.707107
0.780472 0.625191 2.03047e-18
0.615943 0.347295 0.707107
0.718437 0.568909 0.400239
0.552514 0.44128 0.707107
0.928678 0.263176 0.261333
1.69736e-17 5.88328e-17 1
4.94484e-17 0.807554 0.589794
0.707107 5.15114e-17 0.707107
0.210774 0.977535 4.69069e-17
0.931179 0.364562 2.03047e-18
0.781375 0.552411 0.290338
0.852549 0.436632 0.287251
0.876602 0.296702 0.378863
0.758963 0.464604 0.4562
0.74512 0.66693 2.03047e-18
0.265671 0.782968 0.562477
0.886846 6.46051e-17 0.462064
0.571902 0.820322 8.42802e-17
0.387832 0.759813 0.521795
4.73906e-17 0.773947 0.633251
0.471699 0.88176 4.69069e-17
0.976925 0.213583 4.69069e-17
0.152083 0.690558 0.707107
0.894284 0.359863 0.265997
0.325048 0.817629 0.475211
0.523566 0.851985 4.69069e-17
0.983084 3.46307e-17 0.183153
0.597703 0.574761 0.558928
0.668593 0.230181 0.707107
6.02794e-17 0.984437 0.175741
0.537774 0.758343 0.368395
0.748031 5.44927e-17 0.663663
0.643963 0.487772 0.589398
0.822013 0 0.569469
0.707751 0.706462 8.42802e-17
0.478461 0.520649 0.707107
0.311623 0.889502 0.334182
0.574626 0.645075 0.50367
5.77212e-17 0.942659 0.333757
0.913208 3.21692e-17 0.407494
0.643706 0.292649 0.707107
6.12323e-17 1 8.42802e-17
0.665906 0.746036 8.42802e-17
0.492836 0.825105 0.276251
0.609298 0.441248 0.658829
0.758228 0.283007 0.587365
0.938688 3.30668e-17 0.344768
0.490627 0.732129 0.472517
0.297231 0.723852 0.62265
0.649296 0.612886 0.450317
0.620369 0.78431 2.03047e-18
0.579993 0.774334 0.253011
0.542255 0.540942 0.642917
5.90779e-17 0.964815 0.262929
0.786587 5.73014e-17 0.61748
0.513116 0.665658 0.541859
0.291068 0.956702 4.69069e-17
0.678248 0.659531 0.324034
0.480477 0.616762 0.623495
5.1392e-17 0.839294 0.543677
0.875441 0.483324 4.69069e-17
0.289023 0.645342 0.707107
5.31036e-17 0.867247 0.497878
4.32978e-17 0.707107 0.707107
0.595786 0.692612 0.406605
0.418298 0.90831 4.69069e-17
0.585489 0.396488 0.707107
0.516912 0.482496 0.707107
0.813888 0.581022 2.03047e-18
0.790288 0.333614 0.513952
5.47135e-17 0.89354 0.448984
0.685437 0.525663 0.503839
0.690118 0.154071 0.707107
0.723091 0.419607 0.548697
0.3921 0.588436 0.707107
0.955479 0.295059 2.03047e-18
0.904407 0.426672 8.42802e-17
