0.907173 0.299293 0.295736
0.559745 0.634056 0.533533
0.291664 0.920708 0.259284
0.942529 0.237049 0.235473
0.628062 0.778163 0
0.643676 0.442375 0.624488
5.1196e-17 0.836094 0.548587
0.958384 3.69854e-17 0.285482
5.46621e-17 0.8927 0.450651
0.68806 0.643727 0.334945
0.52075 0.478351 0.707107
0.716728 0.697352 0
0.609299 0.670722 0.422949
6.11745e-17 2.66155e-18 1
0.813524 4.7972e-17 0.581531
0.517788 0.706217 0.48286
0.778567 3.0046e-17 0.627561
0.482706 0.516716 0.707107
0.294676 0.763174 0.575093
0.279377 0.960181 0
0.90559 0.424155 0
0.977918 0.20899 0
0.604749 0.550457 0.575566
0.848708 0.528862 0
0.414386 0.743348 0.525089
0.690587 0.151951 0.707107
0.420232 0.907417 0
0.981612 5.78837e-17 0.190889
0.955935 0.293579 0
4.53512e-17 0.740642 0.6719
0.646722 0.597692 0.473831
0.687699 0.318867 0.652222
0.752281 0.658843 0
0.520804 0.800169 0.297477
0.8457 3.26367e-17 0.533659
0.354217 0.935163 0
0.745577 0.601089 0.287763
0.64538 0.288937 0.707107
0.476757 0.879035 0
0.7162 0.557902 0.419288
0.154385 0.690047 0.707107
0.39967 0.640109 0.656144
0.878119 0.478443 0
5.88447e-17 0.961007 0.276523
4.32978e-17 0.707107 0.707107
0.507889 0.592975 0.624844
0.26739 0.811543 0.51952
0.396718 0.585333 0.707107
0.483837 0.77245 0.411367
0.455889 0.675795 0.579195
0.405498 0.807803 0.427814
0.875902 3.38023e-17 0.482488
0.748903 0.46287 0.474233
0.292867 0.643606 0.707107
0.741502 4.37249e-17 0.670951
0.564038 0.503606 0.654403
0.830137 0.479992 0.28369
0.230476 0.668491 0.707107
0.297448 0.844904 0.444592
0.457831 0.844088 0.279118
0.186801 0.982398 0
0.707107 4.16967e-17 0.707107
0.905174 3.49319e-17 0.425041
5.76044e-17 0.940752 0.339096
0.829406 0.276984 0.485145
4.92535e-17 0.804371 0.594128
0.932118 3.59717e-17 0.362155
0.751669 0.266832 0.603154
0.577745 0.816217 0
0.930915 0.365236 0
6.12323e-17 1 0
0.347555 0.615797 0.707107
0.529012 0.848614 0
1 7.30195e-17 0
5.61911e-17 0.917671 0.397342
0.669633 0.227139 0.707107
0.44157 0.552283 0.707107
0.599509 0.761785 0.245504
0.680613 0.505968 0.529871
0.804102 0.417869 0.422853
0.780799 0.332444 0.528994
0.675116 0.737711 0
0.648659 0.706064 0.284105
0.780776 0.524787 0.339097
5.99473e-17 0.979013 0.203796
0.880783 0.251467 0.40123
0.318167 0.707691 0.630827
0.264236 0.888996 0.373986
0.555947 0.436948 0.707107
0.852757 0.36448 0.374112
4.73512e-17 0.773305 0.634035
0.875468 0.405617 0.262739
0.618216 0.343234 0.707107
0.588451 0.392078 0.707107
0.785774 0.618514 0
5.30254e-17 0.86597 0.500096
0.817454 0.575995 0
0.377119 0.871293 0.314054
0.716426 0.400719 0.571103
0.566566 0.735492 0.371557
