0.956288 0.292425 6.23185e-17
0.74214 0 0.670245
0.718078 0.518981 0.463705
0.154181 0.690093 0.707107
0.50997 0.860192 0
0.782455 0.622707 0
5.71192e-17 0.932827 0.360324
0.388323 0.864495 0.319145
0.638425 0.769684 0
0.636125 0.408988 0.654273
0.943471 0 0.331456
5.07063e-17 0.828097 0.560585
4.32978e-17 0.707107 0.707107
0.892354 0.372858 0.254326
0.481273 0.756976 0.441999
0.675585 0.737282 0
0.274362 0.961627 0
0.396463 0.585506 0.707107
0.870272 6.32167e-17 0.492572
0.98461 0 0.174766
0.90614 0.422978 0
0.758182 0.268327 0.594273
0.707107 0 0.707107
0.288904 0.75877 0.583783
0.479744 0.836274 0.265501
0.778792 5.65716e-17 0.627283
4.52235e-17 0.738556 0.674192
0.418966 0.726709 0.54439
0.565986 0.610708 0.553801
0.645427 0.288833 0.707107
0.588511 0.391988 0.707107
5.55927e-17 0.907898 0.41919
0.529195 0.691719 0.491404
0.520757 0.478343 0.707107
0.738843 0.412044 0.533227
0.842616 6.12078e-17 0.538514
4.89649e-17 0.799657 0.600457
0.845545 0.533904 0
0.34475 0.791021 0.505404
0.677349 0.461776 0.572679
0.645534 0.563549 0.51546
0.457954 0.888976 0
0.470578 0.657647 0.588266
0.718051 0.640346 0.27269
5.39463e-17 0.88101 0.473098
0.233213 0.942005 0.241327
0.555864 0.437053 0.707107
0.875262 0.301867 0.377878
5.85999e-17 0.95701 0.290056
0.710895 0.703298 0
4.71387e-17 0.769833 0.638245
0.924436 0.260133 0.278835
0.297348 0.840532 0.452869
0.183528 0.983015 0
0.519851 0.563732 0.641842
0.965221 0 0.261435
0.582776 0.728891 0.359292
0.40494 0.914343 0
0.74767 0.66407 0
0.230184 0.668592 0.707107
0.260362 0.886338 0.382906
0.669644 0.227106 0.707107
0.876554 0.481304 0
0.558518 0.829492 0
6.12323e-17 1 3.71575e-17
0.346978 0.937873 0
0.933341 0.358991 0
0.599107 0.513619 0.61422
0.813328 5.90803e-17 0.581806
0.91935 0 0.39344
0.292599 0.643728 0.707107
0.779944 0.479117 0.40266
6.09479e-17 5.89514e-18 1
0.757926 0.567811 0.321152
0.322279 0.906285 0.273466
0.428978 0.812058 0.39565
0.812611 0.390786 0.432376
5.23712e-17 0.855286 0.518157
0.97739 0.211445 6.23185e-17
0.685996 0.607105 0.401039
1 7.26402e-17 6.23185e-17
0.703399 0.321272 0.634046
0.812448 0.583034 0
0.412243 0.629781 0.658355
0.690567 0.152042 0.707107
5.99059e-17 0.978337 0.207018
0.817292 0.509746 0.268688
0.847177 0.428285 0.314426
0.599553 0.800335 3.71575e-17
0.482714 0.516708 0.707107
0.792558 0.318755 0.519853
0.441355 0.552454 0.707107
0.613408 0.652725 0.444613
0.618312 0.34306 0.707107
0.653144 0.692929 0.305372
0.324758 0.700288 0.635711
0.54111 0.783951 0.304335
0.347261 0.615963 0.707107
0.839284 0.27244 0.470509
0.896247 6.51035e-17 0.443556
