0.458775 0.538076 0.707107
0.289557 0.957161 2.07369e-18
5.30128e-17 0.865764 0.500452
5.90083e-17 0.963679 0.267064
0.738546 0.460268 0.492649
0.83434 1.81879e-17 0.55125
0.404016 0.771818 0.490986
0.304668 0.638104 0.707107
0.160575 0.688633 0.707107
0.964878 0.2627 8.95204e-19
0.361458 0.60774 0.707107
0.618085 0.786112 2.07369e-18
0.639314 0.302121 0.707107
0.511386 0.739664 0.437471
0.77148 0.33282 0.542263
0.839019 0.544101 2.07369e-18
0.80521 1.75529e-17 0.59299
0.685206 0.659741 0.308601
0.672597 0.337186 0.658726
0.939274 0 0.343168
0.91814 0.396256 2.07369e-18
0.893802 0.448461 8.95204e-19
0.822744 0.297461 0.484365
0.402799 0.668751 0.62492
0.861915 6.45705e-17 0.507052
0.87024 0.265406 0.41502
0.279382 0.879521 0.385213
0.707107 5.2973e-17 0.707107
0.280858 0.799506 0.53095
0.92711 0.26949 0.260466
0.261704 0.929934 0.25833
0.891215 0.34004 0.300179
0.609303 0.358817 0.707107
0.279802 0.704761 0.651938
0.867237 0.497895 2.07369e-18
0.561814 0.545672 0.621777
0.540449 0.455977 0.707107
0.828901 0.47963 0.287887
5.62081e-17 0.917948 0.396701
0.942711 0.33361 8.95204e-19
0.741447 5.55456e-17 0.671011
0.890086 1.94031e-17 0.455793
0.558585 0.669746 0.489308
0.774232 0.632902 2.07369e-18
0.326301 0.833661 0.445574
0.606681 0.590561 0.532143
0.357673 0.933847 0
0.513995 0.632946 0.578955
0.455271 0.707719 0.540243
5.87808e-17 1.71528e-17 1
0.688996 0.159011 0.707107
0.699927 0.41029 0.584607
0.239756 0.665219 0.707107
0.409354 0.855026 0.318371
0.665968 0.237669 0.707107
4.32978e-17 0.707107 0.707107
4.75585e-17 0.77669 0.629883
0.647077 0.628095 0.43219
0.634767 0.727132 0.261438
0.576728 0.816937 2.07369e-18
5.12948e-17 0.837708 0.546119
0.809027 0.587772 2.07369e-18
0.653504 0.504896 0.563927
0.984469 0.175558 2.07369e-18
0.350041 0.896432 0.271812
0.501318 0.498678 0.707107
0.324044 0.744055 0.584275
6.12323e-17 1 8.95204e-19
0.209764 0.977752 2.07369e-18
0.527078 0.849817 8.95204e-19
0.576328 0.40969 0.707107
0.737365 0.675494 2.07369e-18
0.850478 0.39197 0.350781
0.732858 0.284986 0.61782
0.916406 6.86527e-17 0.400251
0.661403 0.750031 2.07369e-18
0.797259 0.423777 0.429873
0.960169 0 0.279419
0.418577 0.908181 8.95204e-19
0.466465 0.593865 0.655542
0.750206 0.606706 0.262866
5.46658e-17 0.89276 0.450533
0.454551 0.801134 0.389317
0.556526 0.770947 0.30971
0.77411 1.6875e-17 0.633051
1 2.17992e-17 2.07369e-18
0.612707 0.457279 0.644582
0.690984 0.544188 0.475815
0.498514 0.826908 0.260207
4.54841e-17 0.742812 0.6695
5.7678e-17 0.941953 0.335745
0.722856 0.572286 0.387258
0.601013 0.701102 0.383717
0.412432 0.574369 0.707107
6.02485e-17 0.983932 0.178544
0.979065 0 0.203547
4.94766e-17 0.808014 0.589163
0.473817 0.880623 2.07369e-18
0.779681 0.526167 0.33948
0.702279 0.711902 2.07369e-18
