0.0253772 0.840698
0.491642 0.298828
0.362653 0.397793
0.323722 0.431034
0.442355 0.334902
0.021553 0.853191
0.386297 0.378472
0.170793 0.586728
0.989408 0.0053101
0.426221 0.347144
0.255567 0.494464
0.120213 0.653283
0.339227 0.417568
0.293069 0.458641
0.315999 0.437862
0.00527598 0.927364
0.370512 0.391303
0.00803944 0.910337
0.138562 0.62776
0.0807652 0.715808
0.212041 0.539521
0.418173 0.353337
0.151203 0.611151
0.285507 0.465672
0.331458 0.424276
0.905045 0.0486614
2.34237e-07 0.999516
0.0860867 0.706595
0.852436 0.0767253
0.800007 0.105569
0.0110873 0.894704
0.978823 0.0106451
0.475048 0.310763
0.0915326 0.697456
0.075538 0.725158
0.926079 0.03767
0.947119 0.0267995
0.102736 0.679476
0.240846 0.50924
0.841942 0.0824259
0.00287541 0.946377
0.873483 0.0653967
0.5 0.292893
0.097078 0.688427
0.458633 0.322775
0.894544 0.0541967
0.262991 0.487173
0.114303 0.661913
0.248181 0.501822
0.177485 0.578711
0.0334127 0.817209
0.233553 0.516727
0.132354 0.636195
0.37839 0.384866
0.0376358 0.806001
0.126249 0.644685
0.0604856 0.754062
0.936584 0.0322275
0.915552 0.0431553
0.191091 0.56286
0.21916 0.531854
0.402182 0.365822
0.434272 0.341007
0.810473 0.0997373
0.0510114 0.774143
0.108456 0.670673
0.144833 0.619431
0.0293352 0.828725
0.184255 0.570751
0.410198 0.359533
1 0
0.164182 0.594807
0.957702 0.0213776
0.226321 0.524268
0.884004 0.0597853
0.00097219 0.96882
0.450473 0.328827
0.157646 0.602954
0.270452 0.47995
0.483324 0.304785
0.0556976 0.763997
0.968236 0.01601
0.30832 0.444734
0.0704141 0.734643
0.0143829 0.880071
0.198022 0.555003
0.277953 0.472788
0.466824 0.316755
0.34701 0.410924
0.354828 0.404325
0.831443 0.0881649
0.0178856 0.866263
0.0464348 0.784513
0.204987 0.547245
0.394221 0.37213
0.820959 0.0939323
0.862978 0.0710339
0.300677 0.45166
0.0653854 0.744294
0.0419871 0.795092
