0.100638 0.682765
0.317229 0.436769
0.365631 0.395325
0.207166 0.544845
0.293837 0.457933
0.0278475 0.833124
0.357436 0.402141
0.448924 0.329982
0.474358 0.311264
0.838797 0.0841414
0.0368702 0.807984
0.21397 0.537431
0.00310527 0.944275
0.877383 0.0633129
0.981319 0.00938467
0.051458 0.773156
0.0195361 0.860229
0.972015 0.014092
0.193775 0.559802
0.286191 0.465032
0.848423 0.0789015
0.457396 0.32369
0.0120763 0.890108
0.915586 0.0431374
0.187198 0.567336
0.0891611 0.701401
0.263701 0.486481
0.00572124 0.924361
0.0834987 0.711039
0.809685 0.100175
0.142661 0.622296
0.390395 0.375184
0.309355 0.443803
0.130368 0.638935
0.867759 0.0684639
0.81938 0.0948039
0.256386 0.493654
0.241972 0.508093
0.465873 0.317451
0.440526 0.336278
0.13651 0.630527
0.174203 0.582624
0.962652 0.0188515
0.0322781 0.820339
0.953189 0.0236858
0.14888 0.61415
0.887047 0.0581683
0.00104416 0.967687
1 0
0.0724323 0.730867
0.161424 0.598225
0.124345 0.647374
0.0948625 0.692002
0.0779154 0.720867
0.349292 0.408991
0.249135 0.500865
0.858059 0.0736852
0.301553 0.450862
0.180676 0.574941
0.0670678 0.741026
0.491415 0.29899
0.925042 0.0382091
0.432117 0.342644
0.829047 0.0894796
0.41533 0.355539
1.49134e-07 0.999614
0.39867 0.368597
0.118345 0.655988
0.271104 0.479323
0.155131 0.606133
0.423708 0.349072
0.0156869 0.874753
0.167778 0.590392
0.023596 0.84639
0.0415961 0.796049
0.0565451 0.762208
0.00874071 0.906508
0.0464613 0.784451
0.406982 0.362049
0.112382 0.664765
0.200434 0.552301
0.943789 0.0285119
0.800001 0.105572
0.220857 0.530046
0.325152 0.429779
0.934414 0.0333493
0.341183 0.415891
0.106478 0.67369
0.499999 0.292894
0.906116 0.0480986
0.382121 0.381841
0.373862 0.388557
0.234894 0.515342
0.896582 0.0531197
0.333149 0.422809
0.227837 0.522677
0.990639 0.00469165
0.061748 0.751509
0.482878 0.305106
0.278602 0.472172
