0.240053 0.510048
0.960542 0.0199275
0.360503 0.399581
0.0519354 0.772107
0.900728 0.0509331
0.306525 0.446353
0.151594 0.610649
0.392027 0.373879
0.920749 0.0404431
0.0727556 0.730268
0.424198 0.348695
0.298939 0.453247
0.283879 0.467197
0.39999 0.367552
0.107436 0.672226
0.368326 0.393101
0.0673359 0.740508
0.820229 0.0943351
0.880676 0.0615566
0.449001 0.329925
0.205112 0.547107
0.408004 0.361248
0.269029 0.48132
0.810099 0.0999452
0.171361 0.586042
0.850443 0.0778056
0.48278 0.305176
0.860531 0.0723519
0.021213 0.854353
0.218931 0.5321
0.457363 0.323714
0.890733 0.0562136
0.940652 0.0301278
0.00779472 0.911712
0.0291334 0.829315
0.11354 0.663043
0.32178 0.432743
0.2617 0.488434
0.337164 0.419342
0.0175221 0.867629
0.800001 0.105572
0.97042 0.0149011
0.000921361 0.969646
0.474265 0.311331
0.384103 0.38024
0.0470805 0.78302
0.00510332 0.928563
0.00275463 0.947515
0.18473 0.570197
0.465781 0.317519
0.980269 0.00991457
0.225916 0.524694
0.830295 0.0887946
1 0
0.247212 0.502795
0.276418 0.474245
0.950631 0.0249969
0.042373 0.794153
0.0140453 0.881487
0.0839035 0.710339
0.0782736 0.720226
0.990119 0.00495297
0.17803 0.578064
0.0378215 0.805523
0.198283 0.554711
0.870614 0.0669328
0.0250794 0.841635
0.432416 0.342417
0.125966 0.645083
0.930703 0.0352703
0.329447 0.426025
0.499998 0.292895
0.101417 0.681539
0.344904 0.412715
0.0333853 0.817284
0.376203 0.386646
0.138682 0.6276
0.145095 0.619087
0.232954 0.517347
0.910749 0.0456682
0.352671 0.406139
0.132295 0.636276
2.11548e-07 0.99954
0.191479 0.562416
0.0569445 0.761369
0.0954806 0.691001
0.212001 0.539565
0.010798 0.896087
0.0896453 0.700592
0.119716 0.654
0.416081 0.354957
0.25443 0.49559
0.158134 0.602339
0.0620706 0.75086
0.440699 0.336149
0.840373 0.0832816
0.314151 0.439508
0.164744 0.594113
0.291393 0.460192
0.491369 0.299023
