0.0540109 0.767598
0.499993 0.292898
0.800009 0.105568
0.268549 0.481782
0.068101 0.739038
0.49138 0.299015
0.109519 0.669064
0.144612 0.619721
0.0494985 0.777517
0.13255 0.635927
0.291572 0.460026
0.482854 0.305123
0.0779237 0.720852
0.231675 0.518674
0.364418 0.396329
0.947961 0.0263669
0.397945 0.369171
0.431743 0.342928
0.0324215 0.81994
0.203364 0.54904
0.414798 0.355952
0.246193 0.503822
0.968808 0.0157195
0.906021 0.0481489
0.0284346 0.831374
0.126627 0.644153
0.276128 0.474521
0.448693 0.330154
0.217372 0.533768
0.15704 0.603717
0.115131 0.660691
0.261028 0.489091
0.0245794 0.843222
0.163385 0.595791
0.238902 0.511224
0.0027732 0.947339
0.884975 0.0592689
0.339578 0.417267
0.104029 0.677464
0.0208727 0.855526
0.0173136 0.868419
0.457226 0.323815
0.989641 0.00519305
0.356092 0.403265
0.183015 0.572198
0.465724 0.31756
0.18972 0.564432
0.821306 0.0937409
0.331424 0.424306
0.224468 0.526219
0.958444 0.0209987
0.0729701 0.72987
0.979241 0.0104337
0.895522 0.0536797
0.299409 0.452817
0.013942 0.881924
0.000926202 0.969566
0.0829629 0.711967
0.253558 0.496455
2.47015e-08 0.999843
0.406362 0.362534
0.347815 0.410241
0.0450769 0.787687
0.0881044 0.703176
0.283824 0.467249
0.307338 0.44562
0.0586209 0.757882
0.169832 0.587893
0.926952 0.0372166
0.842637 0.0820476
0.916536 0.0426411
0.0407571 0.798116
0.831978 0.0878717
0.810632 0.0996488
0.00779471 0.911712
0.176392 0.58001
0.0932998 0.69455
0.315268 0.438513
0.150764 0.611717
0.381147 0.382629
0.874443 0.0648835
0.474296 0.311308
0.0365321 0.808866
0.00510943 0.92852
0.0107563 0.896287
0.85335 0.0762303
0.440193 0.33653
0.323308 0.431398
0.0633171 0.748371
0.937537 0.031735
0.138545 0.627784
0.210338 0.541374
0.196524 0.55669
0.120829 0.652395
0.389544 0.375865
0.863912 0.0705312
0.0986208 0.68596
0.423266 0.349411
0.372757 0.389461
1 0
