0.0228509 0.848835
0.0404507 0.798876
0.876847 0.0635991
0.110836 0.667079
0.472143 0.312874
0.0116848 0.891904
0.328914 0.42649
0.00300618 0.945171
0.962294 0.0190344
0.990567 0.00472785
0.499997 0.292896
0.981152 0.00946893
0.0763418 0.7237
0.490641 0.299543
2.3327e-07 0.999517
0.248733 0.501269
0.241766 0.508303
0.0655436 0.743985
0.0932118 0.694694
0.234813 0.515425
0.262778 0.487381
0.427475 0.346185
0.914966 0.0434617
0.344451 0.413101
0.200685 0.552021
0.00845138 0.908069
0.193977 0.559571
0.895968 0.0534443
0.277 0.473692
0.0189106 0.862484
0.0358031 0.810783
0.313741 0.439874
0.284218 0.466879
0.269861 0.480519
0.352355 0.406405
0.838391 0.0843633
0.0269814 0.83574
0.336674 0.419764
0.141655 0.623629
0.291499 0.460094
0.221075 0.529814
0.148 0.615292
0.227912 0.522598
0.00101188 0.96819
0.214222 0.537159
0.207443 0.54454
0.306269 0.446585
0.418771 0.352875
0.94346 0.0286812
0.971738 0.0142325
0.154426 0.60703
0.180636 0.574987
0.00553552 0.925599
0.167418 0.590833
0.060296 0.754447
0.0990173 0.68533
0.0551684 0.765121
0.255746 0.494287
0.031307 0.823062
0.436282 0.339483
0.174003 0.582863
0.800004 0.10557
0.104889 0.676134
0.481361 0.306198
0.828754 0.0896409
0.0452345 0.787316
0.376592 0.386329
0.0151872 0.876764
0.463047 0.319525
0.360338 0.399718
0.298817 0.453359
1 0
0.924523 0.0384787
0.122949 0.649359
0.135361 0.632086
0.368393 0.393047
0.809589 0.100228
0.129127 0.640657
0.857621 0.0739215
0.454059 0.326161
0.445077 0.332859
0.867173 0.068779
0.401679 0.366218
0.886422 0.0585002
0.321265 0.433197
0.0875024 0.704192
0.384886 0.379608
0.116864 0.658146
0.952898 0.0238351
0.847999 0.0791315
0.819167 0.0949217
0.905417 0.0484658
0.0501521 0.776053
0.0818759 0.71386
0.410176 0.35955
0.0708978 0.733734
0.933997 0.0335651
0.187294 0.567225
0.393246 0.372907
0.1609 0.598877
