0.198206 0.554797
0.106253 0.674036
0.117867 0.656683
0.988674 0.00567892
0.366219 0.39484
0.166407 0.592069
0.204722 0.547538
0.83246 0.0876076
0.0431633 0.792242
0.865338 0.0697648
0.245373 0.504648
0.898662 0.0520223
0.97736 0.011385
0.468517 0.315517
0.0259052 0.839049
0.224727 0.525947
0.405725 0.363034
0.160191 0.599762
0.266787 0.483486
0.452803 0.327094
0.84337 0.0816485
0.259607 0.490484
0.943542 0.0286389
0.112019 0.665307
0.129744 0.6398
0.141776 0.623469
0.0113137 0.893634
0.476412 0.309774
0.303943 0.44869
0.038639 0.803432
0.185349 0.569478
0.397869 0.369231
0.0677094 0.73979
0.274079 0.476475
0.172682 0.58445
0.0146651 0.878901
0.421406 0.350842
0.00820153 0.909438
0.178979 0.576941
0.966071 0.0171107
0.217956 0.533142
0.909848 0.0461403
0.0526013 0.77065
0.460624 0.321307
0.0182254 0.864999
0.932314 0.0344357
1.8587e-07 0.999569
0.350504 0.407966
0.311583 0.441804
0.0837536 0.710598
0.492126 0.298483
0.00538422 0.926623
0.876397 0.0638394
0.0575246 0.760157
0.296336 0.455633
0.921088 0.0402666
0.0948687 0.691992
0.19175 0.562108
0.8 0.105573
0.28884 0.462562
0.887506 0.0579247
0.374086 0.388374
0.252441 0.497565
0.0299974 0.826802
1 0
0.281426 0.469504
0.0625576 0.749885
0.100528 0.682939
0.123772 0.648187
0.0342487 0.814936
0.484257 0.304114
0.231513 0.518842
0.810779 0.0995675
0.327046 0.42812
0.389941 0.375547
0.00292839 0.945885
0.147885 0.615442
0.381989 0.381947
0.42922 0.344851
0.0892679 0.701223
0.0783176 0.720147
0.437066 0.338891
0.000986576 0.96859
0.0729646 0.72988
0.444914 0.332981
0.413551 0.356921
0.135753 0.631553
0.211291 0.540336
0.34264 0.414645
0.0478132 0.781338
0.154021 0.607545
0.854341 0.0756946
0.499994 0.292898
0.334829 0.421356
0.821585 0.0935865
0.358351 0.401376
0.954796 0.0228633
0.319291 0.434941
0.238401 0.511736
0.0219816 0.851738
