0.427166 0.34642
0.418295 0.353243
0.454083 0.326143
0.286352 0.464881
0.341776 0.415383
0.152376 0.609647
0.31762 0.436422
0.869424 0.0675711
0.226592 0.523983
0.490734 0.299476
0.949543 0.0255551
0.0276105 0.833836
0.979767 0.010168
0.81976 0.0945942
0.20535 0.546845
0.020115 0.858173
0.271076 0.47935
0.0237831 0.845782
0.191552 0.562334
0.0315932 0.822255
0.198416 0.554561
0.0443558 0.789392
0.212342 0.539194
0.0357184 0.811007
1 0
0.47232 0.312744
0.0399786 0.800054
0.256014 0.494022
0.165046 0.593742
0.436075 0.33964
0.116342 0.65891
0.171543 0.585822
0.375062 0.387577
0.140008 0.625824
0.0133258 0.884562
0.233837 0.516433
0.39212 0.373805
0.959589 0.0204137
0.929431 0.0359298
0.919419 0.0411366
0.133976 0.633972
1.86057e-07 0.999569
0.366639 0.394492
0.248553 0.501449
0.294088 0.457702
0.939477 0.0307339
0.829677 0.089134
0.0582273 0.758697
0.00486535 0.930248
0.0630734 0.748856
0.909397 0.0463771
0.0166056 0.871137
0.463176 0.31943
0.0995018 0.684561
0.800002 0.105572
0.0886799 0.702208
0.178118 0.577959
0.859478 0.0729198
0.889403 0.0569183
0.110647 0.667364
0.0730493 0.729724
0.48151 0.306091
0.24116 0.50892
0.0488677 0.77894
0.0940527 0.69332
0.499996 0.292896
0.349996 0.408395
0.158652 0.601689
0.0833853 0.711235
0.0535003 0.768699
0.00263437 0.948674
0.445054 0.332876
0.000887728 0.970205
0.333651 0.422375
0.0680122 0.739209
0.263521 0.486657
0.839571 0.0837189
0.325605 0.429382
0.00742606 0.913825
0.4008 0.366912
0.0781761 0.7204
0.128022 0.642198
0.879432 0.0622197
0.278691 0.472088
0.0102619 0.898699
0.969659 0.0152875
0.899419 0.0516228
0.98988 0.00507311
0.358269 0.401445
0.122132 0.650526
0.219429 0.531567
0.409498 0.36008
0.309706 0.443488
0.146156 0.617697
0.184809 0.570106
0.809869 0.100073
0.849517 0.0783076
0.105038 0.675904
0.383541 0.380693
0.301866 0.450576
