0.363674 0.396946
0.0839343 0.710286
0.937722 0.0316396
0.499992 0.292899
0.266742 0.483529
1.92691e-07 0.999561
0.136818 0.63011
0.979266 0.0104211
0.842644 0.0820436
0.303149 0.44941
0.958518 0.0209607
0.224049 0.526662
0.395026 0.371489
0.182606 0.572675
0.310525 0.442753
0.0301868 0.826257
0.340591 0.416398
0.0679801 0.73927
0.426814 0.34669
0.333006 0.422933
0.989637 0.00519506
0.28122 0.469699
0.259551 0.490539
0.011297 0.893713
0.885188 0.0591556
0.371457 0.390527
0.0628639 0.749273
0.0732021 0.729441
0.0578493 0.759481
0.189406 0.564792
0.217035 0.53413
0.0529431 0.769906
0.459029 0.322483
0.014675 0.87886
0.906309 0.0479971
0.348234 0.409886
0.402937 0.365227
0.00097675 0.968747
0.288503 0.462875
0.11244 0.66468
0.0344781 0.814317
0.00290191 0.946131
0.948154 0.0262678
0.245275 0.504748
0.325458 0.42951
0.0182704 0.864832
0.853329 0.0762417
0.410869 0.35901
0.968893 0.0156764
0.831957 0.0878834
0.196264 0.556983
1 0
0.00817387 0.909591
0.418835 0.352825
0.231087 0.519285
0.0950654 0.691673
0.149528 0.613312
0.0481434 0.780584
0.895794 0.053536
0.0260444 0.838617
0.155992 0.605042
0.130607 0.638604
0.29582 0.456106
0.379272 0.384149
0.0220688 0.851444
0.118398 0.65591
0.450932 0.328486
0.387128 0.377804
0.0894453 0.700926
0.863978 0.0704958
0.106559 0.673566
0.467168 0.316503
0.8 0.105573
0.442879 0.334509
0.143121 0.621687
0.810604 0.0996644
0.210081 0.541654
0.0434589 0.791532
0.874598 0.0648005
0.16916 0.58871
0.0785207 0.719785
0.203132 0.549299
0.273981 0.476568
0.23816 0.511984
0.483503 0.304656
0.175853 0.580652
0.12446 0.647211
0.252402 0.497604
0.916762 0.0425233
0.355926 0.403405
0.162539 0.596839
0.0389017 0.802765
0.31798 0.436103
0.100758 0.682576
0.434831 0.340583
0.821289 0.0937503
0.927192 0.0370919
0.491737 0.29876
0.00535162 0.926845
0.475316 0.310569
