0.979934 0.0100837
0.402449 0.365611
0.351529 0.407101
0.216569 0.53463
0.809946 0.10003
0.25125 0.498752
0.473066 0.312202
0.859898 0.072693
0.0246927 0.842861
0.230206 0.520202
0.909892 0.0461172
0.0415725 0.796107
0.0138631 0.882258
0.42868 0.345263
0.0208917 0.855461
0.0709773 0.733584
0.145731 0.618252
0.170753 0.586777
0.0328285 0.818814
0.303341 0.449236
0.829906 0.0890084
0.929921 0.035676
0.209835 0.541922
0.359831 0.400141
0.335089 0.421131
0.869916 0.0673072
0.127503 0.642924
0.0508621 0.774474
0.31117 0.442174
0.288081 0.463268
0.319059 0.435147
0.83989 0.0835448
0.48202 0.305724
0.133526 0.634588
0.183554 0.571568
0.819911 0.0945107
0.273065 0.477444
0.0286743 0.830665
0.919927 0.0408719
0.393779 0.372482
0.879945 0.061946
0.104017 0.677484
0.376672 0.386264
0.0926713 0.69558
0.00504634 0.928962
1.86225e-07 0.999568
0.109778 0.668672
0.151901 0.610255
0.258451 0.49162
0.0983122 0.686452
0.5 0.292893
0.89994 0.0513482
0.237124 0.513046
0.343292 0.414088
0.158143 0.602329
0.0461573 0.785158
0.000922505 0.969627
0.327024 0.42814
0.491025 0.299268
0.849884 0.0781083
0.0816499 0.714256
0.0871147 0.704848
0.24415 0.505885
0.0172765 0.86856
0.196574 0.556633
0.115617 0.659975
0.03712 0.807335
0.38518 0.379371
0.0762757 0.72382
0.464123 0.318734
0.969942 0.0151435
0.0657779 0.743528
0.177125 0.579138
0.36821 0.393197
0.280507 0.47037
0.00771753 0.912151
0.0027423 0.947633
0.411156 0.358786
0.20318 0.549245
0.94993 0.0253563
0.164414 0.59452
0.223368 0.527382
0.295649 0.456264
0.939922 0.030504
0.0106704 0.896702
0.419907 0.351998
0.265707 0.484532
0.121526 0.651394
0.959937 0.0202361
0.190038 0.564066
0.0557075 0.763976
0.139618 0.626346
0.446363 0.331896
0.98996 0.00503285
0.889946 0.0566303
0.455232 0.325291
0.437522 0.338546
0.060681 0.753665
0.800004 0.105571
1 0
