0.406637 0.362437
0.466143 0.317367
0.800178 0.105589
0.0130005 0.886143
0.48314 0.30503
0.130395 0.639039
0.491626 0.298952
0.96708 0.0166854
0.148973 0.614169
0.00997387 0.900295
0.355862 0.403579
0.106508 0.673788
0.0785302 0.719916
0.32312 0.431687
0.194213 0.559439
0.0531185 0.769679
0.06293 0.749293
0.187618 0.566986
0.26987 0.480638
0.956154 0.022257
0.315244 0.438658
0.0310356 0.823988
0.155302 0.606055
0.860818 0.0722899
0.331151 0.424666
0.339265 0.417658
0.913085 0.0445353
0.118301 0.656193
0.810151 0.100011
0.850605 0.0778104
0.142732 0.622341
0.262695 0.487591
0.457576 0.323671
0.227828 0.522818
0.389641 0.375907
0.820203 0.0944439
0.364255 0.396585
0.945287 0.0278304
0.871058 0.0667874
0.284544 0.4667
0.440564 0.336366
0.0950515 0.691842
0.830294 0.0888893
0.0732069 0.729582
0.0270571 0.835668
0.124316 0.647558
2.80693e-08 1.00001
0.0162295 0.872767
0.000852353 0.970975
0.181068 0.574615
0.307407 0.445682
0.214273 0.537237
0.923732 0.0389801
0.255552 0.494608
0.241558 0.508645
0.13653 0.630641
0.0351563 0.812656
0.0680067 0.739369
0.0438598 0.790727
0.00254754 0.949695
0.207555 0.544551
0.168083 0.590158
0.112364 0.664937
0.234672 0.515702
0.100734 0.682759
0.423627 0.34925
1.00026 0
0.0196706 0.859909
0.881449 0.0612364
0.474644 0.311169
0.415141 0.355803
0.891884 0.055695
0.0579712 0.75938
0.934472 0.0334082
0.432038 0.34282
0.248483 0.501649
0.381175 0.382726
0.277178 0.473651
0.0394507 0.801534
0.292033 0.459725
0.0232702 0.847614
0.0894444 0.701074
0.347497 0.410633
0.161679 0.598045
0.398127 0.369146
0.174549 0.582346
0.200868 0.551951
0.372688 0.389639
0.902448 0.0501183
0.500081 0.292947
0.299623 0.452747
0.00470454 0.931577
0.0839349 0.710433
0.0484429 0.780056
0.00719205 0.91536
0.449141 0.329935
0.989165 0.00551902
0.221033 0.529991
0.840429 0.0833447
0.978092 0.0111022
