0.230407 0.519993
0.942993 0.0289215
0.0343525 0.814656
1 0
0.370304 0.391474
0.043212 0.792125
0.260479 0.489629
0.11931 0.654587
0.237851 0.512301
0.0625197 0.749961
0.208298 0.543603
0.083849 0.710433
0.0221089 0.851309
0.215622 0.535649
0.838006 0.0845732
0.0147596 0.878511
0.00294354 0.945746
0.828474 0.0897947
0.0113913 0.89327
0.876156 0.0639681
0.92388 0.038813
0.322422 0.432178
0.0526173 0.770615
0.818974 0.0950281
0.467323 0.31639
0.0260395 0.838633
0.885675 0.0588968
0.442959 0.334448
0.354231 0.404827
0.107045 0.672823
0.8571 0.0742031
0.971477 0.0143647
0.402609 0.365485
0.12564 0.645543
0.306696 0.446198
0.291148 0.460419
0.0575027 0.760203
0.0729384 0.729929
0.895219 0.05384
0.245358 0.504663
0.330324 0.425261
0.151894 0.610264
0.37836 0.384891
0.223002 0.527769
0.252896 0.497112
0.434903 0.340528
0.193823 0.559747
2.39672e-07 0.99951
0.113093 0.663707
0.95248 0.0240494
0.26808 0.482235
0.0894749 0.700876
0.000990882 0.968522
0.138596 0.627715
0.990499 0.00476189
0.809474 0.100292
0.179572 0.576241
0.2834 0.467646
0.418733 0.352904
0.0183469 0.864549
0.145214 0.61893
0.165564 0.593104
0.914334 0.0437921
0.410671 0.359164
0.980982 0.0095547
0.34621 0.411604
0.483642 0.304557
0.866607 0.0690826
0.0676415 0.73992
0.0478523 0.781248
0.426774 0.34672
0.186667 0.56795
0.459192 0.322363
0.0783374 0.720112
0.38644 0.378357
0.132053 0.636609
0.961987 0.0191908
0.847547 0.0793768
0.31453 0.439171
0.491802 0.298714
0.0082505 0.909168
0.0952276 0.69141
0.201039 0.551627
0.362283 0.398101
0.338266 0.418393
0.00541387 0.926421
0.275705 0.474924
0.451077 0.328377
0.800001 0.105572
0.101093 0.682049
0.298923 0.453261
0.0301304 0.826419
0.158675 0.60166
0.394495 0.371911
0.933451 0.0338472
0.904797 0.0487918
0.172533 0.584629
0.475456 0.310467
0.038716 0.803236
0.499998 0.292895
