0.404261 0.364185
0.848963 0.0786079
0.0701188 0.7352
0.83913 0.0839597
0.159881 0.600149
0.17951 0.576314
0.248838 0.501163
0.035156 0.812501
0.153441 0.608285
0.412295 0.357898
0.116167 0.659167
0.939078 0.0309395
0.388217 0.37693
0.0264547 0.837351
0.316751 0.437194
0.030722 0.824723
0.0543513 0.766866
0.104221 0.677168
0.928983 0.0361623
0.492041 0.298543
0.989786 0.00512032
0.0925495 0.69578
0.829318 0.089331
1 0
0.220403 0.530529
0.372257 0.389871
0.396231 0.370531
0.293494 0.458249
0.199716 0.553104
0.241625 0.508447
0.0594883 0.756098
0.0444737 0.789112
0.134542 0.633201
0.460267 0.32157
0.075593 0.725058
0.428311 0.345545
0.0811564 0.71512
0.949204 0.0257289
0.918882 0.0414167
0.340421 0.416544
2.13225e-07 0.999538
0.868765 0.0679243
0.147069 0.616505
0.348388 0.409756
0.301171 0.45121
0.186187 0.568507
0.8 0.105573
0.263478 0.486699
0.12836 0.641727
0.0868124 0.705361
0.809755 0.100136
0.227414 0.52312
0.468172 0.315769
0.364355 0.396382
0.888728 0.0572762
0.0223859 0.850381
0.270852 0.479565
0.444243 0.333484
0.140782 0.624791
0.122235 0.650379
0.908811 0.0466844
0.3246 0.430264
0.166356 0.592132
0.285863 0.465339
0.878736 0.0625908
0.979608 0.0102486
0.0114141 0.893163
0.213455 0.537988
0.0185205 0.86391
0.110139 0.668128
0.000982264 0.968659
0.420287 0.351705
0.380245 0.38336
0.192923 0.560769
0.00539648 0.926539
0.256129 0.493908
0.959321 0.0205509
0.0148481 0.878147
0.172896 0.584193
0.85885 0.0732586
0.476123 0.309983
0.0647561 0.745528
0.00823841 0.909234
0.0493288 0.777899
0.356401 0.403007
0.484098 0.304229
0.00292914 0.945878
0.332503 0.423369
0.278317 0.472442
0.436246 0.339511
0.452278 0.327484
0.819526 0.0947232
0.206561 0.54551
0.0397189 0.800704
0.234472 0.515777
0.308939 0.444177
0.898758 0.0519716
0.499994 0.292897
0.0983523 0.686388
0.969455 0.015391
