0.990164 0.00493032
0.138663 0.627625
0.12028 0.653187
0.0549741 0.765535
0.475108 0.310719
0.280746 0.470145
0.84595 0.0802446
0.0156231 0.875008
0.157868 0.602674
0.393485 0.372717
0.272898 0.477604
0.312563 0.440927
0.151365 0.610944
0.114372 0.661811
0.0274883 0.834204
0.466883 0.316712
0.902602 0.0499464
0.409744 0.359887
0.0806486 0.716013
0.0407126 0.798226
0.102764 0.679432
0.401645 0.366245
0.874044 0.0650968
0.0701267 0.735186
0.883514 0.0600457
0.242163 0.507899
0.836676 0.0853002
0.0599235 0.755207
0.184651 0.57029
0.249746 0.500255
0.00575681 0.924126
0.912206 0.0449052
0.320608 0.433777
0.25742 0.492634
0.0915059 0.697501
0.219978 0.530982
0.212762 0.538739
0.328635 0.426733
0.352929 0.405922
0.108533 0.670557
0.827447 0.0903588
0.2056 0.546569
0.8 0.105573
0.265128 0.485094
0.417837 0.353597
0.191527 0.562363
0.144987 0.619228
0.921849 0.0398701
0.198504 0.554462
0.809117 0.10049
0.458674 0.322745
0.98035 0.00987399
0.227299 0.523242
0.050117 0.776132
0.0970911 0.688406
0.385364 0.379223
0.85526 0.0751972
0.0120681 0.890145
0.960756 0.0198186
0.0193685 0.860829
0.171105 0.586352
0.931524 0.0348453
0.864614 0.0701539
0.4505 0.328807
0.950989 0.0248135
0.00105801 0.967473
0.064986 0.745076
0.234689 0.515553
0.296626 0.455366
0.499999 0.292894
0.336691 0.41975
0.941236 0.0298266
0.288669 0.462721
0.0860339 0.706685
0.360949 0.399209
0.344785 0.412816
0.0753542 0.725493
0.304585 0.448108
0.81827 0.0954174
0.00313398 0.944018
0.434151 0.341099
0.0361611 0.809839
0.425952 0.34735
0.164457 0.594467
0.369072 0.392487
0.177844 0.578284
0.491665 0.298811
0.0233415 0.847221
0.970542 0.014839
0.442315 0.334932
0.483374 0.304749
0.00873838 0.906521
0.893032 0.0549964
0.377188 0.385844
0.0453602 0.787021
0.132449 0.636065
0.0317632 0.821778
0.126332 0.644567
2.24299e-07 0.999526
1 0
