0.417369 0.353959
0.462587 0.319862
0.444222 0.3335
0.830098 0.0889026
0.00773012 0.912079
0.88028 0.0617675
0.0363256 0.809407
0.154908 0.606417
0.930208 0.0355269
0.293804 0.457963
0.11249 0.664604
0.220816 0.53009
0.124301 0.647436
0.286187 0.465035
0.118354 0.655974
0.870282 0.067111
0.193603 0.559997
0.920215 0.0407215
0.0106495 0.896804
0.374133 0.388336
0.399865 0.367651
2.1823e-07 0.999533
0.0844193 0.70945
0.200298 0.552454
0.227787 0.522729
1 0
0.142506 0.6225
0.100994 0.682205
0.0588842 0.757339
0.840155 0.0834002
0.278624 0.472152
0.471825 0.313105
0.167542 0.590681
0.96008 0.0201632
0.00507971 0.928728
0.0027741 0.94733
0.325018 0.429897
0.0171515 0.869036
0.341098 0.415964
0.25636 0.493679
0.0243695 0.843893
0.499999 0.292894
0.453396 0.326653
0.13032 0.639001
0.0321982 0.820561
0.850193 0.0779409
0.148676 0.614414
0.263714 0.486469
0.940136 0.0303941
0.910247 0.0459313
0.0637511 0.74751
0.349262 0.409016
0.900274 0.0511725
0.301509 0.450901
0.0206793 0.856197
0.989995 0.00501529
0.490562 0.299599
0.365744 0.395232
0.213885 0.537523
0.207064 0.544958
0.332984 0.422952
0.426263 0.347112
0.800005 0.10557
0.391236 0.374511
0.186974 0.567595
0.970053 0.0150872
0.980025 0.0100378
0.271137 0.479292
0.0541447 0.76731
0.408589 0.360791
0.309266 0.443883
0.180422 0.575238
0.173947 0.58293
0.00093439 0.969432
0.890276 0.0564556
0.481153 0.306348
0.234833 0.515405
0.820067 0.0944246
0.0687531 0.737792
0.0405798 0.798556
0.0449767 0.787923
0.950107 0.0252654
0.317102 0.436882
0.357494 0.402092
0.810022 0.0999878
0.0898437 0.700261
0.106693 0.673361
0.161197 0.598507
0.382644 0.381418
0.435207 0.340298
0.0790807 0.718787
0.0738549 0.728238
0.0282096 0.832043
0.249115 0.500886
0.136381 0.630701
0.241925 0.508142
0.0494969 0.777521
0.0138047 0.882507
0.0953703 0.691179
0.860245 0.0725063
