0.0814506 0.714605
0.0929005 0.695204
0.809539 0.100256
0.187707 0.566748
0.434171 0.341084
0.838398 0.0843593
0.819154 0.0949285
0.483311 0.304795
0.466776 0.31679
0.867705 0.0684931
0.34758 0.41044
0.0546875 0.766146
0.0152122 0.876662
0.161241 0.598452
0.0268969 0.835997
0.174423 0.58236
0.214822 0.536512
0.355309 0.403922
0.32445 0.430395
0.104719 0.676398
0.110737 0.667228
0.95842 0.0210107
0.271701 0.478751
0.28654 0.464706
0.45856 0.32283
0.129248 0.640489
0.294032 0.457753
0.36308 0.397439
0.0401391 0.799652
0.41814 0.353362
0.394361 0.372018
0.141899 0.623305
0.0598038 0.755452
0.917602 0.0420843
0.154721 0.606654
0.0497009 0.777063
0.370863 0.391015
0.181053 0.574497
0.075868 0.724559
0.235675 0.514536
0.93791 0.0315424
0.264384 0.485817
0.887529 0.0579126
0.410179 0.359548
0.450377 0.328898
0.332131 0.423692
0.3865 0.378309
0.148272 0.614939
0.989544 0.00524188
0.378666 0.384641
0.123007 0.649276
0.426142 0.347204
0.0311431 0.823526
0.442249 0.334982
0.0650386 0.744973
0.0448465 0.78823
1 0
0.0871177 0.704843
0.499997 0.292895
0.309181 0.443959
0.475026 0.310779
0.979118 0.0104963
0.207981 0.543951
0.0987686 0.685725
0.00850025 0.907803
0.27909 0.47171
0.301583 0.450834
0.194422 0.559067
0.0703973 0.734675
0.907507 0.0473685
0.116855 0.658159
0.491639 0.29883
0.800003 0.105571
0.201193 0.551454
0.167798 0.590368
0.035558 0.811432
0.948171 0.0262595
0.00303506 0.944909
0.857883 0.0737804
0.257109 0.492941
0.228669 0.521806
0.249901 0.500099
0.927743 0.0368056
0.848134 0.0790583
0.968736 0.0157561
0.00102166 0.968037
0.877581 0.0632072
0.135543 0.631838
0.00557651 0.925324
0.011726 0.891713
0.339841 0.417042
0.402252 0.365767
2.63259e-07 0.999487
0.0189126 0.862477
0.221717 0.529132
0.316779 0.437168
0.0228149 0.848954
0.828762 0.0896361
0.897509 0.0526307
0.242747 0.507307
