0.132696 0.635725
0.165096 0.59368
0.0293197 0.82877
0.903726 0.0493548
0.856094 0.0747466
0.234765 0.515475
0.178453 0.577563
0.334781 0.421397
0.257084 0.492965
0.846655 0.0798612
0.99033 0.00484699
0.171738 0.585587
0.0522901 0.77133
0.98067 0.00971236
0.00512258 0.928428
0.809261 0.100411
0.350692 0.407807
0.875088 0.0645386
0.894163 0.0543981
0.0380601 0.80491
0.415402 0.355483
0.22024 0.530703
0.192093 0.561715
0.465488 0.317733
0.287683 0.463639
0.151963 0.610176
0.18524 0.569604
0.358711 0.401075
0.0175929 0.867362
0.951766 0.0244151
0.139049 0.627107
0.399068 0.368282
0.145479 0.618584
0.366718 0.394428
0.88462 0.0594578
0.43189 0.342817
0.491318 0.299059
0.0573203 0.760583
0.942172 0.0293446
0.390939 0.374749
0.0959902 0.690177
0.374771 0.387814
0.42362 0.349139
0.0426776 0.793414
0.101912 0.680764
0.126378 0.644503
0.457015 0.323971
0.29544 0.456456
0.326861 0.428282
0.0901325 0.699779
0.107927 0.671477
0.318965 0.43523
0.272275 0.4782
0.0473903 0.782307
0.81855 0.0952622
0.0787165 0.719435
0.961408 0.019486
0.440205 0.336521
0.865572 0.069639
0.0252527 0.841089
0.213096 0.538377
0.00093241 0.969465
0.0843714 0.709533
0.242147 0.507915
1 0
0.303256 0.449313
0.311083 0.442251
0.827896 0.0901123
0.922958 0.039293
0.227459 0.523073
0.342722 0.414576
2.09458e-07 0.999542
0.199028 0.553874
0.913325 0.0443194
0.24957 0.50043
0.0141055 0.881234
0.800001 0.105572
0.971033 0.0145901
0.0731757 0.72949
0.0108398 0.895886
0.206015 0.546111
0.0213539 0.85387
0.279962 0.470886
0.120168 0.653347
0.382831 0.381266
0.00783599 0.911479
0.474062 0.311479
0.482666 0.305258
0.0624597 0.750081
0.448575 0.330243
0.407217 0.361865
0.158503 0.601875
0.033617 0.816651
0.264655 0.485554
0.499999 0.292894
0.932551 0.034313
0.0677848 0.739645
0.00277608 0.947311
0.114013 0.662342
0.837255 0.0849835
