0.181901 0.573502
0.250317 0.499684
0.188467 0.565872
0.49071 0.299493
0.979119 0.0104958
0.325937 0.429091
1 0
0.243151 0.506897
0.0444666 0.789129
0.36685 0.394319
0.418398 0.353163
0.427253 0.346354
0.0236857 0.846098
0.287129 0.464156
0.000871185 0.970484
0.877627 0.0631824
0.0490426 0.778544
0.927774 0.0367897
0.208528 0.543351
0.948136 0.0262772
0.264831 0.485383
0.257567 0.492489
0.0846706 0.709018
0.392282 0.373676
0.236122 0.514076
0.917657 0.0420556
0.454112 0.326122
0.143553 0.621117
0.294691 0.457145
0.00480379 0.930691
0.0586012 0.757923
0.800008 0.105569
0.809569 0.10024
0.0902027 0.699662
0.436155 0.33958
0.334027 0.422049
0.819169 0.0949206
0.989542 0.00524271
0.937906 0.0315444
0.857973 0.0737317
0.222187 0.528633
0.027519 0.834112
0.350304 0.408135
0.897524 0.0526226
0.472309 0.312753
0.0958306 0.690435
0.887555 0.0578986
0.195104 0.558294
0.409598 0.360002
0.400924 0.366814
0.0315182 0.822466
0.201792 0.550787
0.0686606 0.737968
0.279603 0.471225
0.958412 0.0210149
0.46319 0.319419
0.229117 0.521338
0.101539 0.681348
0.358525 0.401231
0.131213 0.637767
0.5 0.292893
1.54133e-07 0.999607
0.175373 0.581224
0.013252 0.884883
0.0026119 0.948893
0.0165271 0.871442
0.375246 0.387427
0.137356 0.629385
0.828785 0.089624
0.1689 0.589026
0.310172 0.443069
0.0101794 0.899107
0.302403 0.450089
0.481463 0.306125
0.848202 0.079021
0.125139 0.646251
0.00734097 0.914321
0.162488 0.596901
0.119137 0.654838
0.272197 0.478275
0.107332 0.672384
0.0738935 0.728166
0.383731 0.38054
0.907558 0.0473417
0.838491 0.0843086
0.0537641 0.768129
0.867758 0.0684646
0.149816 0.612939
0.0792296 0.718522
0.968723 0.0157626
0.445113 0.332832
0.318008 0.436078
0.0400211 0.799947
0.0356973 0.811063
0.156119 0.604881
0.0199937 0.858601
0.342103 0.415105
0.0635558 0.747897
0.113197 0.663552
0.215322 0.535972
