0.199352 0.553512
0.989465 0.00528128
0.838288 0.0844191
0.499998 0.292895
0.0608596 0.753303
0.371389 0.390583
0.363419 0.397158
0.917257 0.0422648
0.403369 0.364887
0.483812 0.304434
0.21356 0.537874
0.23508 0.515149
0.8 0.105573
0.331996 0.423809
0.33976 0.417111
0.475719 0.310276
0.137568 0.629098
0.387362 0.377616
0.968601 0.0158249
0.0660887 0.742923
0.355482 0.403777
0.0823978 0.71295
0.20646 0.545622
0.819071 0.0949748
0.294015 0.457768
0.395378 0.371209
0.427467 0.34619
0.0370719 0.807459
0.192251 0.561535
0.809517 0.100268
0.0939322 0.693516
1 0
0.301497 0.450912
0.0881022 0.70318
0.0415486 0.796165
0.897099 0.0528469
0.947838 0.0264305
0.0137346 0.882805
0.286587 0.464662
0.15764 0.602961
0.978988 0.010562
0.0558047 0.76377
0.857662 0.0738998
0.227883 0.522629
0.171321 0.586091
0.0327368 0.819067
0.937594 0.0317054
0.112027 0.665296
0.0768555 0.722772
0.0998687 0.68398
0.877207 0.0634066
0.0461704 0.785127
0.867363 0.0686768
0.0285302 0.831091
0.271759 0.478695
0.185273 0.569566
0.249615 0.500385
0.000909042 0.96985
0.379342 0.384093
0.105914 0.674556
0.927376 0.0369964
0.14418 0.620289
0.00762592 0.912674
0.491903 0.298642
0.118273 0.656092
0.887129 0.0581249
0.828645 0.0897007
0.00497984 0.929432
0.419454 0.352347
0.435475 0.340095
0.309037 0.444089
0.95822 0.0211129
0.256989 0.493059
0.0714048 0.732783
0.316627 0.437304
0.010542 0.897326
0.347583 0.410438
0.443493 0.334047
0.451622 0.327972
0.220671 0.530244
1.82214e-07 0.999573
0.150871 0.611579
0.0509176 0.774351
0.178272 0.577778
0.164457 0.594468
0.124619 0.646987
0.324276 0.430547
0.0207401 0.855986
0.411398 0.358597
0.467676 0.316132
0.459643 0.32203
0.024525 0.843396
0.279164 0.47164
0.0171448 0.869062
0.131036 0.638011
0.264378 0.485823
0.0027017 0.948022
0.84794 0.0791633
0.242365 0.507695
0.90715 0.0475558
