0.146071 0.617808
0.254325 0.495694
0.19882 0.554107
0.0851594 0.708179
0.491195 0.299147
0.923817 0.0388458
0.885531 0.0589734
0.0533775 0.768964
0.971465 0.014371
0.0437384 0.790863
0.370556 0.391267
0.0113581 0.893425
0.00291684 0.945992
0.0391227 0.802205
0.473655 0.311774
0.114617 0.661449
0.809403 0.100332
0.21241 0.539121
0.139651 0.6263
0.268873 0.48147
0.0183718 0.864457
0.942924 0.0289572
0.00821698 0.909352
0.818824 0.0951111
0.283661 0.467402
0.058384 0.758372
0.456185 0.324585
0.306399 0.446467
0.866378 0.069206
0.291166 0.460402
0.298752 0.453418
0.362221 0.398152
0.914284 0.0438178
0.205611 0.546556
0.192101 0.561707
0.482418 0.305437
0.079566 0.717926
0.847287 0.0795182
0.165539 0.593135
0.321947 0.432596
0.499995 0.292896
0.00097637 0.968753
0.378945 0.384415
0.421552 0.35073
0.172114 0.585133
0.904708 0.0488385
0.387381 0.3776
0.837765 0.0847051
0.828277 0.0899027
0.0635026 0.748003
0.447509 0.331039
0.96194 0.0192144
0.276224 0.47443
0.98099 0.00955038
0.800001 0.105572
0.430174 0.344123
0.0741014 0.727784
0.240123 0.509977
1 0
0.0687549 0.737788
0.314128 0.439529
0.0303454 0.825801
0.120774 0.652475
0.345854 0.411906
0.895142 0.0538808
0.09085 0.698587
0.354012 0.405011
3.96754e-08 0.999801
0.158978 0.601279
0.0221884 0.851042
0.329851 0.425673
0.0966423 0.689127
0.412956 0.357384
0.856813 0.0743583
0.133289 0.634913
0.990484 0.00476932
0.185399 0.56942
0.152501 0.609486
0.00537904 0.926658
0.108541 0.670545
0.95243 0.0240748
0.39585 0.370834
0.247196 0.502812
0.178732 0.577233
0.0484935 0.779788
0.127001 0.643628
0.226192 0.524404
0.875959 0.0640733
0.404379 0.364092
0.0147523 0.878541
0.219286 0.53172
0.0346614 0.813824
0.0261844 0.838184
0.261538 0.488592
0.464903 0.318162
0.337794 0.418799
0.233126 0.517169
0.438828 0.337559
0.933389 0.0338794
0.102556 0.679756
