0.958326 0.0210585
0.897469 0.0526513
0.325732 0.429271
0.295295 0.456589
0.41305 0.357311
1 0
0.800005 0.10557
0.0432757 0.791972
0.265297 0.48493
0.948023 0.0263351
0.364472 0.396285
0.438288 0.337967
0.0622121 0.750576
0.0302629 0.826038
0.380381 0.38325
0.00832805 0.908742
0.858052 0.0736891
0.00545692 0.926129
0.372389 0.389763
0.86782 0.0684312
0.396548 0.370279
0.302893 0.449643
0.19333 0.560307
0.31807 0.436023
0.8386 0.084249
0.0882061 0.703005
0.0148654 0.878076
0.214276 0.5371
0.927598 0.0368813
0.47305 0.312213
0.0937096 0.69388
0.404747 0.363802
0.45552 0.325077
0.979054 0.0105284
0.257855 0.492206
0.907448 0.0473992
0.0388131 0.80299
0.446838 0.33154
0.0344763 0.814322
0.917505 0.0421351
0.887546 0.0579034
0.429759 0.34444
6.90688e-08 0.999737
0.828911 0.0895546
0.877638 0.0631768
0.0723049 0.731104
0.235822 0.514385
0.147202 0.616331
0.81925 0.094876
0.0525432 0.770777
0.272759 0.477736
0.221399 0.529469
0.28025 0.470613
0.989512 0.00525791
0.848307 0.078964
0.3334 0.422592
0.00297093 0.945494
0.243129 0.506919
0.0114718 0.892893
0.809618 0.100212
0.0775021 0.721608
0.0573252 0.760573
0.159991 0.600011
0.341092 0.415969
0.0827962 0.712257
0.968671 0.0157893
0.0222345 0.850888
0.0478568 0.781238
0.356627 0.402818
0.481983 0.30575
0.116625 0.658496
0.490952 0.29932
0.0184525 0.86416
0.200218 0.552542
0.464242 0.318647
0.388396 0.376786
0.287766 0.463562
0.250461 0.49954
0.348845 0.409369
0.0671948 0.74078
0.140931 0.624593
0.937772 0.0316136
0.110765 0.667186
0.153551 0.608144
0.228584 0.521896
0.128603 0.641387
0.000995727 0.968445
0.104988 0.675982
0.16651 0.591943
0.310476 0.442797
0.179769 0.576008
0.499987 0.292902
0.421374 0.350867
0.0261757 0.838211
0.122577 0.64989
0.0992919 0.684894
0.207217 0.544789
0.134727 0.632948
0.186508 0.568135
0.17311 0.583935
