0.397045 0.369885
0.143733 0.620879
0.125844 0.645255
0.00496153 0.929562
0.317968 0.436114
0.945757 0.0274996
0.380756 0.382946
0.861428 0.0718687
0.447467 0.33107
0.108553 0.670526
0.892687 0.055179
0.430432 0.343927
0.0504163 0.775464
0.333325 0.422657
0.310353 0.442907
0.840803 0.0830467
0.830552 0.0886539
0.114279 0.661949
0.201524 0.551086
0.15601 0.605019
0.413609 0.356875
0.215172 0.536134
0.348907 0.409316
0.222162 0.52866
0.0863298 0.706181
0.055252 0.764943
0.341088 0.415973
0.14983 0.612921
0.0411869 0.797054
0.137691 0.628933
0.491102 0.299213
0.903187 0.0496382
0.49999 0.292901
0.924404 0.0385406
0.27283 0.477669
0.265454 0.484778
0.95654 0.0219716
0.102892 0.679233
0.22922 0.521231
0.181539 0.573926
0.356764 0.402702
0.851099 0.0774498
0.0324938 0.81974
0.913769 0.0440874
0.0367762 0.808229
1 0
0.935061 0.0330143
0.280266 0.470598
0.405291 0.363375
0.175053 0.581606
0.0756389 0.724975
0.131729 0.637055
0.464736 0.318285
0.0136634 0.883109
0.0457263 0.786163
0.0972902 0.688086
0.325623 0.429366
0.287742 0.463585
0.30277 0.449755
0.0917824 0.697044
0.989104 0.00546277
0.29523 0.456649
0.372692 0.389515
0.456069 0.324671
0.00269372 0.948099
0.258111 0.491954
0.250805 0.499196
0.243546 0.506496
0.0170504 0.869423
0.188108 0.566286
0.00758141 0.912929
0.0244183 0.843736
0.162281 0.597158
0.978204 0.0109579
0.421991 0.350391
0.208329 0.54357
0.0206487 0.856304
0.482265 0.305547
0.194773 0.55867
0.0283692 0.831568
0.810154 0.0999144
0.0703951 0.734679
1.66436e-07 0.999592
0.871813 0.0662906
0.820334 0.0942769
0.0105042 0.89751
0.364724 0.396076
0.882253 0.0607167
0.0809573 0.71547
0.473475 0.311905
0.0652536 0.744552
0.000906285 0.969895
0.168608 0.589382
0.8 0.105573
0.388881 0.376397
0.236349 0.513842
0.967337 0.0164669
0.060201 0.754641
0.438928 0.337483
0.120027 0.653551
