0.887747 0.112253
0.444804 0.555196
0.219714 0.780286
0.807311 0.192689
0.47259 0.52741
0.814616 0.185384
0.125808 0.874192
0.416502 0.583498
0.97941 0.0205903
0.0830714 0.916929
0.241472 0.758528
0.358688 0.641312
0.285127 0.714873
0.15465 0.84535
0.307116 0.692884
0.147417 0.852583
0.821932 0.178068
0.27784 0.72216
0.0690228 0.930977
0.0412298 0.95877
0.865934 0.134066
0.0136578 0.986342
0.076045 0.923955
0.0972389 0.902761
0.0551196 0.94488
0.465699 0.534301
0.344002 0.655998
0.0274061 0.972594
0.351346 0.648654
0.336614 0.663386
0.930507 0.0694929
0.409396 0.590604
0.38055 0.61945
0.958643 0.0413568
0.944615 0.0553855
0.132985 0.867015
0.993151 0.00684925
0.292428 0.707572
0.0620347 0.937965
0.111458 0.888542
0.32922 0.67078
0.270562 0.729438
0.873205 0.126795
0.226953 0.773047
0.800003 0.199997
0.299771 0.700229
0.937582 0.0624183
0.92345 0.0765498
0.263286 0.736714
0.402211 0.597789
0.212472 0.787528
0.205238 0.794762
0.451815 0.548185
0.104326 0.895674
0.486319 0.513681
0.423554 0.576446
0.858633 0.141367
0.986279 0.0137211
0.00683413 0.993166
0.851283 0.148717
0.118607 0.881393
0.190799 0.809201
0.836599 0.163401
0.256009 0.743991
0.437673 0.562327
0.183573 0.816427
0.82926 0.17074
0.321841 0.678159
0.198022 0.801978
0.395024 0.604976
0.96558 0.0344197
1 0
0.458759 0.541241
0 1
0.909256 0.090744
0.479475 0.520525
0.365997 0.634003
0.387796 0.612204
0.176341 0.823659
0.430632 0.569368
0.493164 0.506836
0.499999 0.500001
0.140195 0.859805
0.0205092 0.979491
0.373302 0.626698
0.97249 0.0275102
0.843947 0.156053
0.8805 0.1195
0.314475 0.685525
0.916361 0.0836395
0.234207 0.765793
0.902132 0.0978678
0.894939 0.105061
0.169116 0.830884
0.161885 0.838115
0.95167 0.0483303
0.248736 0.751264
0.0342908 0.965709
0.0481784 0.951822
0.0901436 0.909856
