0.346616 0.653384
0.906465 0.0935346
0.310673 0.689327
0.289415 0.710585
0.483997 0.516003
0.32494 0.67506
0.184947 0.815053
0.84921 0.15079
0.957121 0.0428791
0.892032 0.107969
0.171381 0.828619
0.383404 0.616596
0.275292 0.724708
0.137755 0.862245
0.268241 0.731759
0.361275 0.638725
0.842144 0.157856
0 1
0.421277 0.578723
0.429026 0.570974
0.157919 0.842081
0.856323 0.143677
0.178147 0.821853
0.468123 0.531877
0.0767148 0.923285
0.8 0.2
0.131041 0.868959
0.863436 0.136564
0.303586 0.696414
0.226228 0.773772
0.247134 0.752866
0.353902 0.646099
0.332153 0.667847
0.406012 0.593988
0.368566 0.631434
0.390916 0.609084
0.476025 0.523975
0.144472 0.855528
0.870574 0.129426
0.828027 0.171973
0.0698235 0.930177
0.964321 0.0356788
0.913729 0.0862711
0.877709 0.122291
0.452372 0.547628
0.296491 0.703509
0.398402 0.601598
0.0835718 0.916428
0.0972348 0.902765
0.460221 0.539779
0.971495 0.0285049
0.821009 0.178992
0.835075 0.164925
0.0140503 0.98595
0.806982 0.193018
0.491968 0.508032
1 0
0.261182 0.738818
0.375981 0.624019
0.920985 0.0790145
0.992889 0.007111
0.124325 0.875675
0.92824 0.0717602
0.942723 0.0572771
0.413597 0.586403
0.164629 0.835371
0.0490547 0.950945
0.0560073 0.943993
0.219299 0.780701
0.978637 0.0213628
0.935493 0.0645073
0.0629289 0.937071
0.00702603 0.992974
0.19179 0.80821
0.444567 0.555433
0.884878 0.115122
0.254147 0.745853
0.282351 0.717649
0.0210592 0.978941
0.090397 0.909603
0.104046 0.895954
0.205492 0.794508
0.110812 0.889188
0.985778 0.0142222
0.499994 0.500006
0.117581 0.882419
0.240142 0.759858
0.813975 0.186025
0.436787 0.563213
0.198638 0.801362
0.949936 0.0500641
0.233154 0.766846
0.212368 0.787632
0.0350945 0.964906
0.0280781 0.971922
0.0421101 0.95789
0.15118 0.84882
0.317785 0.682216
0.899228 0.100772
0.339381 0.660619
