0.0815001 0.9185
0.829553 0.170447
0.446331 0.553669
0.972403 0.0275971
0.484518 0.515482
0.814846 0.185154
0.5 0.5
0.836911 0.163089
0.277558 0.722442
0.844241 0.155759
0.453889 0.546111
0.92341 0.0765901
0.335721 0.664279
0.930473 0.0695274
0.29938 0.70062
0.31395 0.68605
0.880577 0.119423
0.916331 0.0836687
0.12944 0.87056
0.0405662 0.959434
0.993117 0.00688324
0.416227 0.583773
0.292089 0.707911
0.0134848 0.986515
0.851546 0.148454
0.88778 0.11222
0.0202665 0.979734
0.379294 0.620706
0.220123 0.779877
0.143219 0.856781
0.227222 0.772778
0.408797 0.591203
0.866101 0.133899
0.401403 0.598597
0.9585 0.0415001
0.095193 0.904807
0.306676 0.693324
0.902136 0.0978641
0.951521 0.0484791
1 0
0.136326 0.863674
0.241498 0.758502
0.423705 0.576295
0.321218 0.678782
0.909214 0.0907862
0.342972 0.657028
0.937545 0.0624549
0.0270389 0.972961
0.163994 0.836006
0.476819 0.523181
0.350222 0.649778
0.37201 0.62799
0.191919 0.808081
0.386645 0.613355
0.18492 0.81508
0.469138 0.530862
0.150124 0.849876
0.364705 0.635295
0.0883471 0.911653
0.108881 0.891119
0.177944 0.822056
0.115727 0.884273
0.894976 0.105024
0.0678274 0.932173
0.328474 0.671526
0.102033 0.897967
0.0609837 0.939016
0.25583 0.74417
0.170955 0.829045
0.96548 0.0345203
0.97932 0.0206804
0.438731 0.561269
0.357461 0.642539
0.873397 0.126603
0.270289 0.729711
0.80743 0.19257
0.157065 0.842935
0.858846 0.141155
0 1
0.054167 0.945833
0.284817 0.715183
0.205988 0.794012
0.248644 0.751356
0.234355 0.765645
0.461491 0.538509
0.122583 0.877417
0.986225 0.0137751
0.00673971 0.99326
0.822195 0.177805
0.800001 0.199999
0.0746623 0.925338
0.944562 0.0554381
0.394015 0.605985
0.198918 0.801082
0.492247 0.507753
0.263047 0.736953
0.431217 0.568783
0.213019 0.786981
0.0473625 0.952637
0.0337885 0.966211
