0.16374 0.83626
0.277722 0.722278
0.829154 0.170846
0.263768 0.736232
0.872384 0.127616
0.836372 0.163628
0.499995 0.500006
0.484897 0.515103
0.921926 0.0780741
0.0845842 0.915416
0.425584 0.574416
0.403744 0.596256
0.893717 0.106283
0.440197 0.559803
0.971474 0.0285255
0.13481 0.86519
0.256779 0.743221
0.0988789 0.901121
0.3055 0.6945
0.936032 0.0639681
0.886635 0.113365
0.907832 0.0921679
0.375302 0.624698
0.0280174 0.971983
0.454951 0.545049
0.340189 0.659811
0.1565 0.8435
0.469927 0.530073
0.27074 0.72926
0.807303 0.192697
0.333243 0.666757
0.38949 0.61051
0.106048 0.893952
0.221408 0.778592
0.354198 0.645802
0.964369 0.0356314
0.978596 0.0214039
0.492438 0.507562
0.411044 0.588956
0.228518 0.771482
0.242692 0.757308
0.042077 0.957923
0.90078 0.0992196
0.418307 0.581693
0.127597 0.872403
0.992861 0.00713882
0.0210064 0.978994
0.843592 0.156408
0.113222 0.886778
0.865224 0.134776
0.347187 0.652813
0.291644 0.708356
0.0491294 0.950871
0.178247 0.821753
0.120409 0.879591
0.361209 0.638791
0.850817 0.149183
0.447569 0.552431
0.319356 0.680644
0.47741 0.52259
0.462394 0.537606
0.814595 0.185405
0.950198 0.0498025
0.091716 0.908284
0.185468 0.814532
0.0774524 0.922548
0.858046 0.141954
0.368248 0.631752
0.957274 0.0427261
0.0139964 0.986004
0.0350464 0.964954
0.171003 0.828997
0.207093 0.792907
0.800004 0.199996
0.298574 0.701426
0.149262 0.850738
0.985722 0.0142779
0.326291 0.673709
1 0
0.396624 0.603376
0.879516 0.120484
0 1
0.142038 0.857962
0.249731 0.750269
0.43284 0.56716
0.21427 0.78573
0.312413 0.687587
0.928983 0.0710173
0.94311 0.0568903
0.0632797 0.93672
0.821884 0.178116
0.00699729 0.993003
0.192692 0.807308
0.235612 0.764388
0.382371 0.617629
0.199894 0.800106
0.284712 0.715288
0.914877 0.0851233
0.0562026 0.943797
0.070353 0.929647
