0.127079 0.872921
0.0710647 0.928935
0.985321 0.0146791
0.48593 0.51407
0.196106 0.803894
0.478943 0.521057
0.367339 0.632661
0.992664 0.0073364
0.338948 0.661052
0.161594 0.838406
0.844764 0.155236
0.437138 0.562862
0.409374 0.590626
0.259731 0.740269
0.288545 0.711455
0.955882 0.0441185
0.231168 0.768832
0.331784 0.668216
0.926265 0.0737346
0.134007 0.865993
0.303052 0.696948
0.0640093 0.935991
0.948481 0.0515193
0.00712795 0.992872
0.0569192 0.943081
0.444087 0.555913
0.402401 0.597599
0.317427 0.682573
0.0213698 0.97863
0.430198 0.569802
0.464974 0.535026
0.252537 0.747463
0.829898 0.170102
0.933674 0.0663262
0.859565 0.140435
0.210043 0.789957
0.814971 0.185029
0.970615 0.029385
0.423257 0.576743
0.0498341 0.950166
0.203062 0.796938
0.800001 0.199999
0.458005 0.541995
0.471955 0.528045
0.346063 0.653937
0.0356145 0.964386
0.0284958 0.971504
0.416315 0.583685
0.266913 0.733087
0.147821 0.852179
0.168469 0.831531
0.451043 0.548957
1 0
0.295797 0.704203
0.0922174 0.907783
0.0851736 0.914826
0.0992091 0.900791
0.837338 0.162662
0.120135 0.879865
0.91142 0.0885801
0.903994 0.0960064
0.18915 0.81085
0.395416 0.604584
0.18222 0.817781
0.0142496 0.98575
0.374409 0.625591
0.175343 0.824657
0.388437 0.611563
0.963246 0.0367539
0.217088 0.782912
0.889164 0.110836
0.977986 0.0220138
0.49296 0.50704
0.360258 0.639742
0.224101 0.775899
0.874358 0.125642
0.28133 0.71867
0.0781136 0.921886
0.822441 0.177559
0.866961 0.133039
0 1
0.274131 0.725869
0.852173 0.147827
0.11317 0.88683
0.140913 0.859087
0.310245 0.689755
0.35319 0.64681
0.896571 0.103429
0.918844 0.0811564
0.324624 0.675376
0.881752 0.118248
0.499997 0.500003
0.154708 0.845292
0.381424 0.618576
0.941093 0.0589072
0.245403 0.754597
0.10618 0.89382
0.807493 0.192507
0.0427243 0.957276
0.238265 0.761735
