0.928752 0.0712482
0.0924248 0.907575
0.193051 0.806949
0.906808 0.0931922
0.861655 0.138345
0.234454 0.765546
0.884393 0.115607
0.4049 0.5951
0.0140617 0.985938
0.441172 0.558828
0.492647 0.507353
0.397753 0.602247
0.178936 0.821064
0.846375 0.153625
0.22082 0.77918
0.106919 0.893081
0.0996596 0.90034
0.0423257 0.957674
0.335002 0.664998
0.207041 0.792959
0.0636958 0.936304
0.241226 0.758774
0.455879 0.544121
0.348668 0.651332
0.950448 0.0495524
0.992972 0.00702809
0.121451 0.878549
0.964708 0.0352917
0.164715 0.835285
0.114184 0.885816
0.32143 0.67857
0.499998 0.500002
0.248041 0.751959
0.0565837 0.943416
0.390648 0.609352
0.876814 0.123186
0.34178 0.65822
0.815548 0.184452
0.0780191 0.921981
0.135933 0.864067
0.128699 0.871301
0.254742 0.745258
0.943218 0.0567816
0.914201 0.0857995
0.0352308 0.964769
0.854047 0.145953
0.301282 0.698718
0.0852254 0.914775
0.978919 0.0210805
0.807791 0.192209
0.362488 0.637512
0.957604 0.0423965
0.985963 0.0140375
0.261471 0.738529
0.376525 0.623475
0.0494511 0.950549
0.369502 0.630498
0.485299 0.514701
0.314715 0.685285
0.186031 0.813969
0.891881 0.108119
0.157561 0.842439
0.463242 0.536758
0.89936 0.10064
0.971842 0.0281582
0.328211 0.671789
0.213951 0.786049
0.171832 0.828168
0.0708351 0.929165
0.831004 0.168996
0.274773 0.725227
0.227661 0.772339
0.383563 0.616437
0.00701838 0.992982
0.143143 0.856857
1 0
0.426595 0.573405
0.470598 0.529402
0.477952 0.522048
0.800001 0.199999
0.936 0.064
0.268124 0.731876
0.921494 0.0785064
0.838683 0.161317
0 1
0.823308 0.176692
0.419342 0.580658
0.433868 0.566132
0.150351 0.849649
0.355611 0.644389
0.448521 0.551479
0.281414 0.718586
0.30799 0.69201
0.412118 0.587882
0.0210905 0.97891
0.869218 0.130782
0.200071 0.799929
0.294637 0.705364
0.0281676 0.971832
0.288031 0.711969
