0.986783 0.0132168
0.966837 0.0331632
0.842253 0.157747
0.196631 0.803369
0.905488 0.0945125
0.89147 0.10853
0.0509478 0.949052
0.124191 0.87581
1 0
0.898474 0.101526
0.395957 0.604043
0.210942 0.789058
0.331808 0.668192
0.814061 0.185939
0.116892 0.883108
0.246653 0.753347
0.388714 0.611286
0.863425 0.136575
0.0655821 0.934418
0.043645 0.956355
0.374341 0.625659
0.131466 0.868534
0.447239 0.552761
0.425086 0.574914
0.99339 0.00660977
0.953427 0.046573
0.835202 0.164798
0.477285 0.522715
0.432422 0.567578
0.360087 0.639913
0.462227 0.537773
0.094893 0.905107
0.912488 0.087512
0.821093 0.178907
0.800004 0.199996
0.146041 0.853959
0.877517 0.122483
0.0729008 0.927099
0.933129 0.066871
0.167813 0.832187
0.807036 0.192964
0.218085 0.781915
0.849308 0.150692
0.0802275 0.919772
0.381507 0.618493
0.0875607 0.912439
0.00726143 0.992739
0.338864 0.661136
0.926264 0.0737359
0.175052 0.824948
0.946669 0.0533313
0.828137 0.171863
1.13164e-18 1
0.884541 0.115459
0.870475 0.129525
0.23237 0.76763
0.973522 0.0264783
0.0290685 0.970932
0.856367 0.143633
0.469709 0.530291
0.303578 0.696422
0.160561 0.839439
0.0145267 0.985473
0.282299 0.717701
0.036354 0.963646
0.182283 0.817717
0.410484 0.589516
0.225228 0.774772
0.275184 0.724816
0.484846 0.515154
0.189457 0.810543
0.138758 0.861242
0.454768 0.545232
0.253793 0.746207
0.499999 0.500001
0.203796 0.796204
0.439806 0.560194
0.98015 0.0198499
0.31065 0.68935
0.0582665 0.941733
0.289417 0.710583
0.417769 0.582231
0.324758 0.675242
0.939959 0.0600406
0.345922 0.654078
0.102228 0.897772
0.239512 0.760488
0.367213 0.632787
0.0217974 0.978203
0.153306 0.846694
0.29651 0.70349
0.109558 0.890442
0.403228 0.596772
0.49241 0.50759
0.919382 0.0806178
0.260933 0.739067
0.268058 0.731942
0.960154 0.0398457
0.317699 0.682301
0.353009 0.646991
