0.214732 0.785268
0.841121 0.158879
0.113216 0.886784
0.478679 0.521321
0.236561 0.763439
0.421586 0.578414
0.0425448 0.957455
0.200113 0.799887
0.192797 0.807203
0.827331 0.172669
0.207422 0.792578
0.450191 0.549809
0.0213057 0.978694
0.955443 0.0445572
0.134693 0.865307
0.322268 0.677732
0.293956 0.706044
0.170884 0.829116
0.414426 0.585574
0.93338 0.0666204
0.156353 0.843647
0.806794 0.193206
0.926091 0.0739088
0.371668 0.628332
0.0495985 0.950401
0.265413 0.734587
0.30104 0.69896
0.0284009 0.971599
0.0990073 0.900993
0.861985 0.138015
0.820471 0.179529
0.992563 0.0074368
0.378753 0.621247
0.890158 0.109842
0.485784 0.514216
0.428742 0.571258
0.948087 0.0519135
4.27718e-17 1
0.407291 0.592709
0.222033 0.777967
0.911606 0.0883943
0.315199 0.684801
0.149105 0.850895
0.251031 0.748969
0.904399 0.0956014
0.400134 0.599866
0.0707506 0.929249
0.91882 0.0811805
0.141882 0.858118
0.813651 0.186349
0.970255 0.0297454
0.985121 0.0148794
0.0354858 0.964514
1 0
0.977683 0.0223173
0.875991 0.124009
0.336371 0.663629
0.392996 0.607004
0.243825 0.756175
0.279687 0.720313
0.22932 0.77068
0.364593 0.635407
0.897266 0.102734
0.185471 0.814529
0.848095 0.151905
0.940707 0.0592932
0.329316 0.670684
0.077801 0.922199
0.286855 0.713145
0.272567 0.727433
0.492889 0.507111
0.0848525 0.915147
0.800001 0.199999
0.868981 0.131019
0.0142166 0.985783
0.499997 0.500003
0.178154 0.821846
0.350469 0.649531
0.343422 0.656578
0.106137 0.893863
0.357525 0.642475
0.0637089 0.936291
0.443059 0.556941
0.163609 0.836391
0.834235 0.165765
0.127519 0.872481
0.0566473 0.943353
0.471575 0.528425
0.120364 0.879636
0.435906 0.564094
0.385883 0.614118
0.0919246 0.908075
0.258217 0.741783
0.464457 0.535543
0.30813 0.69187
0.962855 0.0371449
0.00711401 0.992886
0.855007 0.144993
0.883048 0.116952
0.457332 0.542668
