0.379252 0.620748
0.015403 0.984597
0.365439 0.634561
0.280253 0.719747
0.958043 0.0419573
0.287497 0.712503
0.169222 0.830778
0.986041 0.0139594
0.34453 0.65547
0.236212 0.763788
0.38613 0.61387
0.0231104 0.97689
0.0385432 0.961457
0.840802 0.159198
0.800001 0.199999
0.413368 0.586632
0.453637 0.546363
0.847588 0.152412
0.0617629 0.938237
0.923078 0.076922
0.993017 0.00698266
0.806823 0.193177
0.228799 0.771201
0.466911 0.53309
0.979049 0.020951
0.406589 0.593411
0.874832 0.125168
0.154129 0.845871
0.184207 0.815793
0.138909 0.861091
0.820432 0.179568
0.97205 0.0279501
0 1
0.330428 0.669572
0.37238 0.62762
0.265609 0.734391
0.221423 0.778577
0.1159 0.8841
0.0927817 0.907218
0.250941 0.749059
0.440276 0.559724
0.0695278 0.930472
0.460276 0.539724
0.00769598 0.992304
0.309118 0.690882
0.951031 0.0489691
0.191696 0.808304
0.493382 0.506618
0.17672 0.82328
0.827235 0.172765
0.392998 0.607002
0.131286 0.868714
0.888532 0.111468
0.881671 0.118329
0.916145 0.0838547
0.965051 0.0349493
0.214009 0.785991
0.937048 0.0629524
0.146536 0.853464
0.473536 0.526464
0.161676 0.838324
0.301902 0.698098
0.480149 0.519851
0.834024 0.165976
0.861173 0.138827
0.100505 0.899495
0.902281 0.0977188
0.243583 0.756417
0.399801 0.600199
1 0
0.486763 0.513237
0.0308336 0.969166
0.867987 0.132013
0.337535 0.662465
0.0850435 0.914957
0.420095 0.579905
0.123621 0.876379
0.054015 0.945985
0.854367 0.145633
0.258293 0.741707
0.944019 0.0559809
0.294713 0.705287
0.0772857 0.922714
0.358501 0.641499
0.199163 0.800837
0.206591 0.793409
0.909176 0.0908239
0.323317 0.676683
0.316201 0.683799
0.446975 0.553025
0.351567 0.648433
0.433571 0.566429
0.5 0.5
0.895405 0.104595
0.426842 0.573158
0.272928 0.727072
0.930065 0.0699352
0.0462816 0.953718
0.108205 0.891795
0.813624 0.186376
