0.265232 0.734768
0.321888 0.678112
0.336215 0.663785
0.0769964 0.923004
0.196079 0.803921
0.48451 0.51549
0.394118 0.605882
0.85673 0.14327
0.020822 0.979178
0.286375 0.713625
0.365008 0.634992
0.884911 0.115089
0.94181 0.0581902
0.35058 0.64942
0.0557698 0.94423
0.279318 0.720682
0.800003 0.199997
0.30052 0.69948
0.237401 0.762599
0.161533 0.838467
0.906127 0.0938725
0.978082 0.0219183
0.0138758 0.986124
0.126532 0.873468
0.209827 0.790173
0.133578 0.866422
0.476838 0.523162
0.0277887 0.972211
0.899028 0.100972
0.949025 0.0509749
0.807112 0.192888
0.140561 0.859439
0.372252 0.627749
0.175377 0.824623
0.438674 0.561326
0.343382 0.656618
0.272279 0.727721
0.446244 0.553756
0.0417608 0.958239
0.105362 0.894638
0.230476 0.769524
0.849674 0.150326
0 1
0.835512 0.164488
0.956262 0.0437381
0.379507 0.620493
0.0628298 0.93717
0.0911862 0.908814
0.963524 0.0364761
0.842597 0.157403
0.401478 0.598522
0.970802 0.029198
0.314752 0.685248
0.357778 0.642222
0.992689 0.00731087
0.0982741 0.901726
0.0699115 0.930089
0.0347669 0.965233
0.985384 0.0146162
0.189183 0.810817
0.182277 0.817723
0.863787 0.136213
0.416276 0.583724
0.251276 0.748724
0.891955 0.108045
0.492245 0.507755
0.453819 0.546181
1 0
0.408881 0.591119
0.244318 0.755682
0.828423 0.171577
0.927496 0.0725044
0.329034 0.670966
0.877867 0.122133
0.147556 0.852444
0.920379 0.079621
0.11949 0.88051
0.216702 0.783298
0.3868 0.6132
0.223592 0.776408
0.821326 0.178674
0.870828 0.129172
0.258252 0.741748
0.461462 0.538538
0.168473 0.831527
0.469172 0.530828
0.00692836 0.993072
0.934659 0.0653412
0.0840889 0.915911
0.048756 0.951244
0.913246 0.0867536
0.20295 0.79705
0.307626 0.692374
0.43119 0.56881
0.423759 0.576241
0.499996 0.500004
0.29343 0.70657
0.15453 0.84547
0.112439 0.887561
0.814221 0.185779
