0.370642 0.629358
0.393526 0.606474
0.385904 0.614096
0.903247 0.0967533
0.118407 0.881593
0.958634 0.0413656
0.800002 0.199998
0.923975 0.0760251
0.94479 0.0552104
0.0274455 0.972555
0.244988 0.755012
0.281055 0.718945
0.855234 0.144766
0.965552 0.034448
0.0481804 0.95182
0.0620818 0.937918
0.986257 0.0137434
0.146659 0.853341
0.202687 0.797313
0.499995 0.500005
0.273764 0.726236
0.875783 0.124217
0.469438 0.530562
0.834605 0.165395
0.125483 0.874517
0.882627 0.117373
0.310437 0.689563
0.28837 0.71163
0.295693 0.704307
0.076057 0.923943
0.347893 0.652107
0.139612 0.860389
0.951723 0.0482769
0.174737 0.825263
0.484712 0.515288
0.209682 0.790318
0.31785 0.68215
0.910139 0.0898612
0.340325 0.659675
0.841493 0.158507
0.167738 0.832262
0.259324 0.740676
0.111321 0.888679
0.806962 0.193038
0.868935 0.131065
0.266528 0.733472
0.0551383 0.944862
0.972462 0.027538
0.0690765 0.930924
0.492354 0.507646
0.195696 0.804304
0.408746 0.591254
0.47707 0.52293
0.18871 0.81129
0.416328 0.583672
0.93785 0.0621502
8.49743e-18 1
0.237887 0.762113
0.44664 0.55336
0.090127 0.909873
0.00684708 0.993153
0.820817 0.179183
0.216688 0.783312
0.896365 0.103635
1 0
0.104235 0.895765
0.431502 0.568498
0.930912 0.0690883
0.848377 0.151623
0.917045 0.0829546
0.45422 0.54578
0.0343595 0.965641
0.132552 0.867448
0.82772 0.17228
0.355433 0.644567
0.0830825 0.916918
0.993135 0.0068651
0.153691 0.846309
0.363038 0.636962
0.889499 0.110501
0.401139 0.598861
0.461807 0.538193
0.378274 0.621726
0.332781 0.667219
0.013706 0.986294
0.230785 0.769215
0.160716 0.839284
0.223731 0.776269
0.862089 0.137911
0.325329 0.674671
0.302987 0.697013
0.252153 0.747847
0.423927 0.576073
0.439067 0.560933
0.813896 0.186104
0.0205639 0.979436
0.0412771 0.958723
0.181723 0.818277
0.0971667 0.902833
0.979367 0.0206325
