0.814287 0.185713
0.429161 0.570839
0.058669 0.941331
0.828538 0.171462
0.00728507 0.992715
0.290347 0.709653
0.885162 0.114838
0.408289 0.591711
0.422195 0.577805
0.394462 0.605538
0.499998 0.500002
0.176162 0.823838
0.899349 0.100651
0.0145909 0.985409
0.161657 0.838344
0.117743 0.882257
0.226615 0.773385
0.0882254 0.911775
0.464312 0.535688
0.147077 0.852923
0.849848 0.150152
0.132439 0.867561
0.942183 0.0578167
0.311344 0.688656
0.985515 0.0144847
0.205076 0.794924
0.212277 0.787723
0.485683 0.514317
0.043935 0.956065
0.835648 0.164352
0.436173 0.563827
0.92071 0.0792902
0.457264 0.542736
0.276311 0.723689
0.125095 0.874905
0.35996 0.64004
0.247993 0.752007
0.28333 0.71667
0.97827 0.0217296
0.971025 0.0289754
0.0808303 0.91917
0.401359 0.598641
0.103006 0.896994
0.0219175 0.978083
0.332238 0.667762
0.478538 0.521462
0.269249 0.730751
0.0956208 0.904379
0.387551 0.612449
0.339184 0.660816
0.443202 0.556798
0.168911 0.831089
0.219455 0.780545
0.318308 0.681692
0.297367 0.702633
0.190649 0.809351
0.450227 0.549773
0.92785 0.0721498
0.0734338 0.926566
0.821427 0.178573
0.963793 0.036207
0.90643 0.0935704
0.154381 0.845619
0.0292394 0.970761
0.0660304 0.93397
0.0365698 0.96343
0.935011 0.0649887
0.842758 0.157242
0.110386 0.889614
0.262191 0.737809
0.949377 0.0506226
0.197871 0.802129
0.0512907 0.948709
0.913577 0.0864234
1 0
0.366857 0.633143
0.863999 0.136001
0.255093 0.744907
0.13977 0.86023
0.471426 0.528574
0.373759 0.626241
0.87105 0.12895
0.800003 0.199997
0.18342 0.81658
0.892239 0.107761
0 1
0.492825 0.507175
0.34612 0.65388
0.878105 0.121895
0.325272 0.674728
0.380655 0.619345
0.233773 0.766227
0.304361 0.695639
0.807155 0.192845
0.856933 0.143067
0.240886 0.759114
0.415251 0.584749
0.95657 0.04343
0.353039 0.646961
0.992754 0.0072462
