0.426714 0.573286
0.176903 0.823097
0.360151 0.639849
0.973924 0.0260764
0.485378 0.514622
0.986981 0.0130195
0.205807 0.794193
0.88605 0.11395
0.249573 0.750427
0.993497 0.00650331
0.8 0.2
0.478061 0.521939
0.337971 0.662029
0.814561 0.185439
0.499998 0.500002
0.220332 0.779668
0.940848 0.0591519
0.934156 0.0658445
0.411982 0.588018
5.39365e-17 1
0.242248 0.757752
0.315841 0.684159
0.0357019 0.964298
0.155438 0.844562
0.345356 0.654644
0.293742 0.706258
0.404592 0.595408
0.90681 0.0931898
0.864874 0.135126
0.0991028 0.900897
0.893001 0.106999
0.913668 0.0863319
0.389799 0.610201
0.850641 0.149359
0.829059 0.170941
0.227608 0.772392
0.106101 0.893899
0.00715414 0.992846
0.234919 0.765081
0.843463 0.156537
0.127168 0.872832
0.169727 0.830273
0.492687 0.507313
0.256919 0.743081
0.0214594 0.978541
0.96076 0.0392397
0.434078 0.565922
0.470747 0.529253
0.330594 0.669406
0.947509 0.0524914
0.120131 0.879869
1 0
0.44142 0.55858
0.920523 0.0794769
0.19129 0.80871
0.213056 0.786944
0.279008 0.720992
0.456106 0.543894
0.857763 0.142237
0.448767 0.551233
0.271647 0.728353
0.0851093 0.914891
0.80729 0.19271
0.821815 0.178185
0.071068 0.928932
0.871982 0.128018
0.879061 0.120939
0.352753 0.647247
0.967333 0.032667
0.836274 0.163726
0.899937 0.100063
0.198545 0.801455
0.0143091 0.985691
0.264286 0.735714
0.367559 0.632441
0.162571 0.837429
0.0780942 0.921906
0.0499116 0.950088
0.374973 0.625027
0.056983 0.943017
0.0428069 0.957193
0.980467 0.0195334
0.419365 0.580635
0.286376 0.713624
0.184079 0.815921
0.323214 0.676786
0.382386 0.617614
0.113119 0.886881
0.463424 0.536576
0.954167 0.0458327
0.0640272 0.935973
0.134207 0.865793
0.308476 0.691524
0.148348 0.851652
0.30111 0.69889
0.0286001 0.9714
0.397197 0.602803
0.141268 0.858732
0.0921088 0.907891
0.927367 0.0726334
