0.499999 0.500001
0.8 0.2
0.300404 0.699596
0.466159 0.533841
0.254766 0.745234
0.900304 0.0996964
0.929014 0.0709859
0.835917 0.164083
0.285214 0.714786
0.843081 0.156919
0.247199 0.752801
0.871678 0.128322
0.18767 0.81233
0.330587 0.669413
0.807206 0.192794
0.337982 0.662018
0.85738 0.14262
0.0268985 0.973102
0.239642 0.760358
0.367589 0.632411
0.374879 0.625121
0.452511 0.547489
0.431736 0.568264
0.0607739 0.939226
0.0744921 0.925508
0.31558 0.68442
0.0201592 0.979841
0.360237 0.639763
0.116149 0.883851
0.269964 0.730036
0.224588 0.775412
0.173117 0.826883
0.10914 0.89086
0.885972 0.114028
0.92184 0.0781602
0.29283 0.70717
0.137294 0.862706
0.194979 0.805021
0.964674 0.0353264
0.828755 0.171245
0.95044 0.0495598
0.323112 0.676888
0.262335 0.737665
0.144407 0.855593
0.445595 0.554405
0.914659 0.0853408
0.0676407 0.932359
0.0134458 0.986554
1 0
0.438656 0.561344
0.850231 0.149769
0.00672207 0.993278
0.232107 0.767893
0.89314 0.10686
0.821575 0.178425
0.814397 0.185603
0.936161 0.063839
0.308016 0.691984
0.102175 0.897825
0.382165 0.617835
0.0814014 0.918599
0.943312 0.0566878
0.957571 0.0424292
0.123153 0.876847
0.41781 0.58219
0.86453 0.13547
0.180401 0.819599
0.352881 0.647119
0.209738 0.790262
0.971769 0.0282311
0 1
0.479728 0.520272
0.277593 0.722407
0.345439 0.654561
0.130204 0.869796
0.38936 0.61064
0.98591 0.0140899
0.217117 0.782883
0.472943 0.527057
0.0403898 0.95961
0.907476 0.0925236
0.459344 0.540656
0.0882861 0.911714
0.410738 0.589262
0.493241 0.506759
0.0539636 0.946036
0.878834 0.121166
0.992952 0.00704813
0.396502 0.603498
0.486485 0.513515
0.403623 0.596377
0.424796 0.575204
0.158706 0.841294
0.0336514 0.966349
0.978841 0.0211591
0.20236 0.79764
0.151541 0.848459
0.0471693 0.952831
0.165873 0.834127
0.0952256 0.904774
