0.956721 0.0432794
0.819493 0.180507
0.258708 0.741292
0.978272 0.0217276
0.928233 0.0717669
0.143929 0.856071
0.346186 0.653814
0.129451 0.870549
0.273117 0.726883
0.1222 0.8778
0.208497 0.791503
1.9015e-17 1
0.302205 0.697795
0.470332 0.529668
0.97105 0.0289497
0.44096 0.55904
0.165523 0.834477
0.0426769 0.957323
0.477703 0.522297
0.222806 0.777194
0.0284155 0.971585
0.0714027 0.928597
0.338843 0.661157
0.35352 0.64648
0.9353 0.0647004
0.237118 0.762882
0.0212806 0.978719
0.0641877 0.935812
0.215646 0.784354
0.187034 0.812966
0.316835 0.683165
0.00707694 0.992923
0.251508 0.748492
0.0141653 0.985835
0.390016 0.609984
0.448258 0.551742
0.172701 0.827299
0.280352 0.719648
0.455606 0.544394
0.49999 0.50001
0.287631 0.712369
0.812991 0.187009
0.151136 0.848864
0.309539 0.690461
0.397278 0.602722
0.265904 0.734096
0.382727 0.617273
0.826082 0.173918
0.0570065 0.942994
1 0
0.872762 0.127238
0.907225 0.0927747
0.42638 0.57362
0.22996 0.77004
0.806484 0.193517
0.0858899 0.91411
0.331496 0.668504
0.985491 0.0145094
0.158341 0.841659
0.179871 0.820129
0.093144 0.906856
0.859285 0.140715
0.244327 0.755673
0.433671 0.566329
0.96385 0.0361496
0.99274 0.00726043
0.921217 0.0787826
0.419048 0.580952
0.893321 0.106679
0.114936 0.885064
0.914219 0.0857809
0.32416 0.67584
0.832658 0.167342
0.485122 0.514878
0.0355456 0.964454
0.886453 0.113547
0.107669 0.892331
0.201342 0.798658
0.492558 0.507442
0.845885 0.154115
0.0786407 0.921359
0.368134 0.631866
0.360833 0.639167
0.866025 0.133975
0.949548 0.050452
0.100392 0.899608
0.136699 0.863301
0.294912 0.705088
0.942408 0.0575922
0.194189 0.805811
0.852567 0.147433
0.375436 0.624564
0.404529 0.595471
0.411776 0.588224
0.0498348 0.950165
0.462965 0.537035
0.839224 0.160776
0.900296 0.0997036
0.879584 0.120416
0.800003 0.199997
