0.0201871 0.979813
0.0677077 0.932292
0.939246 0.0607544
0.47151 0.52849
0.499998 0.500002
0.174816 0.825184
5.55112e-17 1
0.820923 0.179077
0.197314 0.802686
0.189796 0.810204
0.457316 0.542684
0.0336746 0.966325
0.952844 0.0471561
0.0814499 0.91855
0.227917 0.772083
0.138148 0.861852
0.813953 0.186047
0.0269303 0.97307
0.364356 0.635644
0.88395 0.11605
0.342306 0.657694
0.334874 0.665126
0.251162 0.748838
0.841918 0.158082
0.485745 0.514255
0.86995 0.13005
0.297281 0.702719
0.109458 0.890542
0.946057 0.0539429
0.876948 0.123052
0.220255 0.779745
0.414762 0.585238
0.0608481 0.939152
0.130883 0.869117
0.407599 0.592401
0.160015 0.839985
0.386125 0.613875
0.478628 0.521372
0.327417 0.672583
0.400443 0.599557
0.862955 0.137045
0.0540163 0.945984
0.890948 0.109052
0.966364 0.0336357
0.97986 0.0201402
0.932414 0.0675864
0.152694 0.847306
0.0883574 0.911643
0.806974 0.193026
0.0134498 0.98655
0.800001 0.199999
0.436091 0.563909
0.319925 0.680075
0.421886 0.578114
0.897899 0.102101
0.993305 0.00669499
0.855946 0.144054
0.00672481 0.993275
0.116574 0.883426
0.429018 0.570982
0.204961 0.79504
0.911785 0.0882151
0.235637 0.764363
0.393305 0.606695
1 0
0.274333 0.725667
0.834913 0.165087
0.959604 0.0403956
0.258921 0.741079
0.827929 0.172071
0.266646 0.733354
0.040449 0.959551
0.312425 0.687575
0.145446 0.854554
0.443169 0.556831
0.450244 0.549756
0.973108 0.0268916
0.304877 0.695123
0.349684 0.650316
0.925573 0.0744274
0.371638 0.628362
0.848925 0.151075
0.378897 0.621104
0.123722 0.876278
0.0745384 0.925462
0.243402 0.756598
0.102398 0.897602
0.289696 0.710304
0.357055 0.642945
0.986579 0.0134207
0.0472275 0.952773
0.167374 0.832626
0.182271 0.817729
0.492862 0.507138
0.464393 0.535607
0.21256 0.78744
0.0953692 0.904631
0.918686 0.0813138
0.282019 0.717981
0.904849 0.0951506
