0.864336 0.135664
0.221443 0.778557
0.34747 0.65253
0.935209 0.064791
0.285673 0.714327
0.949514 0.0504858
0.116957 0.883043
0.42915 0.57085
0.264591 0.735409
0.906754 0.0932465
0.32031 0.67969
0.0650516 0.934948
0.327148 0.672852
0.807197 0.192803
0.800002 0.199998
0.401603 0.598397
0.131977 0.868023
0.109446 0.890554
0.850152 0.149848
0.0723653 0.927635
0.963917 0.0360827
1 0
0.154568 0.845432
0.387986 0.612014
0.0359556 0.964044
0.199436 0.800564
0.992782 0.00721765
0.340712 0.659288
0.162075 0.837925
0.899663 0.100337
0.191986 0.808014
0.0143314 0.985669
0.913859 0.0861411
0.814382 0.185618
0.835895 0.164105
0.92096 0.0790401
0.292693 0.707307
0.124461 0.875539
0.101979 0.898021
0.0504563 0.949544
0.360959 0.639041
0.5 0.5
0.450102 0.549898
0.139501 0.860499
0.971137 0.0288631
0.394791 0.605209
0.18457 0.81543
0.464212 0.535788
0.236013 0.763987
0.478461 0.521539
0.374463 0.625537
2.77556e-17 1
0.485605 0.514395
0.271649 0.728351
0.228738 0.771262
0.381226 0.618774
0.885527 0.114473
0.354219 0.645781
0.436093 0.563907
0.492804 0.507196
0.471331 0.528669
0.0287235 0.971276
0.278632 0.721368
0.0431949 0.956805
0.443121 0.556879
0.9567 0.0433002
0.422213 0.577787
0.00715314 0.992847
0.250339 0.749661
0.828754 0.171246
0.177108 0.822892
0.942354 0.0576457
0.415336 0.584664
0.306548 0.693452
0.313453 0.686547
0.214134 0.785866
0.0797452 0.920255
0.0215101 0.97849
0.257498 0.742502
0.89258 0.10742
0.928082 0.0719178
0.978348 0.0216522
0.333945 0.666055
0.98557 0.0144302
0.871409 0.128591
0.457148 0.542852
0.299625 0.700375
0.169601 0.830399
0.843025 0.156975
0.857251 0.142749
0.408504 0.591496
0.0577417 0.942258
0.206782 0.793218
0.878471 0.121529
0.821571 0.178429
0.0945926 0.905407
0.243201 0.756799
0.367699 0.632301
0.147038 0.852962
0.0871905 0.91281
