0.360454 0.639546
0.807271 0.192729
0.5 0.5
0.244373 0.755627
0.121872 0.878128
0.471536 0.528464
0.374073 0.625927
0.0539001 0.9461
0.457389 0.542611
0.27902 0.72098
0.306292 0.693708
0.151427 0.848573
0.429309 0.570691
0.136663 0.863337
0.030894 0.969106
0.478631 0.521369
0.443314 0.556686
0.858316 0.141684
0.326592 0.673408
0.299493 0.700507
0.944604 0.0553959
0.930412 0.0695884
0.0993398 0.90066
1 0
2.0383e-17 1
0.0918588 0.908141
0.20198 0.79802
0.313067 0.686933
0.319841 0.680159
0.894644 0.105356
0.814543 0.185457
0.923342 0.0766579
0.408439 0.591561
0.367259 0.632741
0.114428 0.885572
0.0385619 0.961438
0.333345 0.666655
0.872899 0.127101
0.0231717 0.976828
0.209117 0.790883
0.166023 0.833977
0.258291 0.741709
0.0767147 0.923285
0.285866 0.714134
0.937509 0.0624911
0.237377 0.762623
0.158725 0.841275
0.17322 0.82678
0.387772 0.612228
0.0691276 0.930872
0.993133 0.00686663
0.829107 0.170893
0.129269 0.870731
0.909014 0.0909864
0.972439 0.027561
0.046248 0.953752
0.951571 0.048429
0.380916 0.619084
0.144053 0.855947
0.492862 0.507138
0.965497 0.0345028
0.843688 0.156312
0.0154503 0.98455
0.00772496 0.992275
0.340093 0.659907
0.450328 0.549672
0.422326 0.577674
0.401532 0.598468
0.394649 0.605351
0.851 0.149
0.251346 0.748654
0.19482 0.80518
0.821825 0.178175
0.986258 0.0137425
0.979363 0.0206375
0.0615017 0.938498
0.958561 0.0414393
0.292689 0.707311
0.346856 0.653144
0.90183 0.0981702
0.223295 0.776705
0.216248 0.783752
0.106889 0.893111
0.86563 0.13437
0.180457 0.819543
0.18764 0.81236
0.265217 0.734783
0.485725 0.514275
0.887434 0.112566
0.916195 0.0838052
0.464434 0.535566
0.415363 0.584637
0.8 0.2
0.35366 0.64634
0.836391 0.163609
0.436289 0.563711
0.272126 0.727874
0.230347 0.769653
0.084281 0.915719
0.880164 0.119836
