0.996299 0.0859517
0.91184 0.410545
0.970867 0.239617
0.182583 0.98319
0.932325 0.361622
0.804757 0.593604
0.893359 0.449343
0.712446 0.701727
0.998993 0.0448577
0.968233 0.250049
0.749124 0.662429
0.738758 0.673971
0.794806 0.606864
0.980701 0.195512
0.973428 0.228993
0.29867 0.954356
0.997733 0.0672999
0.948124 0.317899
0.769589 0.63854
0.707112 0.707102
0.97834 0.207003
0.889485 0.456963
0.993017 0.117968
0.743936 0.668251
0.925703 0.378251
0.982968 0.183776
0.877498 0.479581
1 4.78108e-17
0.784797 0.619753
0.833711 0.5522
0.959956 0.28015
0.759378 0.65065
0.904595 0.426271
0.277335 0.960773
0.814577 0.580056
0.73356 0.679625
0.864963 0.501836
0.938767 0.344554
0.220343 0.975423
0.232217 0.972664
0.125284 0.992121
0.88156 0.472071
0.842952 0.537989
0.824239 0.566241
0.838351 0.545131
0.754259 0.656577
0.255159 0.966899
0.108973 0.994045
0.95415 0.299329
0.851968 0.523594
0.266356 0.963875
0.208191 0.978088
0.0475978 0.998867
0.764486 0.644641
0.809683 0.586868
0.941931 0.335806
0.819433 0.573175
0.799794 0.600275
0.0913092 0.995823
0.951159 0.308701
0.071422 0.997446
0.243742 0.96984
0.935564 0.353158
0.90824 0.418449
0.95708 0.289823
0.885551 0.464542
0.900894 0.434039
6.12323e-17 1
0.728317 0.68524
0.860696 0.509119
0.987265 0.159086
0.723058 0.690787
0.99472 0.102623
0.975911 0.218169
0.309006 0.95106
0.922316 0.386436
0.155264 0.987873
0.918884 0.394528
0.288099 0.957601
0.869195 0.494469
0.789802 0.613362
0.929039 0.369981
0.873407 0.48699
0.77467 0.632365
0.962785 0.27027
0.140674 0.990056
0.965534 0.260278
0.856372 0.51636
0.195538 0.980696
0.16912 0.985595
0.915373 0.402607
0.985157 0.171657
0.945051 0.326922
0.89715 0.441726
0.779742 0.626101
0.717759 0.696292
0.989279 0.146035
0.991194 0.132417
0.847504 0.530789
0.828993 0.559259
