1 4.31726e-17
0.287149 0.957886
0.951282 0.308323
0.737039 0.67585
0.913895 0.405951
0.891847 0.452337
0.839033 0.544081
0.252777 0.967525
0.921007 0.389547
0.175796 0.984427
0.794296 0.607531
0.880333 0.474357
0.727148 0.68648
0.789678 0.613522
0.988661 0.150162
0.761339 0.648354
0.960501 0.278276
0.215964 0.976401
0.996084 0.0884067
0.944858 0.327481
0.981978 0.188997
0.240764 0.970584
0.979568 0.201112
0.9745 0.224389
0.994415 0.105538
0.888048 0.459752
0.834683 0.550731
0.876399 0.481586
0.228541 0.973534
0.712153 0.702024
0.928017 0.372538
0.992607 0.121371
0.984294 0.176539
0.966314 0.257368
0.16132 0.986902
0.851858 0.523772
0.146238 0.989249
0.812518 0.582936
0.906663 0.421855
0.957487 0.288475
0.0495211 0.998773
0.825904 0.563811
0.986516 0.163666
0.99068 0.136213
0.732102 0.681195
0.847609 0.530622
0.899322 0.437286
0.817002 0.576635
0.803457 0.595363
0.751671 0.659539
0.998936 0.0461275
0.309017 0.951057
0.924524 0.381123
0.707107 0.707107
0.969131 0.246545
0.775633 0.631184
0.856056 0.516883
0.798891 0.601476
0.202997 0.979179
0.82147 0.570252
0.997605 0.0691701
0.722188 0.691697
0.94157 0.336818
0.756506 0.653987
0.938243 0.345977
0.872417 0.488763
0.0743112 0.997235
0.9103 0.413949
0.917471 0.397802
0.864333 0.50292
0.954419 0.29847
0.18968 0.981846
0.963438 0.267933
0.275903 0.961185
0.860219 0.509925
0.11337 0.993553
6.12323e-17 1
0.868401 0.495863
0.830302 0.557314
0.74195 0.670456
0.808006 0.589174
0.948094 0.31799
0.843319 0.537413
0.0949718 0.99548
0.717192 0.696876
0.97708 0.212872
0.130343 0.991469
0.931456 0.363854
0.770898 0.636959
0.78503 0.619458
0.934863 0.355007
0.264491 0.964388
0.895605 0.444851
0.780345 0.625349
0.746818 0.665028
0.766135 0.642679
0.971873 0.235507
0.903015 0.429609
0.88421 0.46709
0.298195 0.954505
