0.967275 0.25373
0.712806 0.701362
0.140917 0.990021
0.982437 0.186594
0.299725 0.954026
0.998968 0.0454249
0.194155 0.980971
0.897278 0.441467
0.707107 0.707106
0.980092 0.198546
0.955829 0.293923
0.270774 0.962643
0.885232 0.46515
0.855461 0.517867
0.91987 0.392223
0.771749 0.635928
0.766684 0.642024
0.805737 0.592273
0.984698 0.17427
0.868442 0.49579
0.97261 0.232443
0.881101 0.472928
0.0480043 0.998847
0.781696 0.62366
0.940289 0.340376
0.729586 0.683889
0.872705 0.488248
0.908843 0.417138
0.958777 0.284159
0.96167 0.27421
0.952824 0.303522
0.280684 0.9598
0.930334 0.366714
0.990918 0.134471
0.761567 0.648086
0.239869 0.970805
0.912575 0.408909
0.833256 0.552887
0.745848 0.666116
0.0719357 0.997409
0.969985 0.243166
0.740499 0.672057
0.791486 0.611187
0.735076 0.677985
0.168729 0.985662
0.815026 0.579424
0.994556 0.104207
0.724054 0.689743
0.926898 0.375314
0.859831 0.510579
0.824188 0.566316
0.997671 0.0682066
0.181707 0.983353
0.943503 0.331364
0.71845 0.695579
0.217706 0.976014
0.25043 0.968135
0.756396 0.654114
0.0918998 0.995768
0.85106 0.525069
0.776762 0.629795
0.309012 0.951058
0.290311 0.956932
0.889306 0.457313
0.964507 0.264057
0.125789 0.992057
0.828729 0.55965
0.846636 0.532172
0.864158 0.50322
0.842207 0.539154
0.992793 0.119842
0.751159 0.660122
0.98687 0.161519
0.810402 0.585874
0.923425 0.383779
0.819621 0.572906
0.988939 0.148321
0.260738 0.96541
0.109579 0.993978
1 5.12621e-17
0.905042 0.425323
0.228983 0.973431
0.97518 0.221412
0.796286 0.60492
0.837742 0.546066
0.206173 0.978516
0.876926 0.480626
0.99618 0.0873202
0.946662 0.322228
0.155167 0.987888
0.949769 0.312951
0.893316 0.449429
0.801033 0.598621
0.977664 0.210176
6.12323e-17 1
0.901183 0.433438
0.937025 0.349263
0.916254 0.400597
0.786619 0.617438
0.933701 0.358053
