0.212219 0.977222
0.971333 0.237722
0.730338 0.683086
0.860145 0.51005
0.778498 0.627647
0.288732 0.95741
0.988345 0.152233
0.839166 0.543876
0.864207 0.503136
0.968602 0.248618
0.883898 0.467681
0.89155 0.452922
0.973992 0.226581
0.735962 0.677023
0.902779 0.430105
0.278264 0.960505
0.992394 0.1231
0.924365 0.381508
0.135161 0.990824
0.793335 0.608785
0.887738 0.46035
0.998904 0.0468041
0.997532 0.0702079
0.920861 0.389892
0.763045 0.646346
0.979093 0.203411
0.994245 0.107126
0.990428 0.13803
0.843473 0.537172
0.821466 0.570257
0.851902 0.523702
0.847703 0.530471
0.798161 0.602445
0.175683 0.984447
0.931259 0.364358
1 0
0.91373 0.406322
0.257121 0.966379
0.899071 0.437803
0.962949 0.269684
0.941291 0.337596
0.868231 0.496159
0.200373 0.97972
0.741541 0.670907
0.986165 0.165769
0.954001 0.299803
0.724635 0.689133
0.149215 0.988805
0.267708 0.9635
0.944548 0.328373
0.981533 0.191292
0.162756 0.986666
0.95704 0.289955
0.976577 0.215167
0.788441 0.61511
0.0874225 0.996171
0.950902 0.309491
0.82596 0.563728
0.965809 0.259255
0.757775 0.652516
0.834821 0.550522
0.910109 0.414369
0.917317 0.398157
0.856042 0.516906
0.120424 0.992723
0.93799 0.346662
0.718861 0.695154
0.927833 0.372996
0.906453 0.422307
0.70711 0.707104
0.995965 0.0897422
0.816908 0.576768
0.298904 0.954283
0.830414 0.557146
0.188241 0.982123
0.872202 0.489145
0.773424 0.633889
0.75243 0.658672
0.246172 0.969226
0.880032 0.474914
0.309015 0.951057
0.81231 0.583226
0.947751 0.319012
0.104626 0.994512
6.12323e-17 1
0.895333 0.445398
0.235072 0.971978
0.983887 0.178789
0.223777 0.97464
0.807648 0.589665
0.78349 0.621404
0.934646 0.35558
0.96003 0.279899
0.747051 0.664766
0.0683597 0.997661
0.0455413 0.998962
0.713 0.701164
0.802939 0.596061
0.876136 0.482064
0.768276 0.640119
