0.12616 0.99201
0.775088 0.631853
0.805925 0.592017
0.85119 0.524857
0.800974 0.5987
0.217837 0.975985
0.764271 0.644896
0.949112 0.314939
0.250211 0.968191
0.194368 0.980929
0.875673 0.482904
0.769716 0.638387
0.707116 0.707097
0.991136 0.132853
0.996273 0.086251
0.155518 0.987833
0.879664 0.475595
0.90319 0.42924
0.939513 0.342513
0.980782 0.195106
0.239666 0.970855
0.887596 0.460624
0.989216 0.146467
0.945975 0.32424
0.891517 0.452987
0.99772 0.0674839
0.795971 0.605335
0.790848 0.612013
0.932677 0.360713
0.958024 0.286687
0.829494 0.558516
1 0
6.12323e-17 1
0.895401 0.44526
0.914559 0.404452
0.785656 0.618663
0.973781 0.22749
0.863559 0.504247
0.992959 0.118456
0.820232 0.572031
0.95515 0.296123
0.0722955 0.997383
0.713063 0.7011
0.260488 0.965477
0.921977 0.387244
0.998988 0.0449771
0.859465 0.511194
0.141264 0.989972
0.96084 0.277102
0.0482903 0.998833
0.280389 0.959886
0.963554 0.267513
0.833997 0.551769
0.846979 0.531626
0.910798 0.412853
0.74198 0.670422
0.228902 0.97345
0.936161 0.351573
0.985143 0.171738
0.780409 0.625269
0.181932 0.983311
0.718966 0.695045
0.982989 0.183663
0.918281 0.395929
0.73057 0.682838
0.75876 0.65137
0.824888 0.565296
0.29957 0.954074
0.968802 0.247837
0.169046 0.985608
0.109937 0.993939
0.899314 0.437303
0.966197 0.257806
0.867613 0.497241
0.929194 0.369593
0.0922715 0.995734
0.971345 0.237675
0.871661 0.490108
0.309011 0.951058
0.99468 0.103011
0.747624 0.664122
0.736304 0.676651
0.987222 0.159353
0.842726 0.538343
0.906996 0.421139
0.883668 0.468114
0.838386 0.545078
0.976177 0.216974
0.206328 0.978483
0.753218 0.657771
0.724817 0.688942
0.942777 0.333423
0.925623 0.378448
0.95216 0.305599
0.978511 0.206194
0.270555 0.962705
0.29008 0.957002
0.815531 0.578713
0.810758 0.585381
0.855334 0.518077
