0.83095 0.556348
0.941282 0.337623
6.12323e-17 1
0.981046 0.193774
0.259967 0.965618
0.83556 0.549399
0.192969 0.981205
0.139916 0.990163
0.938097 0.346372
0.997465 0.071165
0.849209 0.528057
0.844695 0.535248
0.10881 0.994063
0.0714109 0.997447
0.992172 0.124881
0.24952 0.96837
0.928213 0.372048
0.914248 0.405154
0.738956 0.673754
0.921352 0.38873
0.180563 0.983564
0.812344 0.583178
0.84014 0.54237
0.953588 0.301114
0.978563 0.205948
0.887601 0.460613
0.956559 0.29154
0.983453 0.181161
0.0911802 0.995834
0.967987 0.251002
0.723256 0.69058
0.759168 0.650895
0.238821 0.971064
1 7.56159e-17
0.783685 0.621159
0.879486 0.475925
0.717916 0.69613
0.917846 0.396936
0.931571 0.363559
0.95057 0.310511
0.988009 0.154397
0.965198 0.26152
0.959489 0.281748
0.970723 0.240202
0.862496 0.506063
0.883567 0.468305
0.270176 0.962811
0.807615 0.58971
0.227856 0.973695
0.934869 0.354994
0.280177 0.959948
0.798084 0.602546
0.749145 0.662406
0.309015 0.951057
0.764116 0.645079
0.871121 0.491068
0.289977 0.957034
0.154107 0.988054
0.793316 0.608811
0.976012 0.217719
0.826317 0.563205
0.788518 0.615012
0.895507 0.445048
0.778817 0.627252
0.990144 0.140053
0.85368 0.520799
0.866832 0.4986
0.903176 0.429271
0.124882 0.992172
0.20497 0.978768
0.858103 0.513478
0.821691 0.569934
0.995854 0.0909639
0.744078 0.668093
0.910623 0.413239
0.944423 0.328732
0.802874 0.596149
0.216585 0.976264
0.773927 0.633275
0.728521 0.685023
0.73377 0.679398
0.891582 0.452859
0.817036 0.576587
0.998874 0.0474505
0.899377 0.437175
0.906931 0.421278
0.754179 0.656669
0.875323 0.483538
0.769039 0.639202
0.985778 0.168055
0.167613 0.985853
0.9734 0.229111
0.299587 0.954069
0.924813 0.380422
0.994082 0.108629
0.712536 0.701635
0.947514 0.319713
0.0476548 0.998864
0.96237 0.271741
0.707111 0.707103
