0.988562 0.150812
0.996043 0.0888759
0.905869 0.423558
0.233823 0.972279
0.739966 0.672644
0.923476 0.383657
0.256439 0.96656
0.96102 0.276479
0.127781 0.991802
0.712733 0.701436
0.894707 0.446654
0.879071 0.476691
6.12323e-17 1
0.969312 0.245833
0.974546 0.224188
0.858386 0.513004
0.0729528 0.997335
0.827507 0.561456
0.955221 0.295894
0.197712 0.98026
0.949235 0.314567
0.750454 0.660923
0.770789 0.63709
0.298864 0.954296
0.755621 0.655009
0.920054 0.391791
0.813785 0.581166
0.946171 0.323668
0.222123 0.975019
0.804458 0.59401
0.958145 0.286282
0.184919 0.982754
0.870948 0.491375
0.832033 0.554726
0.98643 0.16418
0.111246 0.993793
0.790258 0.612774
0.765805 0.643072
0.809126 0.587635
0.997578 0.0695521
0.977069 0.212922
0.939899 0.341452
0.729258 0.684239
0.210085 0.977683
0.875039 0.484053
0.994352 0.106134
0.886991 0.461787
0.171637 0.98516
0.943052 0.332644
0.990599 0.136796
0.984212 0.176993
0.718307 0.695726
0.267328 0.963606
0.278009 0.960579
0.933466 0.358666
0.775722 0.631075
1 0
0.309007 0.95106
0.89088 0.454238
0.936706 0.350117
0.998924 0.0463704
0.799759 0.600321
0.795023 0.60658
0.909499 0.415706
0.822956 0.568105
0.913059 0.407827
0.981906 0.189371
0.0932286 0.995645
0.979522 0.201336
0.785457 0.618916
0.28853 0.957471
0.898472 0.439031
0.83652 0.547937
0.845388 0.534152
0.883056 0.469268
0.862619 0.505854
0.902194 0.431331
0.0486491 0.998816
0.930188 0.367084
0.854098 0.520112
0.707107 0.707106
0.780611 0.625017
0.245273 0.969454
0.723826 0.689983
0.916586 0.399838
0.760747 0.649048
0.963841 0.266479
0.745239 0.666798
0.849763 0.527165
0.99253 0.122
0.818378 0.574681
0.840973 0.541078
0.143206 0.989693
0.926861 0.375405
0.866807 0.498644
0.966606 0.256268
0.734655 0.678441
0.971959 0.235149
0.157744 0.98748
0.952251 0.305316
