0.862669 0.505769
0.921498 0.388384
0.831938 0.554868
0.99401 0.109292
0.87923 0.476398
0.718165 0.695873
0.985598 0.169108
0.0457112 0.998955
0.818147 0.57501
0.990033 0.140838
0.845383 0.534161
0.967325 0.253538
0.964422 0.264369
0.99208 0.125604
0.148154 0.988964
0.208925 0.977932
0.261616 0.965172
0.134433 0.990923
0.765303 0.643671
0.945757 0.324874
0.804095 0.594501
0.891189 0.453633
0.808803 0.58808
6.12323e-17 1
0.78979 0.613378
0.932197 0.361952
0.939084 0.343687
0.161224 0.986918
0.998859 0.0477546
0.241266 0.970459
0.902831 0.429996
0.875154 0.483845
0.910427 0.41367
0.840937 0.541133
0.0685316 0.997649
0.99743 0.0716414
0.86688 0.498517
0.73436 0.67876
0.309015 0.951057
0.723614 0.690205
0.925105 0.379711
0.961455 0.274962
0.794581 0.607158
0.11994 0.992781
0.914158 0.405358
0.197567 0.980289
0.95843 0.285327
0.955348 0.295481
0.917845 0.396939
0.836458 0.54803
0.219953 0.97551
0.975628 0.21943
0.185858 0.982577
0.858419 0.512949
0.0875352 0.996161
0.813489 0.581581
0.898981 0.437989
0.906655 0.421872
0.251559 0.967842
0.995799 0.0915701
1 0
0.887241 0.461306
0.949014 0.315233
0.883249 0.468904
0.707113 0.707101
0.271474 0.962446
0.972934 0.231085
0.739634 0.673009
0.822779 0.568362
0.935665 0.352889
0.895111 0.445844
0.299888 0.953974
0.849775 0.527146
0.173765 0.984787
0.78009 0.625667
0.952212 0.305439
0.980777 0.195133
0.770276 0.63771
0.729011 0.684502
0.854115 0.520083
0.712663 0.701507
0.799362 0.60085
0.784957 0.619551
0.750051 0.66138
0.827375 0.56165
0.928676 0.370892
0.970162 0.242456
0.987866 0.155308
0.983233 0.182351
0.104431 0.994532
0.755196 0.655499
0.744867 0.667213
0.775208 0.631706
0.978243 0.207464
0.230736 0.973016
0.942445 0.33436
0.281129 0.95967
0.760279 0.649597
0.290592 0.956847
0.871034 0.491222
