0.309016 0.951057
0.980477 0.196635
0.781116 0.624385
0.717459 0.696601
0.0944221 0.995532
0.776439 0.630192
0.112665 0.993633
0.946835 0.321719
0.771721 0.635961
0.286977 0.957938
0.95289 0.303317
0.879864 0.475225
0.982908 0.184099
0.830246 0.557397
0.913806 0.406151
0.910217 0.414131
0.895375 0.445312
0.298118 0.954529
0.722579 0.691288
0.215207 0.976569
0.0493097 0.998784
0.790349 0.612657
0.91734 0.398105
0.924239 0.381814
0.998817 0.0486363
0.785753 0.618541
0.883788 0.467888
0.955871 0.293788
0.712301 0.701875
0.188832 0.982009
0.834545 0.550939
0.930928 0.365202
0.2402 0.970723
0.997334 0.0729732
0.970039 0.242951
6.12323e-17 1
0.79491 0.606728
0.863812 0.503814
0.275627 0.961265
0.84725 0.531194
1 8.71967e-17
0.855597 0.517643
0.995655 0.0931208
0.264066 0.964505
0.9342 0.356749
0.174946 0.984578
0.871892 0.489699
0.85144 0.524451
0.887688 0.460445
0.958797 0.284092
0.993813 0.111064
0.940603 0.339507
0.985265 0.171034
0.817216 0.576332
0.949886 0.312597
0.891554 0.452915
0.0739075 0.997265
0.74265 0.669679
0.737687 0.675143
0.766965 0.641689
0.252318 0.967644
0.899158 0.437623
0.821585 0.570087
0.972741 0.231896
0.129658 0.991559
0.991837 0.12751
0.961674 0.274197
0.9029 0.429851
0.937427 0.348183
0.812817 0.58252
0.80392 0.594737
0.967302 0.253628
0.90658 0.422034
0.987556 0.15727
0.964507 0.264057
0.762171 0.647375
0.920809 0.390014
0.752481 0.658614
0.707107 0.707107
0.227861 0.973694
0.977959 0.208798
0.825929 0.563774
0.975377 0.220544
0.757345 0.653015
0.989748 0.142826
0.202201 0.979344
0.732688 0.680565
0.727653 0.685945
0.747583 0.664169
0.145627 0.98934
0.843048 0.537839
0.943734 0.330705
0.808388 0.58865
0.86787 0.496792
0.799428 0.600763
0.859716 0.510772
0.927611 0.373547
0.838812 0.544422
0.875891 0.482509
0.160624 0.987016
