0.722223 0.69166
0.800826 0.598897
0.829209 0.558939
0.982731 0.185039
0.960504 0.278266
0.957462 0.288561
0.847167 0.531327
0.751942 0.659229
0.796008 0.605286
0.732222 0.681066
0.0915321 0.995802
0.941585 0.336776
0.712171 0.702007
0.824563 0.565769
0.974923 0.222542
0.917822 0.396993
0.81988 0.572536
0.833793 0.552077
0.270203 0.962803
0.717209 0.696858
0.781413 0.624014
0.742106 0.670283
0.805613 0.592442
0.193441 0.981112
0.998824 0.0484935
0.109238 0.994016
0.880538 0.473976
0.815158 0.579238
0.948054 0.318109
0.969343 0.245713
0.921321 0.388802
0.907109 0.420897
0.727206 0.68642
0.776537 0.630072
0.934963 0.354745
0.94484 0.327532
0.954387 0.298571
0.77161 0.636096
0.154744 0.987955
0.309016 0.951057
0.95123 0.308483
0.851543 0.524284
0.931613 0.363453
0.761778 0.647838
0.977609 0.210428
0.810404 0.585871
0.995673 0.0929217
0.88448 0.466577
0.938297 0.34583
0.985161 0.171631
0.989727 0.14297
0.9875 0.157622
0.0716393 0.997431
0.99184 0.127486
0.260034 0.965599
0.910716 0.413033
0.707113 0.7071
0.966451 0.256853
0.972162 0.234308
0.876543 0.481323
0.993828 0.110934
0.980217 0.197924
0.860104 0.510118
0.756867 0.653569
0.181074 0.983469
0.289952 0.957041
0.9248 0.380454
0.737169 0.675709
0.205426 0.978673
0.864281 0.503009
6.12323e-17 1
0.842772 0.53827
0.747062 0.664754
0.997352 0.0727205
0.90346 0.428673
0.299565 0.954076
0.766682 0.642028
0.12541 0.992105
0.786282 0.617868
0.892238 0.451566
0.216965 0.976179
0.0477564 0.998859
1 0
0.928212 0.372052
0.896026 0.444002
0.239045 0.971008
0.899762 0.436381
0.914286 0.40507
0.963501 0.267705
0.791163 0.611605
0.280154 0.959955
0.855861 0.517206
0.168217 0.98575
0.888387 0.459096
0.872503 0.488609
0.228153 0.973625
0.838324 0.545172
0.868433 0.495807
0.249665 0.968332
0.140497 0.990081
