0.77463 0.632414
0.807544 0.589807
0.119259 0.992863
0.89291 0.450236
0.829912 0.557894
0.821052 0.570853
0.0869214 0.996215
0.99883 0.0483663
0.812079 0.583548
0.876762 0.480925
0.173213 0.984884
0.723504 0.69032
0.96937 0.245603
0.97222 0.234067
0.940811 0.338932
0.769736 0.638363
0.784248 0.620447
0.860104 0.510118
0.933912 0.357504
0.208515 0.978019
0.133744 0.991016
0.842994 0.537922
0.802975 0.596013
0.251378 0.967889
0.904618 0.426223
0.995695 0.0926919
0.73415 0.678987
0.739413 0.673252
0.299852 0.953986
0.712627 0.701543
0.919603 0.392848
0.825495 0.56441
0.764809 0.644257
0.838661 0.544653
0.788994 0.6144
0.864303 0.502971
0.896857 0.44232
0.982805 0.184646
0.989767 0.142695
0.309014 0.951057
0.884894 0.465792
0.271385 0.962471
0.991878 0.127191
0.0680413 0.997683
0.75984 0.65011
0.219633 0.975583
0.923247 0.384207
0.793691 0.608321
0.957263 0.289218
0.281048 0.959694
0.95407 0.299583
1 2.5514e-17
0.834294 0.55132
0.963455 0.26787
0.147485 0.989064
0.718092 0.695948
0.944197 0.329382
0.868476 0.495731
0.987549 0.157311
0.728859 0.684664
0.798354 0.602188
0.997366 0.0725328
0.816573 0.577242
0.912199 0.409747
0.851609 0.524177
0.993859 0.110653
0.97767 0.210146
0.749728 0.661746
0.197113 0.980381
0.880836 0.473422
0.900757 0.434323
0.754813 0.65594
0.103806 0.994598
0.937382 0.348304
0.241037 0.970516
0.980286 0.197584
0.888925 0.458053
0.847315 0.531091
0.261485 0.965208
0.290535 0.956864
0.960391 0.278655
0.985231 0.171233
0.744587 0.667525
0.930406 0.36653
0.160623 0.987016
0.915923 0.401355
0.908433 0.418031
0.779459 0.626453
0.872627 0.488387
0.855871 0.51719
0.926852 0.375428
0.966449 0.256858
0.707107 0.707106
0.230441 0.973086
0.974995 0.222228
0.947546 0.31962
0.950841 0.309679
6.12323e-17 1
0.18537 0.982669
0.0453726 0.99897
