0.938094 0.34638
0.21355 0.976932
0.821561 0.57012
0.886239 0.463229
0.92773 0.373251
0.79401 0.607905
0.969071 0.246781
0.86551 0.500891
6.12323e-17 1
0.998929 0.0462763
0.830569 0.556916
0.73966 0.67298
0.744891 0.667186
0.177104 0.984192
0.997587 0.0694222
0.931229 0.364434
1 0
0.789313 0.613991
0.852632 0.522513
0.750042 0.661391
0.954384 0.298583
0.909564 0.415564
0.278988 0.960295
0.966279 0.257496
0.247295 0.96894
0.848272 0.52956
0.258043 0.966133
0.843883 0.536527
0.986429 0.16419
0.289167 0.957279
0.121986 0.992532
0.225045 0.974348
0.779814 0.626012
0.201772 0.979432
0.765188 0.643807
0.712665 0.701505
0.979457 0.201653
0.913288 0.407315
0.729068 0.684441
0.835039 0.550191
0.73441 0.678707
0.856951 0.515398
0.812494 0.58297
0.150892 0.98855
0.817045 0.576574
0.990603 0.136768
0.920594 0.390522
0.309017 0.951057
0.755142 0.655561
0.960464 0.278405
0.898116 0.439759
0.94804 0.318152
0.994365 0.10601
0.861246 0.508189
0.774998 0.631963
0.723695 0.690119
0.798689 0.601744
0.760183 0.64971
0.992538 0.121939
0.873928 0.486055
0.707108 0.707106
0.944775 0.327721
0.988565 0.150796
0.803324 0.595543
0.869739 0.493512
0.951241 0.30845
0.957441 0.288631
0.236329 0.971673
0.905795 0.423715
0.996061 0.088675
0.981863 0.18959
0.901973 0.431792
0.894208 0.447652
0.136878 0.990588
0.268638 0.963241
0.0694671 0.997584
0.164285 0.986413
0.78459 0.620015
0.770109 0.637913
0.106024 0.994364
0.088804 0.996049
0.0462989 0.998928
0.807921 0.589291
0.941459 0.337128
0.882179 0.470914
0.839478 0.543394
0.718195 0.695842
0.890248 0.455476
0.1896 0.981861
0.878076 0.478521
0.916962 0.398975
0.934683 0.355483
0.826073 0.563563
0.971779 0.235892
0.299168 0.9542
0.984202 0.17705
0.924182 0.381953
0.974411 0.224774
0.976975 0.213355
0.963404 0.268053
