0.987669 0.156559
0.911294 0.411757
0.952024 0.306024
0.71803 0.696012
0.298856 0.954298
0.797215 0.603695
0.233517 0.972353
0.221707 0.975113
0.769069 0.639165
0.810712 0.585446
0.935778 0.352589
0.841059 0.540943
0.969844 0.243726
0.83683 0.547463
0.892811 0.450432
0.728714 0.684818
0.896561 0.44292
0.759344 0.65069
0.881339 0.472484
0.76423 0.644944
0.853513 0.521071
0.921999 0.387192
0.048235 0.998836
0.126928 0.991912
0.256244 0.966612
0.0924512 0.995717
0.801746 0.597665
0.0723387 0.99738
0.142388 0.989811
1 0
0.744279 0.667869
0.849404 0.527742
0.903988 0.427558
0.972612 0.232436
0.985373 0.17041
0.907652 0.419723
0.998838 0.0481971
0.967007 0.254751
0.865635 0.500676
0.918462 0.395508
0.754373 0.656446
0.288501 0.95748
0.78802 0.615649
0.914895 0.403692
0.889018 0.457873
0.773886 0.633325
0.945663 0.32515
0.995727 0.0923441
0.873557 0.486721
0.955127 0.296196
0.948869 0.315671
0.739168 0.673521
0.749358 0.662165
0.170877 0.985292
0.707109 0.707105
0.928962 0.370175
0.964113 0.26549
0.982981 0.183705
0.857585 0.514342
0.267203 0.96364
0.88519 0.465229
0.900284 0.435302
0.778647 0.627463
0.961173 0.275947
0.828263 0.56034
0.869611 0.493738
0.712591 0.70158
0.209586 0.97779
0.733975 0.679177
0.823923 0.566701
0.877467 0.479637
0.832566 0.553925
0.989862 0.142029
0.792636 0.609696
0.18426 0.982878
6.12323e-17 1
0.27796 0.960593
0.156974 0.987603
0.942417 0.33444
0.861624 0.507547
0.939121 0.343587
0.309017 0.951057
0.958179 0.286171
0.977944 0.208869
0.991946 0.126662
0.980502 0.196507
0.997384 0.0722788
0.819551 0.573006
0.815148 0.579252
0.845254 0.534364
0.806248 0.591577
0.975315 0.220818
0.197145 0.980374
0.932384 0.361469
0.925506 0.378734
0.78336 0.621568
0.245021 0.969518
0.723402 0.690427
0.993906 0.110228
0.11043 0.993884
