0.776828 0.629713
0.901106 0.433598
0.734865 0.678213
0.791798 0.610783
0.997205 0.0747146
0.0909955 0.995851
0.21585 0.976426
0.204271 0.978914
0.960134 0.279539
0.833837 0.55201
0.248839 0.968545
0.723897 0.689908
0.908197 0.418542
0.893886 0.448294
0.259342 0.965786
0.811044 0.584985
0.824894 0.565287
0.179961 0.983674
0.82035 0.571862
0.993516 0.113694
0.979606 0.20093
0.951094 0.308901
0.279717 0.960083
0.91861 0.395164
0.829393 0.558666
0.238095 0.971242
0.0475189 0.99887
0.98698 0.160845
0.915169 0.40307
0.846833 0.531858
0.289672 0.957126
0.954143 0.29935
0.911705 0.410847
0.192327 0.981331
0.745647 0.666341
0.838205 0.545355
0.0712507 0.997458
0.989264 0.146138
0.941712 0.33642
0.855155 0.518372
0.750966 0.660341
0.718349 0.695683
0.781863 0.623451
0.995452 0.0952619
1 2.39699e-17
0.309015 0.951057
0.897507 0.441
0.815734 0.578427
0.729402 0.684086
0.740283 0.672295
0.108521 0.994094
0.890224 0.455522
0.998759 0.0498102
0.968752 0.24803
0.935287 0.353891
0.139544 0.990216
0.796685 0.604395
0.1671 0.98594
0.882786 0.469775
0.886523 0.462685
0.124567 0.992211
0.299433 0.954117
0.842539 0.538636
0.925371 0.379063
0.957144 0.289611
0.851011 0.525147
0.982152 0.188088
0.922006 0.387176
0.269623 0.962966
0.786852 0.617142
6.12323e-17 1
0.904674 0.426104
0.976983 0.213317
0.77175 0.635926
0.96304 0.269359
0.928707 0.370814
0.971541 0.236872
0.712754 0.701414
0.96591 0.25888
0.761456 0.648217
0.806301 0.591505
0.871267 0.490809
0.801523 0.597964
0.878983 0.476853
0.974283 0.225328
0.932016 0.362417
0.766624 0.642096
0.984604 0.174801
0.227116 0.973868
0.707107 0.707106
0.863336 0.50463
0.875138 0.483873
0.153698 0.988118
0.867336 0.497723
0.991447 0.130513
0.947994 0.318288
0.944878 0.327423
0.938522 0.345221
0.859273 0.511517
0.756241 0.654293
