0.803832 0.594856
0.835969 0.548777
0.930825 0.365465
0.853436 0.521197
0.299213 0.954186
0.759895 0.650046
0.927382 0.374117
0.886464 0.462798
0.1902 0.981745
0.813204 0.581979
0.950539 0.310606
0.861925 0.507036
0.981529 0.191315
0.870254 0.492603
0.0698537 0.997557
0.920359 0.391074
0.718013 0.696029
0.247613 0.968859
0.202239 0.979336
0.214004 0.976833
0.849132 0.528181
0.994267 0.106929
0.236651 0.971595
0.86611 0.499853
0.309017 0.951057
0.122393 0.992482
0.279103 0.960261
0.764928 0.644116
0.7393 0.673376
0.992425 0.122856
0.878437 0.477859
0.959757 0.280832
0.0465707 0.998915
0.857703 0.514146
0.971232 0.238137
0.840398 0.541969
0.995983 0.0895475
0.894323 0.447422
0.890417 0.455147
0.754819 0.655934
0.808538 0.588443
0.905773 0.423764
0.822427 0.568871
0.749696 0.661782
0.937574 0.347785
0.934222 0.356693
0.874366 0.485266
0.268839 0.963185
0.774874 0.632116
0.817835 0.575453
0.779787 0.626044
0.988375 0.152035
0.962723 0.270488
0.947372 0.320136
0.831495 0.555533
0.826981 0.562229
0.106517 0.994311
0.953662 0.30088
0.723403 0.690426
0.997544 0.0700381
0.137302 0.990529
0.2583 0.966065
0.799093 0.601207
0.177759 0.984074
0.9839 0.178719
0.965625 0.259938
0.0892431 0.99601
0.289238 0.957257
0.76992 0.63814
0.909492 0.415722
0.968466 0.249145
0.15136 0.988479
0.956734 0.290965
0.973922 0.226883
0.898194 0.4396
0.902004 0.431727
0.979079 0.203481
0.71258 0.701591
0.744521 0.667599
0.728752 0.684778
0.976531 0.215376
0.707107 0.707106
0.944151 0.329513
0.88247 0.470369
0.789506 0.613743
0.916782 0.399389
0.784664 0.619922
0.940884 0.338729
0.990456 0.13783
0.794315 0.607506
0.164783 0.98633
0.22544 0.974257
0.844787 0.535103
0.913161 0.4076
1 0
0.923894 0.382648
6.12323e-17 1
0.986187 0.165633
0.734046 0.6791
0.998909 0.0467028
