0.976975 0.213352
0.997271 0.0738231
0.707108 0.707106
0.777972 0.628299
1 0
0.937128 0.348985
6.12323e-17 1
0.989412 0.145136
0.224423 0.974492
0.201027 0.979586
0.722771 0.691087
0.16353 0.986538
0.894733 0.446601
0.984717 0.174162
0.235598 0.971851
0.96564 0.259885
0.883215 0.468969
0.768224 0.640181
0.927003 0.375055
0.121168 0.992632
0.150014 0.988684
0.943735 0.330703
0.871246 0.490847
0.879269 0.476325
0.733059 0.680165
0.950214 0.311599
0.792299 0.610134
0.727922 0.685659
0.920068 0.391759
0.299027 0.954245
0.86303 0.505152
0.905818 0.423666
0.930412 0.366515
0.782794 0.622281
0.773109 0.634274
0.82873 0.559649
0.940441 0.339957
0.991588 0.129435
0.993636 0.112636
0.212936 0.977066
0.956516 0.291681
0.796985 0.604
0.837482 0.546465
0.787566 0.61623
0.188954 0.981986
0.833122 0.553089
0.748316 0.663343
0.971427 0.237337
0.867154 0.49804
0.887104 0.46157
0.898468 0.43904
0.916557 0.399903
0.0691069 0.997609
0.982224 0.187712
0.902171 0.431378
0.246629 0.96911
0.278537 0.960426
0.309016 0.951057
0.824298 0.566156
0.758336 0.651864
0.0882756 0.996096
0.71236 0.701814
0.841834 0.539736
0.846135 0.532969
0.810806 0.585315
0.953383 0.301762
0.933797 0.357803
0.763289 0.646057
0.854652 0.519202
0.753341 0.65763
0.257357 0.966316
0.974238 0.225523
0.73817 0.674614
0.105458 0.994424
0.968545 0.248838
0.858857 0.512215
0.979639 0.200769
0.890938 0.454125
0.288844 0.957376
0.815333 0.578993
0.909432 0.415852
0.946989 0.321266
0.850415 0.526112
0.819835 0.5726
0.743244 0.669021
0.998788 0.049227
0.87529 0.483598
0.0460301 0.99894
0.806236 0.591594
0.717577 0.696479
0.135953 0.990715
0.923545 0.383489
0.995539 0.0943524
0.176449 0.98431
0.962644 0.270769
0.987117 0.159998
0.959612 0.281328
0.80163 0.597821
0.268071 0.963399
0.913015 0.407925
