0.860811 0.508925
0.800737 0.599017
0.902802 0.430056
0.214824 0.976653
0.756428 0.654077
0.766722 0.641979
0.191057 0.981579
0.87256 0.488506
0.864758 0.502189
0.745907 0.66605
0.983306 0.18196
0.178579 0.983926
0.299324 0.954151
0.137999 0.990432
0.831955 0.554843
0.995851 0.0909941
0.985674 0.168662
0.123067 0.992398
0.735185 0.677867
0.309016 0.951057
0.941755 0.336301
0.814414 0.580284
0.248178 0.968715
0.92099 0.389587
0.791327 0.611393
0.89536 0.445343
0.948425 0.317001
0.970074 0.242808
0.917407 0.397949
0.924524 0.381124
0.958056 0.28658
0.906489 0.422229
0.848726 0.528833
0.258802 0.96593
0.809915 0.586548
0.0702032 0.997533
0.805355 0.592793
0.997462 0.0711984
0.226206 0.974079
0.269218 0.963079
0.97826 0.20738
0.887866 0.460103
0.910158 0.41426
0.729679 0.68379
0.707109 0.707104
0.856825 0.515607
0.818887 0.573955
0.712835 0.701332
0.203127 0.979152
0.776724 0.629841
0.761582 0.648068
0.844597 0.535403
0.796076 0.605196
0.046814 0.998904
0.961162 0.275986
0.771733 0.635947
0.827649 0.561246
0.994078 0.108669
0.987939 0.154844
0.289466 0.957188
0.975616 0.219484
0.786519 0.617566
0.972878 0.23132
6.12323e-17 1
0.840431 0.541918
0.931505 0.363728
0.938379 0.345609
0.990105 0.14033
0.967178 0.254101
0.237325 0.97143
0.279445 0.960162
0.718515 0.695512
0.954887 0.296969
0.964208 0.265146
0.891618 0.452788
0.913782 0.406205
0.945133 0.326685
0.884089 0.467318
0.992158 0.12499
0.928024 0.37252
0.998873 0.047464
0.781665 0.623699
0.724138 0.689655
0.951672 0.307117
0.823297 0.56761
1 0
0.740581 0.671967
0.980818 0.194925
0.152134 0.98836
0.089728 0.995966
0.934951 0.354778
0.852792 0.522251
0.836224 0.548388
0.899107 0.43773
0.880262 0.474487
0.165628 0.986188
0.751213 0.66006
0.107103 0.994248
0.868671 0.49539
0.876409 0.481567
