0.13483 0.0347668 0.990766
0.116131 0.017941 0.993222
0.0667691 0.0105159 0.997882
0.158902 0.0248823 0.98759
0.161222 0.0251643 0.986725
0.145477 0.0225607 0.989209
0.129284 0.0201918 0.991574
0.178678 0.0385121 0.983705
0.135973 0.0233279 0.990616
0.142955 0.0915872 0.989627
0.168575 0.047127 0.985496
0.0992765 0.41066 0.995125
0.146005 0.0228013 0.989098
8.4408e-07 0.00436624 1.00024
0.0193605 0.00785277 0.999922
0.187113 0.0294311 0.981984
0.0366229 0.0092007 0.999476
0.224843 0.0469719 0.981839
0.0797233 0.0648173 0.997103
0.026213 0.00417575 0.999767
0.170132 0.0292062 0.98519
0.152809 0.0238772 0.988075
0.0420298 0.00685877 0.999128
0.153349 0.0242802 0.988009
0.164132 0.030914 0.986154
0.188525 0.0382577 0.981842
0.16731 0.0259696 0.985763
0.0255938 0.00490806 0.999806
0.0488334 0.0229204 0.99893
0.136859 0.0213052 0.990512
0.0988475 0.0207047 0.995175
0.101671 0.015734 0.994821
0.129759 0.0202592 0.991439
0.00106724 3.54233e-07 1.01213
0.000930243 0.00054258 1.00001
0.180598 0.0382929 0.983229
0.165265 0.0332226 0.98602
0.125864 0.0234895 0.991968
0.110845 0.0209596 0.994026
0.184336 0.0286452 0.982573
0.0569993 0.00912594 0.998453
0.0930507 0.022847 0.995667
0.166711 0.0257684 0.985893
0.082665 0.0132379 0.996717
0.179332 0.0376843 0.983444
0.0831912 0.0127626 0.996603
0.175728 0.0273385 0.984184
0.169017 0.0480338 0.985411
0.145125 0.0224651 0.989425
0.171529 0.0321761 0.984864
0.152244 0.0235333 0.988484
0.123274 0.0194224 0.992281
0.174867 0.0273131 0.984323
0.170705 0.0304721 0.985021
0.122601 0.0191732 0.992354
0.107105 0.0360925 0.994358
0.071266 0.0115645 0.997494
0.112463 0.0228065 0.993574
0.102088 0.0157264 0.994793
0.122062 0.0190317 0.992504
0.0840846 0.0157803 0.996498
0.160498 0.0249504 0.986813
0.1158 0.018247 0.993172
0.0952132 0.0148961 0.995452
0.0663711 0.0171899 0.998115
0.0918839 0.0224942 0.995954
0.0292304 0.0150122 0.999645
0.116452 0.0182908 0.993076
1.10645e-05 2.4244e-06 1.00099
0.182944 0.125006 0.982796
0.147917 0.0411889 0.988856
0.111236 0.0214062 0.993802
0.163657 0.0301761 0.986268
0.0682489 0.0106375 0.997641
0.1289 0.0201867 0.991765
0.130477 0.0204434 0.991362
0.111682 0.0191636 0.993663
0.185041 0.0287821 0.982367
0.0855154 0.0129749 0.996484
0.0806042 0.0662998 0.996898
0.159249 0.0248745 0.9873
0.159963 0.0248439 0.986955
0.0923546 0.022347 0.99578
0.186467 0.0291557 0.982133
0.134354 0.0343593 0.990885
0.0414755 0.00711405 0.999216
0.148736 0.0426262 0.988734
0.139348 0.038511 0.990086
0.188508 0.0300647 0.981867
0.174352 0.0313267 0.984524
0.121648 0.0189315 0.992725
0.159585 0.0247751 0.987129
5.18527e-05 0.000191435 1.00006
0.020238 7.8619e-06 1.00006
0.0732869 0.0126551 0.99744
0.163213 0.0296426 0.986461
0.091524 0.022018 0.996174
0.1064 0.0351481 0.994452
0.0673065 0.0104359 0.997722
0.152469 0.0236496 0.988234
