0.444261 0.0660193 0.909573
0.558841 0.0859004 0.866319
0.454055 0.0785438 0.888096
0.457805 0.0804225 0.886188
0.378838 0.0704227 1.72799
0.468478 0.0732253 0.881672
0.393068 0.0694689 0.918302
0.479904 0.0749636 0.87844
0.39042 0.126673 0.919028
0.474496 0.0805348 0.877052
0.395145 0.0976535 0.916974
0.40757 0.0730649 0.9112
0.435504 0.0919866 0.897755
0.449718 0.0693355 0.892583
0.482775 0.0787093 0.872474
0.478183 0.0785904 0.875051
0.383684 0.35752 0.922427
0.497402 0.0852685 0.866334
0.443544 0.0845276 0.89353
0.451758 0.0970639 0.889322
0.495033 0.0807684 0.866771
0.408635 0.0730379 0.910673
0.383071 0.103153 0.92295
0.460373 0.0776253 0.884759
0.465102 0.0863947 0.882293
0.387913 0.117775 0.91989
0.415336 0.0773042 0.907463
0.484708 0.0831347 0.871325
0.413145 0.0687289 0.908503
0.469695 0.0813349 0.879751
0.379281 0.0882753 0.929489
0.401144 0.0690577 0.914035
0.477476 0.0758464 0.875748
0.398368 0.063139 0.917518
0.40327 0.104462 0.91306
0.47956 0.119899 0.874343
0.428608 0.0846479 0.901086
0.450497 0.0868148 0.889994
0.380702 0.0631882 0.930372
0.476438 0.0826809 0.876181
0.433267 0.0806259 0.898824
0.447118 0.0738318 0.891858
0.471684 0.0835417 0.87869
0.382986 0.101259 0.92363
0.488286 0.0780161 0.86954
0.427161 0.0688248 0.90232
0.472813 0.0837016 0.878094
0.563391 0.0815014 0.866329
0.438689 0.0726513 0.896215
0.466769 0.0929342 0.881314
0.448202 0.0936547 0.891526
0.481403 0.0767277 0.87336
0.411421 0.0752296 0.909205
0.489923 0.0785857 0.868473
0.396559 0.0894117 0.916073
0.405736 0.0851528 0.912226
0.492462 0.0794881 0.867554
0.380325 0.0699691 0.927462
0.460278 0.0721892 0.888339
0.379427 0.0638432 1.03188
0.385531 0.0642183 0.922481
0.383042 0.0617027 1.10772
0.421217 0.0805721 0.904542
0.421719 0.0669721 0.905218
0.379549 0.0637437 1.35014
0.399374 0.0719899 0.91464
0.380849 0.0623474 1.13521
0.379092 0.0638727 1.39239
0.445423 0.095505 0.892784
0.462237 0.0795185 0.883786
0.497742 0.158527 0.86632
0.437428 0.0717956 0.896781
0.417886 0.143558 0.906435
0.379919 0.064251 0.937405
0.378842 0.101405 0.932244
0.430199 0.101397 0.900369
0.378877 0.0763847 0.93134
0.463443 0.0792115 0.88315
0.425404 0.0701638 0.902536
0.468279 0.0783504 0.880471
0.410395 0.0735441 0.909747
0.449168 0.128726 0.890606
0.382001 0.175595 0.924664
0.383365 0.0624104 0.925645
0.40526 0.0651174 0.91329
0.385393 0.0967443 0.921348
0.420254 0.0698433 0.90506
0.442126 0.0774901 0.894358
0.380528 0.0767726 0.926344
0.459145 0.0766564 0.88545
0.508796 0.0628306 0.919099
0.486401 0.0782274 0.87062
0.426608 0.0641005 0.915792
0.385504 0.0615479 0.934465
0.378865 0.31175 0.929848
0.382916 0.0620596 0.927927
0.423339 0.172236 0.903661
0.441342 0.0793141 0.895156
0.45616 0.0883353 0.887003
0.526597 0.382138 0.866316
