0.441552 0.139679 0.894576
0.5048 0.134823 1.04175
0.458716 0.156921 0.876921
0.456039 0.137587 0.906934
0.458284 0.135361 0.879485
0.456938 0.152284 0.877798
0.457809 0.134952 0.884219
0.469023 0.136084 0.879056
0.439255 0.151434 0.887392
0.442994 0.142497 0.885391
0.456162 0.137095 0.884434
0.442537 0.143369 0.88574
0.436179 0.142751 0.890614
0.902845 0.2727 0.874271
0.445577 0.181672 0.884039
0.459623 0.147544 0.876375
0.444869 0.149898 0.884361
0.462551 0.144227 0.875849
0.463266 0.136958 0.878828
0.43596 0.296359 0.995062
0.462821 0.145214 0.874583
0.43644 0.156441 0.889428
0.436203 0.142036 0.89042
0.435985 0.154033 0.950934
0.45238 0.152673 0.880349
0.447478 0.163319 0.882996
0.455941 0.159371 0.878401
0.463165 0.145458 0.874412
0.455078 0.153113 0.878895
0.686792 0.137991 0.878408
0.436836 0.150482 0.888994
0.451409 0.146246 0.880865
0.457219 0.135353 0.888597
0.468893 0.142829 0.877176
0.442936 0.139626 0.920236
0.450852 0.143041 0.881223
0.45438 0.146863 0.879212
0.457477 0.135079 0.886218
0.458693 0.134836 0.905877
0.438351 0.143652 0.887832
0.46076 0.153684 0.875753
0.461928 0.145092 0.875075
0.436301 0.140551 0.916287
0.436018 0.213101 0.903175
0.437601 0.140723 0.888905
0.435985 0.290001 0.903278
0.462525 0.144988 0.874818
0.441982 0.159293 0.886012
0.437867 0.148077 0.888222
0.449894 0.143504 0.881702
0.923196 0.202339 0.874268
0.436017 0.288921 0.897628
0.723972 0.134821 0.917537
0.451926 0.207109 0.880587
0.443684 0.216644 0.88507
0.469478 0.141677 0.877397
0.450529 0.143243 0.881389
0.435966 0.292633 0.905465
0.470254 0.141315 0.877537
0.458272 0.149452 0.877104
0.436651 0.168897 0.889033
0.438315 0.139799 0.896444
0.44138 0.14146 0.886325
0.435945 0.442237 0.905932
0.445916 0.147281 0.883774
0.457749 0.157575 0.877383
0.45697 0.135765 0.887287
0.444086 0.145166 0.884811
0.463641 0.145667 0.874302
0.452944 0.163825 0.880077
0.459192 0.202848 0.876643
0.436007 0.144242 1.01304
0.463576 0.143946 0.876253
0.474113 0.138973 0.878092
0.436119 1.04798 0.8941
0.456383 0.136338 0.88102
0.461507 0.147326 0.875297
0.440059 0.15308 0.88698
0.436148 0.412972 0.892429
0.466519 0.145994 0.874279
0.464822 0.140357 0.87786
0.437653 0.148579 0.888444
0.441132 0.143981 0.886526
0.436103 0.150087 0.902215
0.453618 0.18568 0.879651
0.463464 0.134876 0.880022
0.437617 0.139918 1.04247
0.436077 0.289274 0.896403
0.460109 0.157545 0.876127
0.448008 0.1505 0.882726
0.456383 0.144225 0.878096
0.449131 0.180852 0.882102
0.455362 0.152685 0.878705
0.437092 0.140128 0.906135
0.436199 0.166065 0.889768
0.448822 0.164172 0.882289
0.463242 0.144753 0.875161
0.503848 0.134824 0.880343
0.446953 0.164319 0.883269
0.446346 0.142399 0.883626
