0.844422 0.492964 0.338353
0.804678 0.493473 0.337363
0.786434 0.518862 0.337286
0.798368 0.500225 0.36143
0.774624 0.536191 0.338871
0.865225 0.492688 0.338825
0.777076 0.53258 0.349141
0.806483 0.492326 0.407644
0.805004 0.492439 0.403331
0.785665 0.55586 0.333274
0.781369 0.526326 0.336039
0.76607 0.556366 0.343013
0.766057 0.569002 0.448144
0.773649 0.537539 0.338449
0.79797 0.501075 0.342365
0.818192 0.492559 0.339308
0.801949 0.494865 0.387673
0.778033 0.533763 0.333314
0.797344 0.502074 0.350403
0.851987 0.501986 0.33561
0.768659 0.544541 0.337889
0.792417 0.50958 0.335964
0.766205 0.564794 0.338092
0.801429 0.497664 0.335643
0.776388 0.533539 0.343383
0.788473 0.515664 0.348868
0.787963 0.516317 0.362846
0.771645 0.540273 0.337145
0.766239 0.548322 0.39923
0.784454 0.521594 0.338907
0.799995 0.49766 0.336826
0.785949 0.519381 0.339213
0.770785 0.541624 0.338661
0.78057 0.527447 0.359402
1.29965 0.492268 0.407104
0.767902 0.545781 0.336319
0.766716 0.547505 0.374185
0.766127 0.594518 0.339769
0.7943 0.5118 0.335177
0.779964 0.532579 0.333958
0.779928 0.528485 0.339984
0.821431 0.495036 0.336009
0.769624 0.543145 0.344485
0.790259 0.512948 0.34964
0.807604 0.492435 0.349095
0.769157 0.543903 0.363567
0.793811 0.507378 0.449485
0.794307 0.50678 0.352665
0.794979 0.505662 0.421266
0.796544 0.503166 0.343833
0.766107 0.551123 0.348488
0.77303 0.538513 0.342021
0.800956 0.496011 0.349265
0.787044 0.517886 0.353077
0.79104 0.511734 0.341048
0.766367 0.655779 0.33635
0.795601 0.504569 0.336991
0.785143 0.520538 0.341279
0.767137 0.546897 0.36783
0.803282 0.493134 0.460605
0.814788 0.494135 0.336433
0.798719 0.499632 0.360691
0.803596 0.492607 0.589079
0.783312 0.523332 0.344769
0.779548 0.529101 0.339464
0.775029 0.535537 0.33699
0.805599 0.511597 0.335155
0.799711 0.498188 0.349357
1.29795 0.492287 0.339709
0.796966 0.502244 0.340523
0.772839 0.546804 0.33539
0.766055 1.00737 0.344117
0.780819 0.534736 0.333285
0.793387 0.50813 0.348666
0.783936 0.522454 0.342467
0.77546 0.534916 0.362459
0.802422 0.493982 0.358928
0.789336 0.514597 0.342326
0.76937 0.545824 0.335925
0.791617 0.510821 0.338988
0.767298 0.549724 0.336048
0.772481 0.539093 0.338403
0.766072 1.02062 0.340664
0.777677 0.531677 0.33675
0.77035 0.542451 0.36218
0.787533 0.517173 0.370082
0.805592 0.510674 0.335171
0.775973 0.534186 0.340282
0.766058 0.617301 0.392448
0.782472 0.524694 0.348574
0.778258 0.530889 0.349614
0.776826 0.537905 0.334784
0.789775 0.513614 0.338443
0.792714 0.509115 0.336911
0.781951 0.525346 0.344079
0.813914 0.494348 0.336237
0.777412 0.566551 0.333707
0.828055 0.492309 0.34137
0.774099 0.536899 0.343935
0.7787 0.530191 0.339979
