0.891535 0.332263 0.31649
0.892268 0.320121 0.321604
0.897337 0.305994 0.330667
0.899752 0.298926 0.355322
0.888379 0.329134 0.320691
0.88887 0.327935 0.419741
0.891095 0.322883 0.327664
0.896137 0.343755 0.305186
0.894409 0.327048 0.308071
0.891493 0.321685 0.326222
0.907821 0.274807 0.327124
0.892013 0.361488 0.315376
0.896043 0.309509 0.380229
0.897716 0.30499 0.36625
0.888316 0.335722 0.320738
0.890168 0.325366 0.321983
0.945934 0.275201 0.319332
1.12893 0.273912 0.337345
0.942145 0.273904 0.458111
0.904971 0.282555 0.322072
0.915036 0.323014 0.309469
0.896399 0.308461 0.327162
0.922317 0.290672 0.316707
0.983304 0.287948 0.31773
0.899412 0.299729 0.325989
0.913551 0.320764 0.31227
0.91363 0.273962 0.519173
0.893761 0.316195 0.327077
0.903429 0.28757 0.321927
0.902594 0.289936 0.319623
0.93358 0.273864 0.581676
0.910009 0.274067 0.333574
0.894319 0.314794 0.325939
0.907295 0.275404 0.48844
0.927186 0.273963 0.322183
0.901161 0.294746 0.340803
0.907115 0.275916 0.370859
1.09178 0.273874 0.354335
0.890665 0.324063 0.323439
0.921399 0.27872 0.318316
0.905334 0.281849 0.332386
0.911912 0.27476 0.320396
1.00851 0.28045 0.318233
0.904759 0.283122 0.326194
0.8981 0.304133 0.345505
0.985906 0.381443 0.304668
0.892811 0.318528 0.333898
0.897331 0.323814 0.307075
0.922794 0.277269 0.318478
0.900301 0.52435 0.304772
0.916857 0.32131 0.3117
0.906615 0.277573 0.356274
0.893277 0.317412 0.334625
0.912869 0.275988 0.319004
0.91802 0.286558 0.317927
0.895181 0.339304 0.305953
0.899064 0.301008 0.320386
0.920833 0.290144 0.317083
0.90215 0.291478 0.320315
0.980191 0.274105 0.321676
0.892476 0.3258 0.31385
1.08861 0.273829 0.703272
0.894799 0.313505 0.320239
0.977558 0.273832 0.7079
0.900892 0.295597 0.397219
0.90944 0.324682 0.305564
1.04169 0.340738 0.304689
0.902967 0.288716 0.326628
0.892903 0.358622 0.31247
0.924925 0.273902 0.691191
0.889756 0.326415 0.329764
0.903755 0.286313 0.339966
0.894784 0.326013 0.306682
0.898695 0.301894 0.319438
0.98989 0.291583 0.316509
0.893454 0.33532 0.31111
0.895147 0.312198 0.325502
0.908574 0.27408 0.54452
0.902934 0.323405 0.308615
0.890528 0.349168 0.318602
0.889358 0.327346 0.319672
0.904105 0.285579 0.328146
0.891035 0.35635 0.317835
0.897662 0.328937 0.304785
0.895667 0.310575 0.331667
0.893975 0.327532 0.30956
0.908726 0.292284 0.316515
0.89652 0.322463 0.31113
0.900348 0.297257 0.32717
1.27666 0.273857 0.409982
0.94956 0.32042 0.312965
0.906104 0.278707 0.329017
0.898448 0.303176 0.31951
0.889509 0.330018 0.319118
0.964091 0.320158 0.314226
0.901649 0.293344 0.336713
0.888301 0.329858 0.326795
0.91814 0.326973 0.304775
0.896898 0.30725 0.32053
0.911565 0.325579 0.304974
