1.18891 0.178603 0.310272
1.07437 0.181765 0.307556
0.926717 0.212371 0.324059
0.940805 0.178664 0.446444
0.933591 0.182563 0.310157
0.930294 0.196866 0.321486
0.927803 0.234918 0.294743
0.930154 0.244379 0.286762
0.922374 0.232175 0.310541
0.936576 0.180232 0.308717
0.940419 0.227642 0.289883
0.943349 0.185119 0.306355
0.951472 0.21525 0.303614
0.946492 0.178414 0.952792
0.93704 0.197066 0.305602
0.929508 0.201201 0.31638
0.924408 0.22278 0.340842
1.01367 0.201037 0.304826
1.28388 0.180946 0.30826
0.993834 0.233193 0.27721
0.95076 0.178678 0.327616
0.933981 0.180961 0.320647
0.923581 0.268846 0.307052
0.932533 0.23456 0.278596
1.20028 0.179368 0.309135
0.920872 0.232186 0.314579
0.946794 0.178457 0.612692
0.925852 0.216152 0.321227
0.93553 0.198328 0.304931
0.955333 0.758102 0.27711
0.954607 0.215991 0.303406
0.936278 0.232466 0.277369
0.934719 0.697644 0.277162
0.927441 0.209483 0.316199
0.925219 0.236706 0.301582
0.932679 0.187054 0.313307
0.925386 0.218317 0.311957
0.93195 0.231754 0.281673
0.934879 0.179808 0.316674
1.24742 0.245312 0.277109
0.923599 0.224777 0.323491
0.960442 0.242071 0.277129
0.928791 0.232213 0.291201
0.928288 0.242908 0.293034
0.999141 0.228033 0.287848
0.933386 0.229417 0.282702
0.94187 0.230959 0.278602
0.921804 0.234418 0.311808
0.947297 0.226829 0.29163
0.977436 0.231638 0.277552
0.929429 0.233559 0.289299
0.925205 0.219368 0.311015
0.935302 0.228729 0.284656
0.930717 0.195261 0.316641
0.932234 0.188989 0.314491
0.931281 0.230706 0.282352
0.926666 0.244348 0.297606
0.928951 0.202644 0.311771
0.931665 0.21466 0.304168
0.931722 0.190845 0.328514
0.93654 0.178768 0.314067
0.927977 0.207112 0.382156
0.954844 0.226659 0.298169
0.922789 0.239658 0.309417
0.977423 0.242081 0.277121
0.921301 0.231294 0.313075
0.930875 0.235305 0.283814
1.08078 0.238801 0.277113
0.924509 0.233608 0.303798
1.23425 0.186447 0.306221
0.931047 0.193593 0.319346
1.20191 0.178731 0.309847
0.926322 0.214475 0.414271
0.934388 0.238108 0.277209
0.963723 0.197827 0.304972
0.929777 0.199461 0.33809
0.935927 0.178715 0.395037
0.936763 0.178488 1.0429
0.928424 0.204785 0.314359
0.935441 0.178858 0.594767
0.933187 0.184632 0.311794
0.927344 0.237712 0.29596
0.940497 0.230121 0.279678
0.922006 0.229924 0.316908
1.10477 0.182109 0.307003
0.924707 0.22128 0.365567
0.930045 0.214441 0.304479
0.947223 0.183703 0.306591
0.964996 0.17843 0.789992
0.934068 0.22896 0.283414
0.933561 0.236642 0.277555
0.926906 0.211622 0.317611
1.04215 0.183156 0.306664
0.936899 0.227221 0.290741
0.924038 0.239241 0.305781
0.9387 0.17919 0.309432
0.923382 0.226352 0.33661
0.926065 0.237657 0.299368
1.17822 0.1785 0.342211
0.922481 0.228722 0.314936
