0.0249386 0.0154553 1.00054
0.0246326 0.430784 1.00021
0.0386497 0.0154432 1.00975
0.027012 0.0289267 0.999514
0.0367949 0.0467822 0.999064
0.0333452 0.0218378 0.999235
0.0303997 0.0919992 0.999363
0.0247713 0.0351025 0.999768
0.0246503 0.0728177 1.00009
0.0256037 0.0526942 0.999556
0.0337677 0.0651806 0.999217
0.0399046 0.049877 0.998895
0.0251934 0.0156512 0.999607
0.0417834 0.0301063 0.998794
0.0393974 0.0762945 0.998927
0.160343 0.0155335 0.999751
0.0246598 0.0154322 1.11889
0.0346792 0.0355385 0.999175
0.024637 0.293912 0.999832
0.0246571 0.0161657 1.0005
0.0403229 0.0252353 0.998877
0.0407127 0.0381349 0.998851
0.0275342 0.0186653 0.999488
0.0246933 0.0163352 0.999787
0.0414723 0.0237712 0.998999
0.0248867 0.0373135 0.999668
0.024636 0.0158731 1.6659
0.0248816 0.0154237 1.16299
0.0251249 0.0154422 1.02546
0.0317589 0.146171 0.999307
0.0595556 0.0249723 0.998898
0.0563302 0.0264086 0.998761
0.0250869 0.0160515 0.99959
0.0587082 0.0185502 0.9994
0.214157 0.0154497 1.00314
0.0355291 0.0221967 0.999129
0.0265053 0.0166602 0.999524
0.657586 0.0154412 1.02573
0.0246287 0.0323498 1.02765
0.0421298 0.0367183 0.998773
0.0286009 0.0308699 0.999441
0.0338441 0.0196887 0.999328
0.194421 0.0156394 0.999607
0.0311528 0.036034 0.999332
0.0413606 0.0190057 0.999364
0.0261724 0.0165058 0.999539
0.0706222 0.0208275 0.999238
0.0246512 0.0154277 1.14921
0.0359908 0.0340123 0.999108
0.0246678 0.0157447 1.01411
0.0413937 0.0281505 0.998817
0.0381267 0.0248263 0.998994
0.0377927 0.0260836 0.999015
0.0253167 0.0198469 0.99957
0.0247435 0.0156714 1.00014
0.0246435 0.0164544 1.07159
0.0324663 0.0175737 0.99946
0.0388411 0.0242798 0.99896
0.0246331 0.0363525 1.01694
0.0436894 0.0198917 0.999304
0.0295212 0.0215434 0.999401
0.0327376 0.0205247 0.999264
0.0523988 0.025951 0.998803
0.0251924 0.0154259 1.16238
0.0428061 0.0159934 0.999557
0.0568226 0.0225629 0.999103
0.0249667 0.0947661 0.999592
0.0246323 0.446297 1.00018
0.179145 0.0231305 0.999057
0.0248703 0.363264 0.99967
0.0251959 0.0154453 1.00509
0.028935 0.0180941 0.999436
0.0374796 0.0155019 0.999839
0.0386549 0.0229355 0.999075
0.0252109 0.0154524 1.00076
0.0374403 0.0900026 0.999039
0.0246396 0.0159039 1.55695
0.02469 0.015449 1.01799
0.655051 0.0154505 1.00277
0.0409365 0.0255754 0.998841
0.168583 0.0235299 0.999024
0.0246342 0.0692694 1.00378
0.024648 0.0168233 1.01472
0.0365619 0.0291793 0.999088
0.0282608 0.0609419 0.999475
0.0351588 0.0979609 0.99915
0.0424168 0.0330554 0.998752
0.0251657 0.0154484 1.00363
0.0376321 0.0210923 0.999222
0.0861747 0.0154707 1.00003
0.0428149 0.0266793 0.998734
0.0359757 0.0156988 0.999587
0.0344331 0.0382949 0.999191
0.0604178 0.0215017 0.999191
0.0246485 0.0197824 1.00069
0.0483924 0.0247363 0.998921
0.0575494 0.0154417 1.01065
0.0291256 0.0707409 0.999423
0.0404536 0.0169946 0.999499
0.0246413 0.015508 1.2679
