0.91929 0.295995 0.261552
0.932282 0.246288 0.268809
0.943499 0.241773 0.264358
0.917983 0.305584 0.265383
0.929166 0.257738 0.305336
0.921123 0.284647 0.304697
0.922806 0.297414 0.249945
0.922725 0.279655 0.271423
0.918698 0.292249 0.268318
0.925181 0.271532 0.267962
0.920695 0.285862 0.270174
0.924779 0.294721 0.249968
0.935468 0.237978 0.709934
0.928307 0.293309 0.252229
0.933003 0.255754 0.262147
0.933625 0.242245 0.277413
0.92375 0.294259 0.250274
0.961431 0.248415 0.262238
0.93616 0.237801 0.266554
0.926614 0.266412 0.287525
0.915966 0.300247 0.268868
0.922216 0.280897 0.291888
0.922952 0.278537 0.276822
0.919803 0.288603 0.277152
0.922268 0.298505 0.250312
0.923293 0.277661 0.387914
0.921525 0.283501 0.269364
0.934864 0.23887 0.271213
0.995481 0.238778 0.265484
0.935478 0.240963 0.264957
1.09141 0.237803 0.266267
0.929893 0.255222 0.271178
0.928175 0.261097 0.275715
0.932928 0.244741 0.272815
0.931391 0.250527 0.349685
0.917438 0.303122 0.266275
0.950361 0.242317 0.263865
0.921817 0.358762 0.252496
0.928678 0.260382 0.292928
0.927085 0.293698 0.250928
0.971961 0.257266 0.262037
0.948013 0.241729 0.264538
0.9178 0.294755 0.272342
0.923442 0.295787 0.249797
0.919921 0.29667 0.258678
0.919581 0.296773 0.260264
0.942658 0.298577 0.249681
0.933412 0.242782 0.26845
0.927244 0.293892 0.250677
0.92731 0.264218 0.270711
0.943253 0.237281 0.270444
0.918999 0.291314 0.270025
0.936538 0.237687 0.267505
0.935616 0.237999 0.460176
0.925716 0.269348 0.291515
0.943007 0.291807 0.257101
0.941 0.237365 0.26887
0.924673 0.273337 0.267284
0.967501 0.237552 0.268149
0.92891 0.292226 0.256303
0.927667 0.262957 0.286233
0.930388 0.253651 0.285675
0.939158 0.237493 0.269322
0.962215 0.245785 0.262894
0.920462 0.28655 0.272538
0.91887 0.295829 0.263013
1.03218 0.237278 0.662651
0.921236 0.31283 0.253595
0.931031 0.252266 0.268793
0.921956 0.282186 0.274568
0.92695 0.265408 0.270277
0.917198 0.29626 0.269234
0.98481 0.238864 0.265438
0.916712 0.298153 0.266864
0.920867 0.295279 0.255342
0.959767 0.293354 0.251839
0.942306 0.474896 0.249628
0.947969 0.244779 0.263324
0.918227 0.293852 0.272861
1.09489 0.239935 0.265055
0.924356 0.274312 0.275087
0.948202 0.243697 0.263639
0.924018 0.275331 0.281622
0.919482 0.289774 0.267001
0.931508 0.250728 0.294605
0.93839 0.238001 0.266169
1.27295 0.237345 0.269002
0.916491 0.298088 0.267328
0.926218 0.268035 0.2718
0.92549 0.351829 0.24963
0.988942 0.23728 0.46829
0.916152 0.299183 0.268159
0.929543 0.25638 0.272541
0.987968 0.247825 0.262339
0.934257 0.240281 0.438714
0.92026 0.301214 0.257654
0.924188 0.296232 0.249719
0.91595 0.30033 0.270703
0.931881 0.248591 0.267331
0.92417 0.351438 0.249644
