0.926252 0.109942 0.388665
1.23442 0.0843601 0.636562
0.854492 0.0869504 0.518043
0.868586 0.0892736 0.515123
0.873747 0.0936425 0.511282
0.938024 0.117966 0.384273
0.923009 0.119139 0.38448
0.895521 0.121898 0.433048
0.847526 0.0934534 0.542245
0.859006 0.111501 0.501678
0.88511 0.116392 0.454001
0.860433 0.084279 0.903704
0.915227 0.108987 0.399419
0.848854 0.10728 0.518926
0.868831 0.107863 0.48455
0.810577 0.123623 0.738502
0.823031 0.103774 0.559956
0.832731 0.120168 0.545113
0.878267 0.111686 0.467116
0.811295 0.178564 0.590674
0.935669 0.111689 0.386394
0.906323 0.222583 0.411056
0.810456 0.236811 0.659369
0.811762 0.100353 0.586225
0.875206 0.11764 0.472717
0.901397 0.129701 0.420584
0.851964 0.0852369 0.522396
0.873273 0.106555 0.476965
0.829203 0.0970655 0.562601
0.87191 0.115 0.479811
0.917948 0.115778 0.385414
0.819641 0.0995089 0.565516
0.893431 0.103669 0.450389
0.867016 0.200607 0.488163
0.844759 0.111522 0.525651
0.908316 0.116515 0.405688
0.817246 0.100269 0.568347
0.810736 0.362324 0.607955
0.840133 0.108468 0.533139
0.919133 0.115476 0.384965
0.810969 0.11987 0.601243
0.860651 0.118962 0.499284
0.87353 0.100715 0.500023
0.856424 0.0847895 0.523075
0.862882 0.110952 0.495185
0.813859 0.0981188 0.579726
0.870275 0.106564 0.48212
0.828385 0.100888 0.552584
1.19405 0.0842702 0.828241
0.812343 0.115813 0.578331
0.816049 0.175361 0.571185
0.866113 0.102148 0.493009
0.83179 0.123432 0.547617
0.810505 1.36825 0.624642
0.911044 0.111323 0.398999
0.837175 0.10447 0.538552
0.850828 0.105767 0.515608
0.859446 0.0915039 0.512945
0.910869 0.46474 0.399007
0.854015 0.0847151 0.538331
0.841157 0.111452 0.531316
0.886369 0.113722 0.451376
0.810617 0.123516 0.64753
0.883622 0.106605 0.456775
0.914121 0.17945 0.392185
0.862114 0.0844271 0.620701
0.933608 0.150445 0.383909
0.84652 0.110266 0.522684
0.891999 0.11105 0.440465
0.880498 0.122885 0.46285
0.888752 0.102669 0.468434
0.894212 0.110625 0.435805
0.856693 0.106894 0.505808
0.876289 0.124963 0.47105
0.902455 0.227233 0.418443
0.882227 0.113652 0.459944
0.941624 0.107409 0.413609
0.904056 0.130483 0.41679
0.915751 0.15309 0.389113
0.843049 0.114595 0.528789
0.821063 0.11102 0.563545
0.824705 0.103784 0.557569
0.897642 0.108826 0.428646
0.887886 0.106682 0.448951
0.838532 0.102985 0.535556
0.852019 0.104652 0.513852
0.898516 0.10725 0.426924
0.811079 0.103378 0.956955
0.853996 0.105338 0.510444
0.889808 0.130191 0.44467
0.810628 0.11598 0.684676
0.814003 0.116467 0.574128
0.899334 0.118774 0.425119
0.919398 0.084553 0.582168
0.834699 0.104262 0.541903
0.864581 0.117482 0.49224
0.891159 0.106326 0.443294
0.850344 0.0860332 0.567871
0.913241 0.117489 0.395756
0.826837 0.100331 0.554047
