0.776536 0 0.630073
0.885723 0 0.464214
0.677415 0 0.735601
0.784087 0 0.620651
0.445734 5.42776e-16 0.895165
0.230511 0 0.97307
0.840684 4.99713e-17 0.541525
0.982676 0 0.185334
0.87951 0 0.475881
0.659618 0 0.751601
0.480686 1.64275e-17 0.876893
0.827117 4.91649e-17 0.56203
0.970789 0 0.239936
0.820211 0 0.572062
0.806102 0 0.591777
0.728837 0 0.684687
0.761109 0 0.648624
0.73706 0 0.675828
0.947693 0 0.319184
0.2972 0 0.954815
0.753218 0 0.657771
0.534953 0 0.844882
0.604181 0 0.796847
0.513834 0 0.857889
0.866887 2.46716e-17 0.498505
0.457575 0 0.889171
0.584993 1.94302e-17 0.811038
0.565397 0 0.824819
0.76887 0 0.639405
0.937465 0 0.348079
0.71204 0 0.702139
0.491947 0 0.870625
0.0983378 0 0.995153
0.703492 0 0.710704
0.668569 0 0.74365
0.853939 5.07592e-17 0.520373
0.149773 0 0.98872
0.545248 1.81101e-17 0.838275
0.369341 0 0.929294
0.312416 1.06769e-17 0.949945
0.469255 0 0.883063
0.989611 0 0.143772
0.395867 0 0.918308
0.998026 0 0.0627956
0.192666 0 0.981264
0.932136 0 0.362108
0.622992 0 0.782228
0.17198 0 0.9851
0.952613 0 0.304185
0.265105 0 0.96422
0.575265 0 0.817967
0.248199 8.24377e-18 0.968709
0.926696 0 0.375811
0.42133 1.39942e-17 0.906907
0.327244 0 0.94494
0.433646 1.44033e-17 0.901083
0.281406 9.61709e-18 0.959589
0.798863 0 0.601513
0.962008 0 0.273021
0.641477 0 0.767143
6.12323e-17 0 1
0.915462 0 0.402405
0.79153 0 0.611131
0.502977 0 0.8643
0.860458 5.11467e-17 0.509521
0.212037 0 0.977262
0.382751 0 0.923852
0.833939 0 0.551856
0.720482 0 0.693474
0.986253 0 0.16524
0.847348 0 0.531038
0.813211 2.77916e-17 0.581969
0.065561 0 0.997849
0.966479 0 0.256747
0.903811 3.08878e-17 0.427932
0.125524 4.28981e-18 0.992091
0.524506 0 0.851407
0.632297 0 0.774726
0.594631 1.97503e-17 0.803999
0.891825 0 0.45238
0.995557 5.91772e-17 0.0941602
0.89786 0 0.440282
0.74521 0 0.66683
0.974952 0 0.222415
0.650603 0 0.759418
0.921133 0 0.389248
1 0 1.08996e-17
0.341632 1.13471e-17 0.939834
0.613648 0 0.78958
0.555403 0 0.831581
0.957389 0 0.288802
0.909674 3.10882e-17 0.415323
0.694876 0 0.71913
0.355664 0 0.934614
0.992734 0 0.120333
0.408716 0 0.912661
0.942652 0 0.333778
0.873219 0 0.487328
0.978905 0 0.204318
0.686179 2.34502e-17 0.727433
