0.361933 0.280648 0.889429
0.366657 0.270081 0.897426
0.360594 0.281808 0.889831
0.360909 0.279283 0.890999
0.856791 0.270205 0.890494
0.363729 0.276658 0.895584
0.366019 0.270872 0.895825
0.366745 0.281569 0.888475
0.364771 0.278722 0.888628
0.365464 0.27232 0.912871
0.460965 0.278028 0.889065
0.358508 0.280356 0.897743
0.357927 0.400456 0.890824
0.357747 0.294142 0.971475
0.367385 0.272292 0.890129
0.364218 0.279246 0.888609
0.377501 0.269925 0.937302
0.362693 0.278349 0.893646
0.448135 0.273991 0.889806
0.35965 0.286209 0.890114
0.452156 0.269903 0.919116
0.85943 0.269917 0.900681
0.35983 0.279812 0.900747
0.35776 0.33733 0.892624
0.360931 0.282295 0.889754
0.364979 0.281461 0.888477
0.360522 0.279612 0.891954
0.358357 0.287135 0.890539
0.361184 0.279066 0.893384
0.381849 0.277115 0.88918
0.365559 0.272117 0.991761
0.363905 0.275904 0.907727
0.49802 0.26992 0.893071
0.357819 0.280788 0.898911
0.357966 0.280508 0.892364
0.364719 0.273748 0.907128
0.366714 0.27001 0.910376
0.39273 0.276921 0.889272
0.419352 0.270205 0.890528
0.36313 0.314292 0.889084
0.365044 0.273283 0.902267
0.358646 0.353974 0.890409
0.793502 0.269973 0.890585
0.374625 0.269937 0.904607
0.367543 0.270087 0.89067
0.363526 0.277135 0.897343
0.362856 0.278205 0.89285
0.370249 0.26996 0.891723
0.357789 0.29411 0.892378
0.36628 0.270574 0.892486
0.357782 0.282387 0.959371
0.366439 0.270264 0.963248
0.378244 0.271039 0.89027
0.364583 0.274423 0.892694
0.366982 0.273697 0.889885
0.364392 0.27485 0.948363
0.358184 0.287254 0.890687
0.357751 0.300796 0.96314
0.357816 0.448266 0.8913
0.364466 0.278941 0.888545
0.363005 0.278132 0.896452
0.366014 0.272559 0.890074
0.369171 0.279124 0.888476
0.361628 0.278947 0.89506
0.37307 0.278447 0.888919
0.364156 0.275297 0.891441
0.358934 0.280127 0.902513
0.357847 0.281227 0.891372
0.365186 0.272814 0.901552
0.39696 0.270683 0.890332
0.357785 0.281357 0.902208
0.361396 0.302192 0.889621
0.371568 0.269947 0.941599
0.35951 0.279992 0.9003
0.364782 0.273591 0.905806
0.361809 0.278876 0.905209
0.363736 0.284816 0.888923
0.438553 0.269916 0.907594
0.417703 0.269977 0.890883
0.360093 0.279676 0.973237
0.364 0.275587 0.920351
0.731681 0.269902 0.906258
0.368183 0.269957 0.921796
0.363597 0.276863 0.905823
0.357773 0.289021 0.964222
0.360994 0.279143 0.936826
0.372115 0.275517 0.889545
0.390675 0.273141 0.889968
0.631867 0.269949 0.891573
0.362479 0.278621 0.899594
0.360147 0.314382 0.889985
0.363922 0.285058 0.888791
0.365773 0.274659 0.889743
0.365367 0.276106 0.889462
0.365939 0.27106 1.06298
0.359118 0.280893 0.890238
0.365798 0.271645 0.89071
0.362806 0.279988 0.889232
0.365266 0.272636 0.894562
0.984237 0.269893 1.46892
