0.0408519 0.10284 1.01143
0.180174 0.0289104 0.983307
0.0409221 0.010388 1.10476
0.13787 0.0446894 0.990323
0.053113 0.0094051 0.998779
0.208029 0.0541508 0.977705
0.111441 0.0278574 0.993944
0.15518 0.039252 0.987688
0.232422 0.0379613 0.971955
0.190271 0.0430166 0.981434
0.0470666 0.00820469 1.01017
0.202989 0.0331106 0.978709
0.108612 0.0288904 0.99435
0.194198 0.0425472 0.980658
0.140712 0.0228798 0.990058
0.040739 0.0164653 1.01595
0.161966 0.0240327 0.988797
0.127903 0.0247197 0.99193
0.15861 0.0300069 0.987133
0.129015 0.0243133 0.991631
0.104717 0.0820362 0.994683
0.233628 0.0391137 0.971719
0.0404256 0.0664526 1.01257
0.132162 0.0212162 0.991297
0.0453519 0.0421271 0.999964
0.0438889 0.00854637 1.20745
0.215931 0.0398963 0.975907
0.206178 0.0613429 0.978106
0.153694 0.0410179 0.988082
0.223053 0.0421416 0.974337
0.246154 0.0530926 0.969121
0.0787412 0.012572 0.997101
0.148042 0.0266488 0.988767
0.162239 0.0166813 0.995294
0.242714 0.0396963 0.969487
0.195488 0.0388683 0.98031
0.0406783 0.0124862 1.764
0.0412641 0.024317 1.00407
0.0502653 0.0177422 0.998955
0.165034 0.0265899 0.986141
0.0713748 0.110302 0.997674
0.043352 0.165044 1.0018
0.178891 0.0290232 0.983631
0.0405384 0.0219559 1.03064
0.0995962 0.0232024 0.995114
0.239799 0.0563392 0.970216
0.183413 0.0689114 0.982945
0.167182 0.0361008 0.985808
0.239314 0.0396799 0.970501
0.240028 0.0396481 0.970028
0.192022 0.0308434 0.981151
0.122137 0.0202006 0.992586
0.0409704 0.183187 1.00686
0.173573 0.0504748 0.984518
0.0438501 0.0801766 1.00094
0.238382 0.113751 0.970741
0.0439083 0.00859882 1.00318
0.0444771 0.0108972 1.00064
0.185403 0.0456956 0.982393
0.0471499 0.00797772 1.01193
0.0634386 0.00848587 1.00024
0.164818 0.0109244 0.997957
0.203864 0.0320817 0.979216
0.220324 0.0354087 0.974974
0.0430998 0.00881819 1.00469
0.0412075 0.0302079 1.00508
0.0947452 0.081672 0.99568
0.0402395 0.107166 1.06415
0.241332 0.0391865 0.969799
0.0413423 0.0101248 1.00475
0.0902857 0.014471 0.996072
0.0419501 0.00921568 1.07666
0.19912 0.0771736 0.97961
0.118222 0.0189954 0.992892
0.18884 0.0441553 0.98189
0.119346 0.0182478 0.993974
0.159759 0.0256683 0.986948
0.213165 0.0449159 0.976507
0.20181 0.035095 0.978949
0.0405517 0.0171706 1.03064
0.245025 0.0403825 0.969122
0.227929 0.0407603 0.973046
0.142467 0.0416364 0.989672
0.217206 0.0347687 0.975695
0.0851515 0.0198993 0.996438
0.170241 0.0274658 0.985212
0.0462265 0.0296034 0.999619
0.0405278 0.0138662 1.18815
0.230277 0.0381317 0.972631
0.225592 0.042111 0.973609
0.060713 0.00835492 1.00225
0.652377 0.487954 0.969114
0.232317 0.0369255 0.973121
0.0664151 0.198753 0.998135
0.0472428 0.0215809 0.999182
0.134989 0.355593 0.990832
0.116932 0.0191128 0.993155
0.0435252 0.00963793 1.00147
0.21023 0.0339617 0.977238
0.0625578 0.018031 0.998339
