0.0133333 0.00127042 0.999911
0.025163 0.00156227 0.999864
0.0193098 0.0031911 0.999813
0.0179989 0.00603492 0.999837
0.0253275 0.0020155 0.999804
0.0199817 0.00114085 0.999932
0.00977564 0.00494698 0.999953
0.0177976 0.00116243 0.999927
0.01883 0.0167198 0.999822
0.0199572 0.00272111 0.999805
0.014076 0.00361817 0.9999
0.0182682 0.0097567 0.999832
0.0106114 0.00637855 0.999944
0.0196227 0.00237526 0.999807
0.0115969 0.018241 0.999933
0.0153937 0.00266152 0.999881
0.0126477 0.00168489 0.99992
0.0139892 0.00121054 0.999918
0.00103044 1.73139e-09 1.0019
0.0188741 0.00177381 0.999825
0.0175519 0.00294303 0.999845
0.0516051 0.000743945 0.999978
0.0167203 0.00149696 0.999878
0.0146293 0.00138163 0.999896
0.0129305 0.00268347 0.999916
0.0111168 0.00394949 0.999938
0.00804994 0.000863572 0.999968
0.0131044 0.0030127 0.999914
0.242088 0.00209212 0.999802
0.0157414 0.00239782 0.999875
0.0159682 0.00924303 0.999872
0.0201234 0.00270976 0.999801
0.0118139 0.0029076 0.99993
0.0181206 0.00477244 0.999835
0.0168692 0.0030703 0.999857
0.0138674 0.0193548 0.999903
0.00629114 0.0990677 0.999986
0.016092 0.0163056 0.99987
1.1401e-05 1.59163e-08 1
0.0130672 0.00327181 0.999914
0.00733768 0.00212073 0.999973
0.00618319 0.0263203 0.999992
0.0134747 0.00128432 0.999909
0.0400478 0.00218274 0.999801
0.0151995 0.00143944 0.999884
0.0185574 0.00209105 0.999827
0.0145952 0.355825 0.999893
0.010878 0.00953177 0.999941
0.0136486 0.0130446 0.999907
0.0320434 0.000765747 0.999968
0.0171324 0.00162288 0.999853
0.0174222 0.0044253 0.999847
0.0165657 0.00452872 0.999862
0.0150655 0.00142848 0.999886
0.0119757 0.00589296 0.999928
0.0169871 0.00291889 0.999855
2.0342e-09 0.000133757 1.00021
0.0186016 0.00170561 0.999839
0.00992714 0.00290766 0.999951
0.00680701 0.00643811 0.999977
0.0147349 0.0180195 0.999891
0.0213074 0.00188405 0.999806
0.0178181 0.00250262 0.99984
0.0186827 0.00211234 0.999824
0.00619831 0.0305518 0.999991
0.0122791 0.00459722 0.999924
0.0194134 0.00984199 0.999811
0.00778318 0.0326583 0.99997
0.0189866 0.00985923 0.999819
8.16747e-08 3.5542e-06 1
0.0155114 0.00195178 0.999879
0.00661801 0.00779966 0.999979
0.020091 0.00183773 0.999813
0.0100808 0.00894191 0.999949
0.0075592 0.0126462 0.999972
0.00838629 0.00771034 0.999965
0.0124292 0.00696842 0.999922
0.0103985 0.00417421 0.999946
0.0148956 0.0228399 0.999888
0.0176792 0.00581684 0.999843
0.0113926 0.00343843 0.999935
0.0184303 0.00503009 0.999829
0.1847 0.000738933 0.999983
0.0162661 0.00589301 0.999867
0.00958762 0.00918705 0.999959
0.18341 0.0025994 0.9998
0.0191536 0.00968445 0.999816
0.00968738 0.00640099 0.999955
0.0143618 0.00237265 0.999896
3.58488e-06 2.03428e-05 1
0.016417 0.00254487 0.999864
0.0145274 0.00292961 0.999894
0.0112124 0.00358907 0.999937
0.00646487 0.00844352 0.999982
0.0227058 0.00376392 0.9998
0.00715791 0.0494205 0.999975
0.00867672 0.028682 0.999963
0.0167334 0.00304646 0.999859
0.0172797 0.00163765 0.99985
0.00832487 0.000831013 0.999967
