0.0611102 0 0.998131
0.248717 0 0.968576
0.528389 0 0.849003
0.700829 2.71538e-17 0.713329
0.117051 6.41881e-18 0.993126
0.918283 3.55791e-17 0.395926
0.580981 3.18597e-17 0.813917
0.787729 4.31973e-17 0.616022
0.772544 4.23646e-17 0.634961
0.38837 0 0.921504
0.906164 4.9692e-17 0.422927
0.824779 3.19563e-17 0.565456
0.620395 2.40374e-17 0.784289
0.139707 7.66124e-18 0.990193
0.880481 0 0.474081
0.336151 0 0.941808
0.400917 0 0.916114
0.63921 0 0.769032
0.0916283 3.55016e-18 0.995793
1 0 0
0.666393 2.58196e-17 0.745601
0.81752 3.1675e-17 0.575901
0.362778 0 0.931875
0.802717 3.11015e-17 0.59636
0.495291 1.91902e-17 0.868727
0.795228 4.36086e-17 0.60631
0.982204 3.80558e-17 0.187816
0.887067 4.86448e-17 0.461641
0.860133 0 0.510069
0.232608 9.01247e-18 0.97257
0.960902 5.26938e-17 0.276889
0.749273 0 0.662261
0.951177 3.94205e-17 0.308645
0.946031 3.66542e-17 0.324077
0.264291 1.024e-17 0.964443
0.591081 2.29016e-17 0.806612
0.461004 2.52805e-17 0.887398
0.940754 5.15889e-17 0.339091
0.198354 7.68528e-18 0.98013
0.560376 3.07298e-17 0.828238
0.601022 0 0.799233
0.733379 0 0.67982
0.506442 2.77722e-17 0.862274
0.873774 3.38546e-17 0.486333
0.741364 4.06548e-17 0.671103
0.683907 2.64982e-17 0.729569
0.709113 2.74748e-17 0.705095
0.757069 2.93328e-17 0.653335
0.893511 4.89982e-17 0.449041
0.846199 3.27862e-17 0.532867
0.985887 3.81984e-17 0.167415
0.322387 0 0.946608
0.780184 0 0.62555
0.989324 0 0.145733
0.995416 3.85677e-17 0.0956367
0.924093 3.8298e-17 0.382169
0.965512 3.7409e-17 0.260358
0.648388 0 0.76131
0.764809 2.96327e-17 0.644257
0.83199 3.22357e-17 0.554791
0.974236 5.34249e-17 0.225533
0.997963 3.86663e-17 0.0637969
0.484004 0 0.875066
0.570763 2.21144e-17 0.821115
0.810109 3.13879e-17 0.586279
0.969962 3.75814e-17 0.243257
0.853222 3.30583e-17 0.521547
0.425324 1.64793e-17 0.905041
0.899902 0 0.436092
0.160514 8.80225e-18 0.987034
0.308405 0 0.951255
0.839087 3.25107e-17 0.543997
0.675217 0 0.737619
0.549845 2.13039e-17 0.835266
0.179974 0 0.983671
0.99251 3.84551e-17 0.122164
0.629881 0 0.776692
0.539195 2.08913e-17 0.842181
0.717284 0 0.696781
0.349589 0 0.936903
0.51748 0 0.855696
0.95614 5.24326e-17 0.292911
0.279398 0 0.960175
0.92981 0 0.368041
0.657452 3.60532e-17 0.753497
0.978321 5.3649e-17 0.207095
0.866972 0 0.498357
0.472629 1.83122e-17 0.881261
0.215841 0 0.976428
0.692433 0 0.721482
0.725381 2.81051e-17 0.688347
0.41321 1.60099e-17 0.910636
0.294067 1.13937e-17 0.955785
0.37567 1.45555e-17 0.926753
0.449355 2.46416e-17 0.893353
0.935335 5.12917e-17 0.353764
0.912303 3.53474e-17 0.409515
0.437434 0 0.899251
0.610777 3.34937e-17 0.791803
6.12323e-17 2.53771e-33 1
