0.23887 0.51126
0.553667 0.255914
0.614194 0.216305
0.212543 0.53898
0.940961 0.0300356
0.583849 0.235901
0.21934 0.531684
0.948273 0.0262102
0.2705 0.479904
0.301563 0.450856
0.28237 0.468616
0.291338 0.460244
0.565191 0.24821
0.573114 0.242958
0.578543 0.239382
0.899553 0.0515543
0.210112 0.541621
0.542913 0.26423
0.279931 0.470921
0.590963 0.231259
0.252226 0.497779
0.581391 0.237514
0.30544 0.447739
0.54502 0.261761
0.307179 0.445792
0.600105 0.225337
0.551195 0.257576
0.587123 0.23377
0.886361 0.0585336
0.24569 0.504329
0.879592 0.0621831
0.275575 0.475048
0.193341 0.560314
0.287158 0.464132
0.28526 0.465903
0.953657 0.0234584
0.234748 0.515495
0.893408 0.0547976
0.593938 0.229327
0.86487 0.0703772
0.871641 0.0663957
0.231408 0.518952
0.277645 0.47308
0.298278 0.453853
0.8963 0.0532696
0.570936 0.244398
0.207699 0.544261
0.89085 0.0561615
0.244106 0.50593
0.602655 0.223692
0.229195 0.521335
0.191059 0.563036
0.915566 0.0431484
0.548683 0.25927
0.217186 0.533971
0.293741 0.458023
0.956532 0.0222746
0.606087 0.221485
0.908666 0.0467629
0.222375 0.528435
0.248611 0.501391
0.609432 0.219339
0.236509 0.51368
0.918339 0.0417003
0.267974 0.482338
0.882377 0.0606513
0.563423 0.249399
0.912637 0.0446828
0.303936 0.448714
0.205921 0.546227
0.201616 0.550991
0.258065 0.491999
0.289279 0.462156
0.92117 0.0402254
0.310009 0.443342
0.224807 0.525863
0.869252 0.0676697
0.19534 0.558041
0.265369 0.48486
0.926218 0.037598
0.214952 0.536372
0.936241 0.0324046
0.273414 0.477115
0.241081 0.509
0.617814 0.214303
0.556633 0.253947
0.596753 0.227505
0.25486 0.495232
0.260765 0.489348
0.203225 0.549201
0.875817 0.06415
0.262808 0.487366
0.931301 0.0349607
0.904278 0.049065
0.576001 0.241069
0.866641 0.0690894
0.568543 0.245984
0.226666 0.52391
0.296105 0.455845
0.198355 0.554637
