0.190023 0.56528
0.135741 0.635353
0.474297 0.311416
0.854336 0.0758634
0.174054 0.582821
0.164271 0.594737
0.476029 0.310216
0.486615 0.302444
0.846661 0.0798761
0.505998 0.288681
0.487875 0.30156
0.821892 0.0934709
0.156592 0.60431
0.470664 0.31425
0.857365 0.0749403
0.523304 0.277284
0.146495 0.617407
0.809765 0.100199
0.831114 0.088361
0.157783 0.602815
0.149521 0.613381
0.515145 0.282301
0.155203 0.606122
0.169645 0.588141
0.480449 0.306902
0.154271 0.607318
0.811364 0.0992664
0.51131 0.284957
0.509922 0.285928
0.167316 0.590982
0.826902 0.090701
0.837576 0.0848431
0.495838 0.29586
0.849991 0.0780704
0.159218 0.601011
0.802031 0.115082
0.168175 0.589955
0.851826 0.0771108
0.484509 0.30397
0.194527 0.563856
0.516983 0.281022
0.185068 0.56989
0.49761 0.294611
0.137407 0.629976
0.1384 0.628308
0.17144 0.586001
0.162494 0.596914
0.165586 0.593129
0.477938 0.308701
0.513501 0.283434
0.823994 0.0923036
0.175562 0.581024
0.145083 0.619269
0.858394 0.074874
0.15275 0.609234
0.499661 0.293151
0.521873 0.278029
0.813561 0.0980562
0.815289 0.0972004
0.803174 0.104543
0.807506 0.101449
0.179451 0.57644
0.819565 0.0947223
0.468577 0.31928
0.191579 0.563975
0.502747 0.29102
0.143076 0.621869
0.491287 0.299106
0.832993 0.087333
0.835451 0.0860025
0.178268 0.577829
0.493866 0.297259
0.501049 0.292187
0.528017 0.277018
0.14787 0.615586
0.151658 0.610644
0.176573 0.579823
0.828981 0.089561
0.183274 0.571925
0.139635 0.626433
0.13582 0.633609
0.181476 0.574122
0.802269 0.106501
0.817997 0.0955858
0.507615 0.287549
0.519414 0.279403
0.172467 0.584724
0.504142 0.290007
0.482556 0.305425
0.840821 0.0830462
0.489653 0.300281
0.188389 0.566427
0.84369 0.0814934
0.187142 0.567529
0.848548 0.0788713
0.805139 0.102945
0.472911 0.31242
0.469361 0.316365
0.16074 0.599104
0.140989 0.624625
