0.96963 0.0155827
0.980253 0.0100473
0.0514583 0.773752
0.677341 0.177019
0.000594968 0.975704
0.641925 0.199161
0.695666 0.165957
0.989367 0.00541883
0.0164336 0.872017
0.968987 0.0202581
0.972203 0.0144903
0.314748 0.439236
0.30919 0.445086
0.718888 0.152894
0.996228 0.00191928
0.667443 0.18305
0.343659 0.413821
0.360724 0.399441
0.00106639 0.967845
0.340171 0.416902
0.00388352 0.938034
0.0228566 0.848989
0.635613 0.20601
0.303174 0.450141
0.00604992 0.922317
0.716204 0.154204
0.636166 0.202985
0.656538 0.189753
0.660242 0.187472
0.00789922 0.911423
0.976663 0.012035
0.378874 0.384767
0.0452339 0.788027
0.000192793 0.986321
0.690442 0.169168
0.0106409 0.896914
0.706829 0.159481
0.993553 0.00325118
0.713199 0.155702
0.0667667 0.766851
0.639371 0.201172
0.0532957 0.770716
0.671588 0.180509
0.323275 0.43149
0.0341099 0.815938
0.0201069 0.858432
8.47605e-07 0.999758
0.662747 0.185936
0.00483908 0.930495
0.333134 0.422851
0.0273851 0.834591
0.00174396 0.95869
0.307049 0.446787
0.337836 0.418823
0.0468527 0.783971
0.0393078 0.802054
0.0355233 0.811675
0.386243 0.379872
0.311198 0.442246
0.6522 0.192439
0.0246695 0.843028
0.0292996 0.828985
0.0494882 0.77841
0.0570859 0.768256
0.0326493 0.819657
0.00891057 0.906261
0.365136 0.395907
0.0377107 0.806356
0.644142 0.197546
0.357968 0.401744
0.0150964 0.877216
0.985508 0.00729708
0.329888 0.425747
0.318516 0.435713
0.00247336 0.951157
0.351507 0.407178
0.0429609 0.793281
0.32723 0.428005
1.00004 4.21057e-06
0.0312162 0.823482
0.698902 0.164121
0.0116923 0.892201
0.348395 0.409792
0.68083 0.174911
0.0140994 0.881358
0.303163 0.451915
0.373476 0.389119
0.0211638 0.854777
0.369528 0.392273
0.376141 0.386977
0.382593 0.38196
0.00703629 0.916331
0.702261 0.162052
0.687159 0.171067
0.648544 0.19478
0.6833 0.173449
0.0411089 0.797851
0.353848 0.405167
0.0185343 0.863918
0.0128444 0.886884
