0.538544 0.266207
0.194103 0.559625
0.191386 0.586136
0.198504 0.554547
0.568674 0.24601
0.200753 0.552021
0.57514 0.244551
0.195317 0.558174
0.540035 0.265183
0.88002 0.0619191
0.202996 0.549611
0.204099 0.548275
0.876356 0.0638751
0.196505 0.556881
0.898006 0.0524088
0.564676 0.248599
0.555572 0.254656
0.23241 0.518078
0.858967 0.0740616
0.870617 0.066963
0.56143 0.250742
0.906331 0.0492827
0.541975 0.263843
0.525926 0.275087
0.878259 0.0628779
0.893855 0.0545851
0.226162 0.524447
0.888031 0.0576566
0.572357 0.24461
0.216753 0.534455
0.557747 0.253199
0.227496 0.523098
0.872801 0.0658057
0.235764 0.514596
0.201967 0.550698
0.231064 0.519366
0.192598 0.561527
0.528707 0.273034
0.524753 0.27876
0.53391 0.269389
0.228603 0.521939
0.544444 0.262174
0.199769 0.553216
0.21323 0.538253
0.86117 0.0721801
0.890811 0.0561839
0.23951 0.512201
0.206689 0.545429
0.530198 0.272033
0.862614 0.0713596
0.205695 0.54654
0.208384 0.54352
0.225279 0.525417
0.224058 0.526673
0.569912 0.24515
0.214975 0.53639
0.21798 0.533126
0.865819 0.0695709
0.527117 0.274192
0.212133 0.539469
0.21053 0.541233
0.900219 0.0512779
0.546365 0.260871
0.535333 0.268416
0.22157 0.529311
0.230013 0.520452
0.54336 0.26291
0.54935 0.258837
0.903837 0.0494766
0.859797 0.0729053
0.22269 0.528156
0.24355 0.511642
0.886698 0.0583693
0.550682 0.257938
0.874847 0.064727
0.532542 0.270322
0.892593 0.0552552
0.537161 0.267143
0.559561 0.251976
0.901533 0.0506028
0.867834 0.0684965
0.552343 0.256811
0.524831 0.277638
0.236855 0.513523
0.881143 0.0613277
0.567272 0.246914
0.554235 0.255562
0.883402 0.0601214
0.197786 0.555364
0.191426 0.565282
0.54767 0.259988
0.233637 0.516726
0.209476 0.542354
0.884696 0.0594239
0.234635 0.51572
0.531288 0.271149
0.219698 0.5313
0.864548 0.0702436
0.895359 0.0538144
0.563257 0.249556
