0.575934 0.241101
0.56842 0.246078
0.880258 0.064504
0.215625 0.535813
0.919173 0.0413127
0.912287 0.0448807
0.556699 0.253933
0.56315 0.249592
0.251443 0.498598
0.235403 0.514851
0.910919 0.0455889
0.548487 0.259557
0.546961 0.261858
0.236238 0.514008
0.886686 0.0584862
0.921499 0.0400977
0.570049 0.244998
0.55433 0.25554
0.552882 0.256609
0.899586 0.0515584
0.904846 0.0487832
0.572751 0.243218
0.881277 0.0615256
0.88392 0.0599284
0.897856 0.0525041
0.228633 0.521862
0.916963 0.0424809
0.581243 0.237627
0.909308 0.0464296
0.219598 0.531543
0.578199 0.239617
0.882415 0.0607875
0.252609 0.497467
0.234245 0.516046
0.880443 0.0628733
0.901878 0.0503436
0.257277 0.492953
0.891678 0.0557534
0.225881 0.524791
0.590398 0.231754
0.259703 0.491657
0.915635 0.0431251
0.561765 0.250517
0.579692 0.238632
0.550169 0.258397
0.558807 0.252536
0.220702 0.530342
0.555535 0.254767
0.240354 0.509748
0.903684 0.0493992
0.241481 0.508604
0.217901 0.533405
0.887861 0.0578141
0.584127 0.235745
0.58279 0.236641
0.222736 0.528141
0.221877 0.529149
0.592768 0.230908
0.923619 0.0391187
0.896255 0.0533161
0.227273 0.523301
0.906283 0.0480217
0.546775 0.275218
0.249135 0.500883
0.925366 0.0384573
0.216705 0.534638
0.565142 0.24827
0.242544 0.507518
0.23183 0.518549
0.914101 0.0439334
0.254333 0.495808
0.244206 0.505837
0.213819 0.539402
0.214493 0.537208
0.571589 0.243979
0.237327 0.51289
0.547788 0.260401
0.230534 0.519921
0.551403 0.257621
0.245531 0.504502
0.560607 0.251285
0.58715 0.233804
0.238252 0.511906
0.239574 0.51055
0.893981 0.0545196
0.567188 0.24692
0.574771 0.241872
0.247365 0.502676
0.223768 0.527044
0.250701 0.499327
0.585192 0.235078
0.908228 0.0470028
0.255214 0.494944
0.588461 0.232955
0.233099 0.517245
0.256467 0.493883
0.229649 0.520812
0.890067 0.0566069
0.224793 0.525984
0.57711 0.240338
