0.301747 0.450747
0.0520732 0.77365
0.294581 0.45727
0.613121 0.217025
0.600339 0.225825
0.391418 0.374443
0.412833 0.358146
0.0831514 0.714731
0.274267 0.476505
0.722436 0.150177
0.272657 0.47809
0.0812149 0.716514
0.608368 0.220108
0.959843 0.0202941
0.639063 0.201213
0.951513 0.0245628
0.410224 0.359777
0.29879 0.453441
0.725416 0.148341
0.393945 0.372409
0.734927 0.142821
0.940326 0.0303891
0.969705 0.015357
0.936582 0.0324651
0.305062 0.448343
0.631627 0.205292
0.287768 0.463581
0.728685 0.146478
0.408169 0.361263
0.622204 0.211221
0.943218 0.0288465
0.414636 0.357601
0.616223 0.215041
0.741043 0.139322
0.269202 0.481632
0.281294 0.46964
0.747298 0.136897
0.0644352 0.746291
0.603096 0.223845
0.635002 0.203185
0.624605 0.209698
0.40013 0.367556
0.0797872 0.718848
0.744058 0.137731
0.971549 0.0146715
0.385182 0.387583
0.267452 0.483372
0.629631 0.20652
0.0725734 0.730818
0.289956 0.461565
0.933843 0.0343078
0.296705 0.455327
0.266027 0.487823
0.932852 0.0362381
0.0668271 0.741689
0.945791 0.0275618
0.732801 0.144115
0.0566854 0.7621
0.0764479 0.72389
0.718232 0.155094
0.605004 0.222239
0.283653 0.467441
0.957053 0.0217199
0.0956685 0.71328
0.738829 0.140618
0.947903 0.0264087
0.966583 0.0168808
0.0745186 0.727262
0.388151 0.377116
0.0873063 0.713735
0.0529533 0.770699
0.0593399 0.756578
0.719258 0.152764
0.285996 0.46525
0.385216 0.382191
0.292448 0.459247
0.395544 0.371135
0.0777269 0.722007
0.619523 0.212915
0.406528 0.362544
0.626638 0.208401
0.0579528 0.7594
0.0545665 0.766598
0.0614391 0.752278
0.599699 0.230452
0.0654636 0.74439
0.062686 0.749824
0.278222 0.472655
0.954591 0.0229909
0.397816 0.369343
0.61081 0.218519
0.40219 0.365881
0.963694 0.0183459
0.271023 0.479635
0.0516716 0.78273
0.386218 0.37905
0.0712611 0.733211
0.276558 0.474168
0.404401 0.364162
0.0689828 0.7375
