0.159031 0.601261
0.5161 0.281612
0.15236 0.609786
0.853154 0.0763591
0.845295 0.0806119
0.824007 0.0923068
0.14908 0.614234
0.814192 0.0978232
0.190674 0.563467
0.522333 0.2774
0.506835 0.288087
0.18947 0.564841
0.4982 0.294231
0.503023 0.29078
0.147005 0.616874
0.849293 0.078448
0.484483 0.304034
0.511192 0.285033
0.495094 0.296436
0.157869 0.602755
0.820075 0.0944603
0.176269 0.58018
0.861471 0.0727743
0.180137 0.575631
0.163297 0.595924
0.520954 0.278301
0.847053 0.0796742
0.168422 0.589633
0.165844 0.592789
0.524336 0.276002
0.162184 0.597339
0.182905 0.572351
0.153526 0.608225
0.192934 0.560896
0.477801 0.31137
0.188091 0.566362
0.48067 0.306908
0.181726 0.573752
0.486956 0.302219
0.860322 0.0727777
0.816451 0.0965912
0.508039 0.287247
0.81278 0.0988839
0.830244 0.0888579
0.199254 0.558866
0.818581 0.0953192
0.194287 0.559903
0.156796 0.604131
0.49657 0.295347
0.186222 0.568518
0.518066 0.280294
0.821624 0.0936178
0.155725 0.605614
0.144412 0.622273
0.851164 0.0774774
0.150174 0.61279
0.85855 0.0735193
0.838414 0.0843605
0.177997 0.578126
0.170909 0.58661
0.841114 0.0828873
0.499673 0.293159
0.493678 0.297416
0.83617 0.0855873
0.509996 0.285895
0.147957 0.615713
0.478509 0.308804
0.145053 0.619839
0.18492 0.57007
0.505096 0.289309
0.833945 0.08681
0.167256 0.591055
0.832319 0.0877153
0.526216 0.274834
0.842878 0.0819313
0.826649 0.0908302
0.171939 0.585376
0.482527 0.305609
0.173492 0.583491
0.501693 0.291714
0.856305 0.0747441
0.15453 0.607007
0.174599 0.582159
0.169356 0.588494
0.829076 0.0894976
0.196377 0.558923
0.51321 0.283661
0.530053 0.273618
0.527847 0.274098
0.854652 0.0755678
0.164275 0.594783
0.144167 0.625339
0.16104 0.598818
0.151343 0.611096
0.191766 0.562278
0.492127 0.298502
0.48958 0.300388
0.811403 0.100957
0.51456 0.282694
0.146148 0.618223
