0.496651 0.298999
0.530622 0.271571
0.501951 0.291702
0.837875 0.0846804
0.19207 0.561759
0.17606 0.580462
0.206381 0.545838
0.880335 0.0628285
0.862536 0.0712803
0.544006 0.262612
0.165824 0.593367
0.865175 0.0698584
0.198654 0.554309
0.879168 0.062837
0.504344 0.289883
0.8688 0.0679403
0.515051 0.282351
0.199913 0.552913
0.212591 0.539686
0.204703 0.547591
0.177088 0.579247
0.174844 0.581904
0.520406 0.278636
0.545845 0.261839
0.860577 0.0723377
0.188313 0.566078
0.852362 0.076783
0.830579 0.0908808
0.843381 0.0816701
0.535127 0.268488
0.855195 0.0752459
0.545409 0.261844
0.51934 0.279375
0.536527 0.267542
0.191222 0.562736
0.210241 0.541636
0.523965 0.276166
0.516447 0.281374
0.169555 0.588463
0.181686 0.57378
0.831176 0.0890834
0.844699 0.0809615
0.517596 0.28057
0.846496 0.0799902
0.841311 0.0828073
0.197072 0.556123
0.876956 0.0636998
0.496572 0.314992
0.17068 0.587042
0.167018 0.591529
0.211191 0.540711
0.203239 0.54921
0.171502 0.585989
0.513586 0.283384
0.529231 0.272531
0.498835 0.294208
0.848302 0.0789891
0.849808 0.0781649
0.185365 0.569513
0.208165 0.543854
0.541909 0.263947
0.512557 0.28415
0.196183 0.557103
0.193381 0.560296
0.87331 0.0655494
0.164374 0.595311
0.532953 0.269974
0.182648 0.572715
0.856978 0.0742893
0.179259 0.576718
0.858966 0.0732088
0.871298 0.0665868
0.836083 0.0857816
0.510714 0.285432
0.874857 0.0647275
0.86716 0.0688139
0.189651 0.564596
0.508141 0.287196
0.527093 0.274002
0.168464 0.589677
0.50949 0.286261
0.187339 0.567186
0.496843 0.298074
0.540251 0.265028
0.216104 0.539317
0.832317 0.0882616
0.538648 0.266165
0.178181 0.57795
0.833755 0.0870653
0.173106 0.584007
0.18079 0.574945
0.184164 0.570877
0.506684 0.288233
0.839602 0.0838008
0.52205 0.277495
0.195076 0.55835
0.499866 0.293222
0.497727 0.295428
0.201878 0.550704
0.525192 0.27532
