0.54342 0.262899
0.199885 0.553682
0.907141 0.0475868
0.540905 0.264607
0.216164 0.535086
0.547165 0.260322
0.224425 0.526279
0.563918 0.249065
0.57258 0.243344
0.568287 0.246172
0.910438 0.0461031
0.56151 0.250674
0.246185 0.50516
0.882853 0.0604136
0.86908 0.0679414
0.550903 0.2578
0.573688 0.242599
0.575342 0.241626
0.241173 0.509029
0.225971 0.524657
0.549213 0.258961
0.237624 0.512582
0.240173 0.50997
0.219204 0.531888
0.207428 0.544691
0.230262 0.520164
0.532901 0.270755
0.898832 0.0519612
0.89729 0.0527564
0.892625 0.0552229
0.871002 0.0668696
0.210837 0.540928
0.876296 0.063941
0.877638 0.0632358
0.24343 0.506794
0.558289 0.252848
0.908539 0.0469232
0.894434 0.0542671
0.227433 0.523129
0.903021 0.049739
0.214669 0.536719
0.198967 0.557569
0.578925 0.239758
0.209711 0.542118
0.874456 0.0649348
0.559986 0.251693
0.231255 0.519232
0.19879 0.560964
0.544796 0.261973
0.242599 0.50775
0.217283 0.533959
0.200935 0.552158
0.546097 0.261034
0.900632 0.051022
0.884926 0.059308
0.87921 0.0623793
0.891165 0.0559942
0.235331 0.514971
0.236345 0.513863
0.886857 0.0582815
0.865827 0.0829027
0.881475 0.061161
0.229266 0.521192
0.533847 0.269604
0.895882 0.053496
0.535683 0.268318
0.208762 0.543145
0.867152 0.0690973
0.554641 0.25527
0.911381 0.0457977
0.220283 0.530676
0.532103 0.273028
0.202347 0.550392
0.537219 0.267276
0.223085 0.527714
0.551943 0.257088
0.553329 0.256159
0.218181 0.532927
0.54225 0.263674
0.570846 0.244506
0.239117 0.511038
0.244769 0.505763
0.567099 0.24695
0.22147 0.529427
0.211889 0.539763
0.233509 0.5168
0.20504 0.547381
0.556134 0.254268
0.232518 0.517822
0.569705 0.245239
0.87305 0.0656854
0.889556 0.0568473
0.865925 0.0703622
0.576697 0.240742
0.20344 0.549243
0.206248 0.545919
0.565656 0.247912
0.538735 0.266211
0.905518 0.0484523
0.212857 0.538666
