0.147558 0.615929
0.847016 0.0796812
0.463031 0.321732
0.143639 0.621094
0.173931 0.583105
0.14546 0.618661
0.158425 0.602004
0.490129 0.299934
0.812487 0.0986641
0.18883 0.565657
0.799098 0.106403
0.182043 0.573383
0.474497 0.311207
0.178409 0.577632
0.149073 0.613925
0.508297 0.287069
0.134139 0.633935
0.190024 0.564478
0.82357 0.0925133
0.803785 0.103573
0.820975 0.0939802
0.806179 0.102187
0.161394 0.59889
0.154834 0.606587
0.499375 0.293369
0.797732 0.107234
0.526235 0.275555
0.470867 0.313958
0.816014 0.0966926
0.170368 0.587321
0.135814 0.63178
0.510752 0.285376
0.796892 0.108938
0.515391 0.282148
0.166748 0.591747
0.834371 0.0866206
0.468928 0.315449
0.480141 0.307181
0.172471 0.584732
0.831261 0.088462
0.186797 0.567879
0.467485 0.316421
0.176662 0.579725
0.193542 0.56184
0.139969 0.626005
0.150356 0.612313
0.153741 0.607999
0.861194 0.0736628
0.49363 0.297602
0.485376 0.303338
0.152371 0.609694
0.19837 0.561057
0.497932 0.294528
0.129426 0.642138
0.487175 0.302074
0.859448 0.0738057
0.849322 0.0784796
0.138217 0.628584
0.807769 0.101297
0.4727 0.312553
0.856163 0.0748438
0.83631 0.0855438
0.841787 0.0825214
0.818917 0.0950778
0.185224 0.569663
0.156071 0.605079
0.18016 0.575608
0.810244 0.0999064
0.526801 0.275544
0.481629 0.306064
0.854348 0.0759017
0.522395 0.277324
0.513729 0.283268
0.825619 0.0914165
0.504175 0.289977
0.851823 0.0770825
0.839514 0.0837713
0.518273 0.280118
0.132387 0.636533
0.18404 0.57121
0.191429 0.563072
0.505893 0.288753
0.476316 0.309982
0.501991 0.291521
0.520104 0.278876
0.800966 0.105138
0.136972 0.630099
0.491855 0.298703
0.845222 0.0806541
0.164531 0.594682
0.160072 0.600142
0.168698 0.589321
0.478384 0.308461
0.13137 0.637903
0.175069 0.581602
0.484034 0.304304
0.465409 0.317972
0.464266 0.319132
0.157363 0.603365
0.141389 0.624034
