0.0172854 0.873791
0.358244 0.401513
0.698374 0.164423
0.291965 0.459712
0.0324535 0.820016
0.278854 0.473648
0.722417 0.150386
0.287858 0.463596
0.299164 0.453064
0.635916 0.202571
0.356291 0.403174
0.951223 0.0247783
0.0422446 0.794771
0.0521457 0.773045
0.0465757 0.784385
0.37244 0.389926
0.6325 0.204723
0.029137 0.829587
0.353837 0.405236
0.377068 0.386071
0.709365 0.157924
0.316092 0.43932
0.360583 0.399539
0.0561076 0.76412
0.302075 0.450478
0.706435 0.159579
0.284859 0.466509
0.945136 0.0311477
0.01937 0.861135
0.0585844 0.760495
0.959272 0.0206453
0.38991 0.376109
0.963874 0.0182549
0.686984 0.171242
0.71789 0.153186
0.612972 0.217477
0.296971 0.455078
0.622715 0.210916
0.979734 0.0102845
0.0246212 0.843252
0.625034 0.209459
0.352228 0.406817
0.0697758 0.756234
0.0451376 0.788282
0.0504626 0.775849
0.647541 0.195597
0.0479076 0.781719
0.0360524 0.810245
0.368922 0.392678
0.638072 0.201243
0.982917 0.00968345
0.363347 0.397309
0.388122 0.377296
0.641166 0.199312
0.309062 0.444092
0.397305 0.374663
0.95576 0.0224331
0.70259 0.161842
0.295032 0.456872
0.970403 0.0149295
0.383197 0.381171
0.617427 0.214332
0.611874 0.22037
0.306758 0.446204
0.645625 0.196614
0.0236063 0.846542
0.966984 0.0166662
0.0385497 0.804138
0.0260463 0.838906
0.946448 0.0275062
0.020924 0.855497
0.280257 0.471077
0.685064 0.173352
0.0545286 0.767039
0.713739 0.155291
0.374096 0.388492
0.0434413 0.791857
0.948791 0.0261256
0.615237 0.215842
0.365722 0.39531
0.0303969 0.825863
0.35081 0.410741
0.627858 0.207634
0.304101 0.4486
0.0272996 0.834835
0.726021 0.149514
0.693687 0.167156
0.393722 0.374942
0.620182 0.212571
0.0337866 0.816405
0.31279 0.440799
0.0397985 0.800687
0.0223567 0.850792
0.0617648 0.75768
0.282339 0.468777
0.0493615 0.778245
0.975406 0.0123999
0.380212 0.383499
0.690043 0.169364
0.0182868 0.865854
