0.236777 0.513845
0.215627 0.535683
0.232406 0.518012
0.861815 0.0717181
0.857952 0.073948
0.877447 0.0632873
0.211365 0.540293
0.855841 0.0769483
0.210653 0.541043
0.893736 0.0546308
0.551298 0.257517
0.533907 0.269376
0.228475 0.522022
0.566116 0.247691
0.217029 0.534168
0.875946 0.0640931
0.873867 0.0652251
0.556185 0.254245
0.220113 0.530903
0.561961 0.250371
0.189152 0.567895
0.88084 0.0614764
0.21282 0.538704
0.526144 0.274944
0.194208 0.55943
0.238491 0.512419
0.564127 0.24893
0.542687 0.263342
0.906745 0.0494383
0.190561 0.563974
0.523113 0.277523
0.241575 0.511337
0.200293 0.552634
0.524427 0.27617
0.547482 0.260088
0.888663 0.057321
0.229901 0.520628
0.560212 0.25154
0.86946 0.0675978
0.552364 0.256812
0.209215 0.542622
0.195465 0.557998
0.895144 0.0538929
0.206165 0.545981
0.887163 0.0581138
0.538468 0.266263
0.225151 0.525533
0.221667 0.529218
0.222934 0.527859
0.214104 0.537299
0.549824 0.25851
0.218797 0.532263
0.903889 0.0495894
0.543919 0.262508
0.89013 0.0565716
0.231234 0.519184
0.536937 0.267381
0.198905 0.55413
0.856387 0.0754966
0.867819 0.0684975
0.567945 0.246593
0.570507 0.245257
0.871286 0.066673
0.203978 0.548553
0.892027 0.0555401
0.534904 0.268683
0.202655 0.549892
0.193435 0.560412
0.860428 0.0724833
0.528467 0.273105
0.553988 0.255703
0.540378 0.264921
0.529903 0.272164
0.235789 0.514896
0.522212 0.280449
0.234289 0.516156
0.54553 0.261451
0.900556 0.0511325
0.201614 0.551047
0.197471 0.555712
0.52728 0.273939
0.898652 0.0520709
0.897441 0.0526802
0.879179 0.0623676
0.55749 0.253427
0.196437 0.556862
0.189633 0.566094
0.227075 0.523487
0.20787 0.54414
0.558978 0.252365
0.191544 0.562701
0.239632 0.511714
0.223892 0.526893
0.883383 0.0601361
0.885433 0.0590335
0.532053 0.27069
0.205096 0.547212
0.855166 0.0796768
0.866083 0.0694298
0.864062 0.0705236
