0.0695027 0.736563
0.386715 0.37815
0.0652842 0.744521
0.716618 0.153496
0.391881 0.374012
0.371615 0.390828
0.045966 0.785809
0.0351039 0.813015
0.0985354 0.692863
0.756208 0.130478
0.0339429 0.816279
0.410465 0.359365
0.366756 0.395023
0.436223 0.345979
0.408961 0.360604
0.0418078 0.795673
0.374037 0.388533
0.435302 0.346837
0.04095 0.797891
0.0812459 0.715106
0.762259 0.129139
0.401306 0.366545
0.0782908 0.720445
0.368776 0.39288
0.0524243 0.771092
0.0794977 0.718177
0.375309 0.387419
0.365507 0.398655
0.75286 0.132642
0.413352 0.357184
0.0327194 0.821101
0.406902 0.362156
0.0750595 0.726398
0.420968 0.351284
0.0665759 0.742025
0.038079 0.805521
0.743764 0.137619
0.0684237 0.738465
0.0629053 0.74928
0.0609903 0.753117
0.398525 0.368732
0.385031 0.379513
0.0582913 0.75867
0.0499108 0.776659
0.706351 0.160106
0.0476548 0.781732
0.38078 0.382969
0.396667 0.370218
0.737997 0.14096
0.0514665 0.77319
0.749165 0.134525
0.0900655 0.700271
0.423573 0.349442
0.699762 0.164461
0.096006 0.694169
0.365374 0.399764
0.0556052 0.764218
0.735052 0.14267
0.377368 0.385744
0.713304 0.155533
0.0445347 0.789242
0.740431 0.139563
0.0713104 0.733012
0.0867749 0.705752
0.0573298 0.760625
0.389048 0.376279
0.0888263 0.702162
0.0737069 0.728605
0.418379 0.35324
0.0322754 0.823826
0.393595 0.372654
0.416219 0.354898
0.0372713 0.807541
0.0921668 0.698146
0.0940349 0.695702
0.0400226 0.800438
0.708891 0.158084
0.0725801 0.730685
0.0489934 0.778927
0.0768825 0.722935
0.383038 0.381166
0.0360627 0.810401
0.733218 0.143744
0.70274 0.161805
0.720207 0.151365
0.0641887 0.746685
0.730828 0.145131
0.101879 0.692167
0.403699 0.364688
0.745936 0.136408
0.727284 0.147219
0.0849418 0.708655
0.0315802 0.830278
0.710952 0.156867
0.0536581 0.76841
0.0595241 0.756115
0.0428961 0.793113
0.723505 0.14944
0.759166 0.129745
0.0826359 0.71261
