0.425908 0.347403
0.113199 0.663774
0.44071 0.336279
0.0707202 0.734474
0.0875192 0.704186
0.742517 0.138354
0.738584 0.140673
0.403169 0.365972
0.115172 0.661017
0.446501 0.331967
0.0747704 0.726679
0.75117 0.133325
0.0954448 0.691089
0.442342 0.33497
0.779948 0.116989
0.0852862 0.708017
0.418817 0.352858
0.760874 0.127729
0.448086 0.330963
0.766702 0.124444
0.0992639 0.684975
0.0983554 0.686419
0.112072 0.665323
0.0834701 0.711102
0.78276 0.115374
0.453449 0.328564
0.101763 0.681061
0.119088 0.656914
0.0782858 0.720385
0.756045 0.130506
0.736282 0.14287
0.0965603 0.689337
0.402148 0.36869
0.438992 0.337463
0.110875 0.667076
0.100571 0.682932
0.0911144 0.698208
0.432407 0.342474
0.0715712 0.732618
0.77599 0.119151
0.428835 0.345169
0.77848 0.1178
0.109763 0.668836
0.105584 0.675097
0.773106 0.120787
0.0896146 0.700677
0.0941118 0.693256
0.0693071 0.738441
0.407084 0.36204
0.412205 0.358025
0.449546 0.329657
0.415478 0.355459
0.427368 0.346297
0.768834 0.123202
0.0725381 0.730881
0.0844202 0.709477
0.75796 0.129398
0.0925403 0.695814
0.107531 0.672278
0.40431 0.364363
0.40865 0.36081
0.420877 0.351267
0.416815 0.354396
0.430549 0.343869
0.444186 0.333566
0.405538 0.363283
0.0885575 0.702452
0.0795809 0.717992
0.74076 0.139384
0.735397 0.149475
0.108903 0.670153
0.436837 0.339085
0.0806855 0.716007
0.410887 0.359029
0.745933 0.136385
0.754758 0.131277
0.763599 0.126217
0.103225 0.678787
0.765012 0.125369
0.0757016 0.724967
0.104572 0.676693
0.116399 0.659049
0.744436 0.13724
0.068932 0.745404
0.435368 0.340195
0.784289 0.115049
0.120274 0.656853
0.401358 0.374648
0.752826 0.132374
0.737605 0.141375
0.748274 0.135001
0.082154 0.713424
0.434044 0.341229
0.413961 0.356624
0.771285 0.121817
0.0866738 0.70567
0.0765857 0.723332
0.0737827 0.728441
0.423278 0.349455
0.735441 0.145377
