0.0770567 0.722678
0.0276125 0.834435
0.358135 0.416536
0.0331901 0.818048
0.736393 0.141935
0.0715412 0.732758
0.050226 0.775936
0.0931689 0.70634
0.358154 0.407349
0.744545 0.137186
0.0602981 0.754577
0.740007 0.139915
0.711128 0.156732
0.0248919 0.850524
0.415561 0.355597
0.0738787 0.728447
0.400097 0.367495
0.724184 0.149035
0.0477495 0.781589
0.0291146 0.829862
0.3745 0.388071
0.0578904 0.759472
0.0665175 0.742174
0.0614059 0.752238
0.391831 0.374099
0.69452 0.166836
0.747463 0.135542
0.413971 0.356762
0.418364 0.354001
0.380268 0.383389
0.397843 0.369273
0.0537619 0.768242
0.371292 0.390731
0.0589153 0.757358
0.0553239 0.764851
0.081033 0.715565
0.702515 0.161858
0.359419 0.401929
0.699099 0.163994
0.378271 0.385031
0.0516642 0.77272
0.705512 0.160117
0.0724486 0.73096
0.376565 0.386402
0.0320153 0.821218
0.0821663 0.713767
0.0836936 0.711329
0.0487087 0.779348
0.366959 0.394299
0.0847972 0.709949
0.383012 0.381145
0.73351 0.143573
0.0459 0.785811
0.369215 0.392389
0.714953 0.154481
0.0673831 0.74055
0.0358871 0.810591
0.750748 0.133811
0.0284126 0.83268
0.0699653 0.735643
0.0376145 0.806244
0.364224 0.396621
0.042391 0.794203
0.0797085 0.718289
0.402019 0.365991
0.731311 0.144856
0.0413156 0.796815
0.0404383 0.799052
0.0859555 0.70848
0.0387764 0.803381
0.420295 0.353454
0.728975 0.146224
0.385031 0.379499
0.387919 0.377202
0.69238 0.17017
0.708679 0.158233
0.0647516 0.745624
0.0307086 0.825008
0.0632921 0.748477
0.361507 0.399048
0.718613 0.152303
0.753244 0.133331
0.394838 0.371678
0.0784186 0.720292
0.726414 0.14772
0.0253125 0.844367
0.407916 0.361472
0.0264447 0.83911
0.0340204 0.81582
0.08855 0.707076
0.74249 0.13846
0.40538 0.363397
0.0689356 0.737558
0.721867 0.150389
0.389852 0.375639
0.411147 0.358865
0.0759568 0.724668
0.697386 0.165009
0.044313 0.78954
0.0567738 0.761767
