0.459761 0.32229
0.13517 0.632406
0.129287 0.640549
0.0111131 0.894679
0.450684 0.329545
0.490036 0.301063
0.0564364 0.762485
0.207347 0.54489
0.937192 0.0361584
0.340855 0.416505
0.247269 0.503019
0.374586 0.388486
0.501398 0.295087
0.585894 0.235983
0.387421 0.378307
0.443365 0.334953
0.0359494 0.810414
0.792987 0.110901
0.254258 0.496234
0.281732 0.469477
0.470854 0.314889
0.482729 0.306883
0.413882 0.357428
0.274016 0.477074
0.146718 0.617153
0.0145443 0.879411
0.0210649 0.854894
0.172783 0.584556
0.215416 0.536162
0.695947 0.168265
0.999199 0.00124189
0.28973 0.462127
0.0960654 0.690112
0.357567 0.402555
0.300167 0.452951
0.650926 0.200136
0.140518 0.625286
0.673686 0.181157
0.366278 0.39537
0.193466 0.560561
0.20028 0.552719
0.112635 0.664451
0.00520358 0.927974
0.0397203 0.80073
0.186282 0.568676
0.223753 0.527541
9.42885e-07 0.999459
0.785663 0.117067
0.153368 0.608665
0.403629 0.365944
0.799481 0.108153
0.554339 0.256538
0.00793893 0.911015
0.0906672 0.698931
0.00286217 0.946547
0.997108 0.00507581
0.106854 0.673158
0.539049 0.269837
0.167181 0.591315
0.266934 0.483688
0.654126 0.193397
0.307961 0.445684
0.395667 0.3715
0.0282879 0.831821
0.0477915 0.781434
0.00101297 0.968206
0.070458 0.734603
0.0855085 0.70773
0.0436951 0.791013
0.593364 0.230293
0.510434 0.292884
0.706684 0.16361
0.232742 0.518061
0.316228 0.438112
0.101315 0.681839
0.0804703 0.716439
0.0754413 0.725405
0.261066 0.489289
0.565209 0.250961
0.0655837 0.743969
0.051996 0.772007
0.332176 0.424112
0.606753 0.222497
0.239996 0.510286
0.662391 0.186904
0.546525 0.261129
0.161139 0.598802
0.423098 0.350549
0.925753 0.0384837
0.123775 0.64834
0.179474 0.576524
0.0608652 0.753325
0.0177072 0.866955
0.0245965 0.843194
0.323549 0.431825
0.118106 0.656479
0.0320549 0.82098
0.918793 0.0461624
0.432704 0.342757
0.348624 0.410649
