0.263158 0.487329
0.448272 0.331346
0.191923 0.562135
0.608737 0.220821
0.180068 0.575815
0.242634 0.507787
0.125155 0.646321
0.0067067 0.918132
0.547687 0.260518
0.0859723 0.706912
0.110701 0.667347
0.186164 0.568663
0.0478604 0.781249
0.379356 0.38444
0.145269 0.618964
0.130008 0.639513
0.235944 0.51468
0.539279 0.26687
0.00240977 0.95092
0.556874 0.256038
0.762525 0.129252
0.101208 0.681929
0.0703821 0.734737
0.0653536 0.744388
0.0285021 0.831229
0.198464 0.554685
0.000823121 0.971324
0.222328 0.52866
0.174441 0.58244
0.438531 0.339005
0.0214435 0.853615
0.215765 0.535678
0.140111 0.625807
0.120262 0.653309
0.292542 0.459426
0.0755352 0.725255
0.482362 0.30933
0.115401 0.660333
0.300044 0.453023
0.417146 0.354485
0.402523 0.366108
0.59136 0.231939
0.209921 0.542056
0.00444741 0.93332
0.918458 0.0424027
0.0362866 0.80954
0.204109 0.548363
0.168489 0.589626
1.01587e-06 0.999409
0.0607362 0.753585
0.912476 0.0480873
0.0401572 0.79962
0.454662 0.326323
0.256349 0.494077
0.36062 0.400725
0.228613 0.522255
0.315184 0.439014
0.0149522 0.877746
0.134992 0.632669
0.598665 0.226593
0.018076 0.86558
0.0439159 0.790461
0.0808188 0.715821
0.471174 0.314985
0.93773 0.0400666
0.351495 0.4082
0.156974 0.604004
0.619779 0.218245
0.425647 0.348692
0.0120355 0.890315
0.30768 0.445947
0.752999 0.135196
0.0323344 0.820214
0.585385 0.239538
0.505183 0.290208
0.162809 0.596682
0.15114 0.611373
0.0561308 0.763115
0.0518542 0.77231
0.27743 0.473661
0.372664 0.390236
0.285364 0.466175
0.105971 0.674506
0.323194 0.431749
0.512363 0.284963
0.409259 0.360719
0.091481 0.697634
0.461697 0.321459
0.0248085 0.842549
0.392863 0.374128
0.249835 0.500755
0.270248 0.480559
0.499651 0.297504
0.0962405 0.689815
0.343431 0.414963
0.523911 0.277581
0.00925975 0.903805
0.385013 0.379864
0.366374 0.395076
0.331951 0.424638
