0.329654 0.42608
0.734603 0.144153
0.194718 0.559039
0.00697394 0.916503
0.300085 0.452674
0.741769 0.139952
0.411584 0.359025
0.148614 0.614602
0.374713 0.38873
0.248726 0.501667
0.166198 0.592525
0.881869 0.0651995
0.220706 0.530625
0.353019 0.407154
0.102653 0.679668
0.885478 0.0601797
0.531648 0.274814
0.561157 0.252366
0.284395 0.466981
0.0320764 0.820989
0.0591158 0.756903
0.365671 0.396096
0.484567 0.306506
0.0635633 0.747911
0.118722 0.655516
0.183378 0.571899
0.395664 0.372253
0.766756 0.126596
0.154525 0.607057
0.754783 0.13499
0.0045275 0.932729
0.0867085 0.705584
0.0816995 0.71421
0.00244033 0.950616
0.207514 0.54463
0.0128665 0.886601
0.256795 0.493821
0.904683 0.0539168
0.136388 0.630795
0.00978259 0.901121
0.499224 0.29929
0.336646 0.420492
0.0196605 0.859837
0.427737 0.346372
0.097282 0.688159
0.0161423 0.87299
0.0544342 0.766721
0.124464 0.647333
0.18932 0.565037
0.533957 0.270777
0.241241 0.509072
0.160158 0.59989
0.629526 0.211271
0.0919545 0.696834
0.108078 0.671345
0.291635 0.460755
0.0725229 0.730743
0.0234573 0.846902
1.032e-06 0.999595
0.552181 0.257673
0.403131 0.365614
0.23476 0.515633
0.418485 0.353821
0.449015 0.331819
0.314359 0.439819
0.113298 0.663485
0.277299 0.473635
0.177347 0.579017
0.130407 0.638963
0.436061 0.340874
0.641531 0.200171
0.322441 0.432696
0.728262 0.15043
0.895837 0.0556558
0.384627 0.380349
0.171806 0.585694
0.0771161 0.722393
0.263152 0.487336
0.0276631 0.833768
0.228137 0.522795
0.0410019 0.79758
0.0454494 0.786843
0.4669 0.317118
0.656558 0.194603
0.569725 0.249379
0.473841 0.312321
0.77563 0.122811
0.635238 0.203884
0.270958 0.480066
0.21431 0.53727
0.14249 0.622657
0.345085 0.413215
0.00081712 0.971442
0.20126 0.551619
0.0678958 0.739454
0.456563 0.324643
0.0366202 0.808727
0.307005 0.446233
0.0498722 0.776707
0.542754 0.264274
