0.237292 0.513022
0.187903 0.56661
0.0387921 0.803066
0.10012 0.683771
0.0167306 0.870682
0.276272 0.474692
0.563561 0.251567
0.479644 0.30831
0.340679 0.41683
0.193965 0.559756
0.231197 0.519449
0.145557 0.618644
0.864475 0.0714152
0.140158 0.625737
0.3227 0.432777
0.0793454 0.718359
0.395299 0.372016
0.0574309 0.760373
0.181798 0.573868
0.134948 0.632757
0.0461043 0.785303
0.0535337 0.768647
0.0351873 0.812437
0.417818 0.354496
0.426775 0.347563
0.0137138 0.882908
0.487561 0.303845
0.061588 0.751861
0.0110311 0.894979
0.0200935 0.858304
0.663716 0.187262
0.00222365 0.952863
0.313407 0.440947
0.269432 0.481259
0.70401 0.161697
0.514802 0.283491
0.0424188 0.794064
0.367298 0.394701
0.129856 0.639734
0.291566 0.460793
0.212516 0.539219
0.249987 0.500572
0.0658599 0.7434
0.531358 0.272196
0.151119 0.611408
0.168618 0.589542
0.45974 0.322661
0.0085267 0.907672
0.0746866 0.726786
0.52111 0.278711
0.00409004 0.936062
0.262764 0.487816
0.510191 0.290347
0.305994 0.447183
0.57374 0.248704
0.409305 0.360898
0.162772 0.596644
0.402082 0.366247
0.348909 0.409916
0.385141 0.380247
0.00620355 0.921246
0.023823 0.845717
0.299576 0.45295
0.225181 0.525754
0.200029 0.553191
0.04982 0.776814
0.175238 0.581674
0.110391 0.667796
0.10522 0.675706
0.206212 0.546356
0.35627 0.40428
0.0314943 0.822589
0.658955 0.198951
0.124972 0.646553
0.670835 0.182371
0.699235 0.165804
0.282735 0.468833
0.0893724 0.701141
0.218472 0.532836
6.52264e-07 0.999818
0.256001 0.494341
0.544763 0.262697
0.115242 0.66059
0.726891 0.150967
0.0277291 0.833522
0.000740738 0.972807
0.553706 0.257654
0.377045 0.386656
0.859442 0.0753993
0.436485 0.340701
0.243566 0.506768
0.46979 0.315069
0.0841789 0.709892
0.718124 0.153329
0.449836 0.331203
0.0702454 0.73499
0.120085 0.653565
0.156791 0.604149
0.0945285 0.692758
0.330484 0.425672
