0.288153 0.463615
0.223494 0.527588
0.790277 0.111881
0.00548775 0.925946
0.479672 0.309823
0.110053 0.66834
0.499712 0.295572
0.403683 0.365319
0.32623 0.429358
0.18975 0.564611
0.893659 0.0568611
0.296014 0.456427
0.265784 0.485079
0.556361 0.254528
0.78571 0.120335
0.0502378 0.775876
0.18346 0.571953
0.0992549 0.685055
0.133333 0.634967
0.642438 0.204651
0.0759449 0.724482
0.281211 0.469968
0.421885 0.352049
0.988745 0.00628185
0.650769 0.194808
0.171271 0.586366
0.196244 0.55712
0.549911 0.261352
0.244469 0.505836
0.451319 0.328981
0.121384 0.651799
0.202738 0.550062
0.12746 0.643141
0.230807 0.519903
0.0384119 0.80403
0.165273 0.593625
0.508019 0.288075
0.657253 0.190138
0.034499 0.814284
0.215824 0.535584
0.309967 0.443609
0.0166907 0.870817
0.00103513 0.967843
0.0626206 0.749782
0.349463 0.409266
0.115705 0.659947
0.0849034 0.708658
0.0669775 0.741246
0.386666 0.378438
0.0268111 0.83627
0.00301663 0.945092
0.565882 0.248761
0.25144 0.498975
0.0583612 0.758446
0.15224 0.610058
0.0198415 0.859159
0.14547 0.618849
0.379662 0.385343
0.334866 0.421688
0.139085 0.627123
0.674841 0.179447
0.0081575 0.90971
0.158782 0.601653
0.209662 0.542336
0.0805053 0.716369
0.030589 0.82513
0.10454 0.676775
0.442802 0.334888
0.303044 0.449839
0.31883 0.435861
0.0422402 0.794514
0.517743 0.282179
0.689175 0.174491
0.258943 0.491568
0.394453 0.372537
0.801725 0.109088
0.0713844 0.732878
0.0896083 0.700738
0.363707 0.397302
0.274117 0.477012
0.0109267 0.895491
1.609e-06 0.999234
0.177415 0.578929
0.0463305 0.784773
0.0233028 0.847363
0.0943862 0.692839
0.436775 0.341005
0.468403 0.316265
0.341933 0.415666
0.410438 0.359955
0.899979 0.052756
0.99094 0.00564572
0.357453 0.40282
0.0136914 0.883002
0.370671 0.392358
0.458868 0.323221
0.593489 0.23448
0.237503 0.512982
0.581052 0.238782
0.0542264 0.767164
