0.877977 0.0752866
0.31154 0.443051
0.0986281 0.686014
0.213451 0.538237
0.130865 0.638309
0.0758338 0.724656
0.066935 0.741306
0.17509 0.581789
0.0893349 0.701161
0.0802979 0.716688
0.282987 0.468579
0.194761 0.558812
0.383091 0.381568
0.0498083 0.776864
0.147657 0.615886
0.0374755 0.806454
0.411398 0.359551
0.125576 0.645795
0.219359 0.531784
0.0196147 0.859961
0.374953 0.388427
0.390716 0.375698
0.531183 0.27182
0.0336012 0.81674
0.476093 0.31488
0.268269 0.482485
0.445429 0.332835
0.158546 0.60198
0.853759 0.0769885
0.00476196 0.931022
0.0262005 0.838157
0.846832 0.0807456
0.658733 0.193498
0.120153 0.653462
0.455168 0.327835
0.55679 0.260204
0.103692 0.678062
0.093979 0.693485
0.399808 0.369098
0.319886 0.435005
0.358542 0.402176
0.163532 0.595734
0.136372 0.630834
0.0132408 0.884948
0.207166 0.545044
0.419268 0.353231
0.0714911 0.732661
0.482183 0.30655
0.261063 0.489349
0.00254007 0.949612
0.699353 0.16802
0.437421 0.339
0.016423 0.871858
0.539072 0.267297
0.0582071 0.758775
0.0455859 0.786507
0.010194 0.899074
0.153123 0.608786
0.367237 0.39528
0.253153 0.497164
0.67798 0.177509
0.245612 0.504851
0.168923 0.589122
0.333037 0.423293
0.0626087 0.749811
0.109277 0.669531
0.0414763 0.796367
0.0298258 0.827315
0.00737212 0.914174
0.499704 0.294486
0.053998 0.767693
0.351626 0.407159
0.513913 0.284578
0.297109 0.455425
0.231285 0.519327
0.14217 0.623119
0.0848954 0.708677
0.428961 0.345833
0.668664 0.183012
0.181421 0.574234
0.237733 0.512651
0.201085 0.551676
0.289755 0.461953
0.549405 0.262791
0.490802 0.300674
0.520455 0.279197
0.188193 0.566546
0.84251 0.0893497
0.338969 0.418329
9.1594e-07 0.999752
0.325927 0.42938
0.000808756 0.971585
0.304059 0.449043
0.114529 0.661659
0.661709 0.188517
0.224725 0.526151
0.346048 0.41218
0.0228073 0.848999
0.688585 0.170805
0.275149 0.475868
