0.140649 0.62513
0.335539 0.42126
0.574818 0.243122
0.306503 0.446793
0.564691 0.252308
0.0989086 0.68558
0.0072366 0.914966
0.0262119 0.838117
0.342416 0.41529
0.437911 0.338766
0.000849458 0.970872
0.180353 0.575431
0.351061 0.408261
0.255162 0.495395
0.981359 0.0133645
0.205771 0.546652
0.240025 0.510392
0.915215 0.0439746
0.15794 0.602655
0.444672 0.334109
0.103593 0.67818
0.660236 0.189201
0.0227121 0.849311
0.463398 0.319916
0.667193 0.184143
0.359548 0.400855
0.084474 0.709403
0.23294 0.517508
0.0798823 0.717408
0.269899 0.480707
0.427787 0.346692
0.00999276 0.900068
0.582434 0.237481
0.124521 0.647253
0.495105 0.297592
0.113825 0.662691
0.320776 0.433865
0.13508 0.632647
0.146627 0.617225
0.198567 0.554638
0.051621 0.772833
0.619913 0.214577
0.366737 0.395102
1.60688e-06 0.999557
0.0562749 0.762804
0.108362 0.670857
0.213846 0.537779
0.163288 0.59606
0.405525 0.36403
0.488081 0.303982
0.00251579 0.949851
0.313827 0.440349
0.521104 0.27966
0.590244 0.232986
0.016064 0.873272
0.174669 0.58216
0.469934 0.316994
0.0703186 0.734847
0.262557 0.487865
0.0194062 0.860706
0.502608 0.292
0.0383483 0.80422
0.298491 0.454386
0.397167 0.371093
0.291486 0.460532
0.0299671 0.826912
0.284422 0.467086
0.226824 0.524097
0.152489 0.609664
0.0469091 0.783465
0.191976 0.562236
0.0892275 0.701351
0.512538 0.285075
0.454392 0.326484
0.781489 0.118224
0.168894 0.589228
0.1862 0.568715
0.970286 0.0172524
0.0608044 0.75349
0.794061 0.112188
0.0339868 0.815692
0.220083 0.531006
0.0129407 0.886264
0.129727 0.639886
0.276921 0.474085
0.327289 0.428674
0.0426789 0.793482
0.776734 0.128207
0.00470752 0.931406
0.119171 0.654913
0.632004 0.207926
0.684978 0.180902
0.0941011 0.693347
0.414715 0.356657
0.530174 0.276388
0.386648 0.379227
0.0655183 0.744101
0.247362 0.503406
0.0752092 0.7258
0.374501 0.389084
