0.323133 0.431906
0.44098 0.336572
0.390969 0.375571
0.0473309 0.782488
0.0043767 0.933862
0.180952 0.574939
0.416754 0.356243
0.269213 0.481326
0.193647 0.560133
0.332114 0.424504
0.283484 0.468233
0.160991 0.598978
0.125408 0.645949
0.7565 0.134771
0.174646 0.582244
0.562692 0.255984
0.0935838 0.69413
0.347057 0.411292
0.0246375 0.84305
0.0353787 0.811928
0.0606596 0.753757
0.120226 0.653337
0.434583 0.341168
0.0281008 0.832385
0.0834861 0.711148
0.0698201 0.735806
0.339719 0.417607
0.523243 0.281095
0.0392238 0.801967
0.360655 0.400076
0.167306 0.591127
0.353913 0.405506
0.511301 0.28637
0.648875 0.197397
0.448983 0.332899
0.275768 0.475279
0.46348 0.320385
0.573708 0.244071
0.483312 0.306149
0.248847 0.501441
0.00239403 0.951084
0.114795 0.661271
0.000801545 0.971705
0.399968 0.368504
0.584661 0.238374
0.234989 0.515556
0.199751 0.553258
1.00295 0.000154532
0.262234 0.488285
0.997247 0.00201414
0.472914 0.31264
0.503082 0.291798
0.0886991 0.702222
0.994303 0.00997558
0.0093235 0.903455
0.667768 0.183711
0.0514798 0.773173
0.565576 0.249268
0.0741889 0.727658
0.376285 0.386991
0.0989486 0.685506
1.07108e-06 0.999666
0.154498 0.607082
0.0431414 0.792315
0.493217 0.299029
0.254984 0.495291
0.0149966 0.87756
0.29288 0.459345
0.103988 0.677596
0.228426 0.522764
0.0120817 0.890098
0.0212415 0.854277
0.816766 0.0986962
0.609677 0.221039
0.0560088 0.763368
0.141777 0.623651
0.109519 0.669111
0.778897 0.122542
0.60095 0.22602
0.187276 0.5675
0.006719 0.918052
0.220074 0.531135
0.0316892 0.822006
0.135989 0.631339
0.764904 0.126671
0.654815 0.191622
0.300648 0.451939
0.383932 0.380785
0.242647 0.507851
0.148353 0.614939
0.018039 0.865707
0.316794 0.437671
0.309322 0.444434
0.425899 0.347775
0.21336 0.538264
0.206151 0.546184
0.130529 0.638803
0.0651103 0.744883
0.0787206 0.719485
0.370454 0.392028
