0.295508 0.456763
0.122718 0.649772
0.0957901 0.690574
0.457472 0.324738
0.190819 0.563285
0.0750611 0.726127
0.287781 0.464316
0.349831 0.409498
0.482058 0.306945
0.0801418 0.716954
0.6463 0.196872
0.127812 0.642545
0.637554 0.209285
0.871901 0.0700841
0.43286 0.344418
0.851067 0.0812003
0.0516593 0.772732
0.0361667 0.809862
0.0220937 0.851397
0.0290551 0.829574
0.0255705 0.840117
0.0558834 0.763634
0.713021 0.161747
0.369428 0.39271
0.513767 0.284039
0.473384 0.313023
0.00913922 0.904415
0.451522 0.331268
0.00076305 0.972391
0.540105 0.269074
0.241614 0.508789
0.0435891 0.791236
0.0120814 0.890114
0.0186338 0.863534
0.320998 0.434164
0.0905606 0.699137
0.396202 0.371011
8.21016e-07 0.999552
0.413368 0.357481
0.0325205 0.819691
0.0700503 0.735385
0.341473 0.416034
0.248588 0.501594
0.859007 0.0741772
0.641467 0.201633
0.377931 0.386118
0.388171 0.377652
0.13843 0.628091
0.0603232 0.75446
0.662731 0.188536
0.11741 0.657454
0.133038 0.635411
0.172097 0.585424
0.222113 0.52906
0.00657002 0.918956
0.04739 0.78232
0.422616 0.350443
0.143711 0.621015
0.0853125 0.707981
0.466804 0.317654
0.528769 0.273215
0.572873 0.244479
0.263673 0.486966
0.0398615 0.800382
0.729353 0.149939
0.718786 0.153042
0.327167 0.428378
0.154853 0.606652
0.653384 0.192378
0.0152525 0.87652
0.160605 0.599376
0.209903 0.541928
0.178149 0.578104
0.564445 0.252926
0.112024 0.665355
0.184306 0.570892
0.278498 0.472755
0.228098 0.522499
0.312115 0.441929
0.00419249 0.935278
0.166185 0.592454
0.405713 0.363934
0.00222783 0.952811
0.203914 0.54866
0.256053 0.494702
0.149142 0.613943
0.50464 0.291897
0.520319 0.279515
0.304082 0.449122
0.234856 0.515602
0.581542 0.23819
0.361411 0.400075
0.215818 0.535743
0.0650716 0.744958
0.333529 0.422895
0.106648 0.673481
0.197271 0.556034
0.101133 0.682056
0.270869 0.479756
0.592564 0.231364
