0.211253 0.540693
0.224064 0.52688
0.00910654 0.904583
0.554097 0.256242
0.217377 0.53387
0.266236 0.484591
0.887326 0.0610159
0.56258 0.250899
0.252309 0.497924
0.0964404 0.689519
0.360215 0.400914
0.732077 0.153215
0.619915 0.213897
0.324346 0.430924
0.462081 0.320841
0.126967 0.643776
0.0342045 0.815074
0.512128 0.29242
0.28195 0.469442
0.144121 0.62045
0.167552 0.590858
0.062966 0.749131
0.498856 0.295987
0.111379 0.666329
0.38609 0.379226
0.0238417 0.845605
0.477687 0.309396
0.138401 0.62806
0.317188 0.437174
0.106374 0.67391
0.637271 0.209224
0.155752 0.605507
0.290117 0.461913
0.47115 0.314662
0.0146957 0.878798
0.00430741 0.934377
0.579311 0.240567
0.307097 0.446432
0.738664 0.141401
0.746209 0.13664
0.0495726 0.777386
0.0207115 0.856104
0.173383 0.583736
0.431898 0.343789
0.0915319 0.697561
0.204477 0.548101
0.00232076 0.951839
0.0819828 0.713716
0.231582 0.519305
0.274481 0.476585
0.394434 0.372675
0.259457 0.490831
0.300008 0.452849
0.0676412 0.739971
0.161946 0.597687
0.0723838 0.730987
0.425266 0.348698
0.185499 0.569458
2.37024e-06 0.999649
0.402046 0.367296
0.0582965 0.758583
0.121522 0.651484
0.0414868 0.796343
0.149704 0.613238
0.891972 0.0563578
0.603874 0.225633
0.132691 0.635841
0.439041 0.339603
0.101423 0.681592
0.545766 0.262777
0.370978 0.391501
0.245714 0.504604
0.0271769 0.835152
0.239271 0.51128
0.00657581 0.918919
0.0537877 0.768121
0.0770993 0.722381
0.0176252 0.867257
0.759595 0.132154
0.378412 0.385445
0.0378401 0.805494
0.000765968 0.972362
0.613625 0.21764
0.0454023 0.786939
0.572061 0.244272
0.0306075 0.825063
0.191723 0.562379
0.116347 0.658963
0.198144 0.554996
0.538804 0.27018
0.0866339 0.705708
0.331924 0.424238
0.179461 0.576501
0.412019 0.359046
0.418203 0.353694
0.45466 0.327869
0.488523 0.302066
0.0118584 0.891127
0.350542 0.409268
0.341197 0.416976
