0.136113 0.631153
0.620195 0.220773
0.603717 0.224278
0.0196118 0.859989
0.211223 0.540661
0.743484 0.138429
0.184427 0.570729
0.0772389 0.722124
0.251947 0.498494
0.147746 0.615832
0.514144 0.290295
0.159458 0.600875
0.391975 0.374309
0.0501618 0.776068
0.165153 0.593795
0.00449865 0.932994
0.23826 0.51219
0.351628 0.407321
0.177685 0.578614
0.38454 0.380664
0.20493 0.547509
0.370615 0.392239
0.107798 0.671741
0.4413 0.336114
0.00988431 0.900674
0.258166 0.492562
0.00228877 0.952239
0.24564 0.504659
0.290333 0.461576
0.377161 0.38642
0.0133223 0.884626
0.465314 0.318446
0.451434 0.32966
0.0164256 0.871866
0.935113 0.0399715
0.459704 0.322588
0.0972398 0.688259
0.359751 0.400927
0.434541 0.342045
0.224942 0.526008
0.409702 0.360681
0.416824 0.354681
0.15374 0.608025
0.580972 0.238913
0.493392 0.299068
0.265005 0.4855
0.551582 0.259496
0.231597 0.519021
0.277642 0.473391
0.0418568 0.795429
0.124307 0.647564
0.283817 0.467568
0.501277 0.294594
0.0545528 0.766478
0.473483 0.312534
0.113152 0.663686
0.14171 0.623644
0.191277 0.562913
0.593139 0.230954
0.10256 0.679838
0.0460291 0.785483
0.325997 0.429725
0.218241 0.533038
0.271654 0.479011
0.333044 0.423699
0.0918625 0.69697
0.482307 0.306683
9.85292e-07 0.999441
0.0868101 0.70539
0.399215 0.368879
0.118616 0.655662
0.572308 0.244069
0.317666 0.437181
0.916695 0.0429947
0.736952 0.144928
0.0340853 0.815407
0.130011 0.639501
0.0589932 0.757145
0.563407 0.249772
0.00081392 0.971508
0.424582 0.350437
0.0230691 0.84813
0.297312 0.45523
0.0267268 0.83653
0.0378952 0.805363
0.0304232 0.825587
0.304005 0.448971
0.769974 0.123783
0.341058 0.416549
0.0725663 0.730678
0.081933 0.713803
0.00707238 0.916042
0.734838 0.158026
0.197627 0.555631
0.0634424 0.74816
0.310528 0.442965
0.911913 0.0527165
0.171627 0.585842
0.0678919 0.739484
0.544851 0.269424
