0.430555 0.344331
0.57333 0.246513
0.448008 0.331567
0.378312 0.385176
0.849434 0.0836629
0.00229361 0.952121
0.197551 0.555772
0.190617 0.563566
0.0255717 0.840095
0.326761 0.428765
0.0572393 0.760789
0.405758 0.364845
0.596397 0.228954
0.149663 0.613294
0.184647 0.570443
0.109841 0.668647
0.312291 0.44149
0.204242 0.548405
0.768807 0.123779
0.508241 0.287685
0.129434 0.640378
0.0401152 0.799732
0.351591 0.408895
0.0289859 0.829757
0.516305 0.281656
0.288916 0.463178
0.371482 0.390807
1.79381e-06 0.998892
0.0158958 0.873984
0.773225 0.121714
0.365024 0.397576
0.000782317 0.972047
0.244121 0.506073
0.13451 0.633368
0.11459 0.661561
0.265386 0.485186
0.319432 0.435579
0.0660281 0.743078
0.0802259 0.716799
0.866788 0.0735649
0.0752899 0.725652
0.172915 0.584384
0.00416172 0.935504
0.155204 0.606143
0.224128 0.526721
0.0616574 0.751731
0.144263 0.620255
0.0363784 0.809289
0.30528 0.447913
0.161041 0.598807
0.0705291 0.734442
0.0192714 0.861195
0.494957 0.299178
0.0484629 0.77991
0.737197 0.156253
0.0441382 0.789943
0.471879 0.316424
0.0527945 0.770275
0.250313 0.500069
0.0850729 0.708362
0.230484 0.520246
0.531062 0.272204
0.139284 0.626844
0.395476 0.37203
0.582322 0.23731
0.105076 0.675907
0.124428 0.647323
0.178628 0.577562
0.272586 0.478254
0.500899 0.293098
0.0093719 0.903287
0.420464 0.352641
0.0901011 0.699912
0.217209 0.534245
0.0223361 0.850564
0.856087 0.0757726
0.615065 0.224706
0.16684 0.591764
0.0950875 0.691729
0.210772 0.541161
0.279329 0.47199
0.457683 0.324772
0.439612 0.337901
0.0126578 0.887544
0.542765 0.266808
0.342213 0.415645
0.333655 0.422932
0.237774 0.512723
0.119344 0.65462
0.00644461 0.919764
0.746121 0.138896
0.603762 0.226588
0.738268 0.150976
0.100118 0.683639
0.0325981 0.81947
0.296903 0.455505
0.752136 0.133211
0.385418 0.379701
0.258397 0.492169
0.464401 0.319995
