0.286252 0.465339
0.231124 0.519485
0.0463662 0.784737
0.585224 0.23948
0.452603 0.328173
0.404164 0.364874
0.737901 0.142094
0.49922 0.294211
0.172148 0.585333
1.50971e-06 0.999674
0.415345 0.356554
0.509491 0.287619
0.00723973 0.914924
0.35759 0.402675
0.720463 0.156828
0.348131 0.410559
0.492522 0.3005
0.0127979 0.886884
0.38308 0.382579
0.620697 0.215192
0.338778 0.418445
0.435888 0.34073
0.00260317 0.948998
0.520607 0.280104
0.308962 0.444757
0.928495 0.0427775
0.541319 0.265389
0.261912 0.489084
0.0580599 0.759092
0.00478599 0.930836
0.27033 0.480573
0.191067 0.563097
0.371288 0.391549
0.178316 0.578026
0.0323341 0.820208
0.0256116 0.839979
0.080522 0.716323
0.552254 0.260234
0.237833 0.512615
0.101822 0.680999
0.0222817 0.850742
0.601156 0.225193
0.932205 0.0354879
0.0501694 0.776138
0.314738 0.43927
0.731539 0.147058
0.154106 0.607499
0.442758 0.33518
0.0961024 0.690072
0.468537 0.317422
0.166064 0.592643
0.960116 0.0248541
0.0393477 0.801661
0.028984 0.829775
0.363392 0.397472
0.0853896 0.707843
0.0542102 0.767282
0.610315 0.220106
0.0905592 0.699103
0.107659 0.671953
0.0190844 0.861868
0.0428124 0.793116
0.141771 0.623613
0.135529 0.632015
0.160155 0.59993
0.211631 0.540079
0.124274 0.647572
0.760563 0.13439
0.462116 0.321317
0.0622964 0.750429
0.395787 0.371481
0.427618 0.347012
0.113192 0.663655
0.293207 0.458747
0.747576 0.137094
0.0757123 0.724888
0.322721 0.43231
0.129796 0.639808
0.00988837 0.900567
0.59063 0.232769
0.20541 0.547021
0.184633 0.570433
0.0359092 0.810521
0.224404 0.52659
0.198261 0.555018
0.300603 0.452335
0.253606 0.49693
0.278199 0.472914
0.0158888 0.873969
0.0711079 0.733388
0.147963 0.615423
0.32981 0.426117
0.000889913 0.970203
0.245697 0.504664
0.0667743 0.74162
0.529094 0.273484
0.118562 0.655812
0.217972 0.533352
0.632355 0.212503
0.388539 0.377194
