0.469172 0.317028
0.640862 0.203538
0.152609 0.609545
0.250617 0.499729
0.0703451 0.734836
0.0856135 0.707437
0.205405 0.547103
0.0607887 0.753484
0.65482 0.191811
0.117863 0.65675
0.378035 0.385826
0.481353 0.306921
0.272004 0.47899
0.55591 0.255694
0.0963163 0.689827
0.329442 0.426513
5.0829e-07 0.999685
0.231773 0.519003
0.123764 0.648309
0.171906 0.585499
0.544075 0.263118
0.00441662 0.933561
0.211803 0.540025
0.565236 0.251707
0.812241 0.0996617
0.489325 0.301531
0.313648 0.440293
0.0561065 0.763153
0.00241595 0.950863
0.385895 0.37951
0.0909504 0.698538
0.129782 0.639958
0.0435557 0.791341
0.146998 0.616712
0.363188 0.397816
0.290759 0.461218
0.408724 0.364247
0.00919191 0.904133
0.00669526 0.918191
0.432975 0.343112
0.298642 0.454173
0.649488 0.194962
0.284327 0.467174
0.224872 0.526184
0.0516761 0.772702
0.244288 0.506108
0.0178776 0.866321
0.0212135 0.854379
0.98587 0.00882098
0.456313 0.325139
0.0246759 0.842947
0.23789 0.512391
0.13551 0.631969
0.217739 0.533524
0.689112 0.173784
0.321684 0.433361
0.797793 0.108784
0.42296 0.350239
0.158925 0.601482
0.112174 0.66517
0.278071 0.47299
0.106649 0.673456
0.101576 0.681351
0.415308 0.356448
0.370298 0.391952
0.533803 0.269729
0.178128 0.578148
0.264479 0.485881
0.0655096 0.744112
0.0119274 0.890802
0.0357735 0.810873
0.141303 0.624205
0.25776 0.492687
0.191507 0.56256
0.500526 0.295071
0.526687 0.276533
0.185323 0.56976
0.675443 0.179326
0.165458 0.593336
0.0753193 0.725633
0.337917 0.419697
0.00082848 0.971236
0.028306 0.831793
0.793912 0.111523
0.63745 0.213962
0.0319922 0.821165
0.347513 0.411667
0.0804203 0.716467
0.976643 0.014354
0.399601 0.368413
0.393849 0.373327
0.198234 0.554953
0.0148016 0.878365
1.00911 0.00635209
0.807586 0.101838
0.306091 0.44711
0.0476513 0.781745
0.448308 0.332107
0.355949 0.403768
0.0396 0.80102
