0.255993 0.494161
0.523634 0.277562
0.118361 0.65605
0.0980372 0.686919
0.262938 0.487606
0.589081 0.233349
0.748896 0.135399
0.310996 0.442722
0.871531 0.08499
0.0495106 0.777516
0.61653 0.217663
0.0379781 0.805145
0.0247443 0.842745
0.351597 0.408106
0.444053 0.334755
0.304587 0.448548
0.241378 0.509189
0.249467 0.501006
0.133888 0.634167
0.985791 0.00964358
0.000922141 0.969662
0.128411 0.641779
0.464947 0.319234
0.174937 0.582406
0.0307814 0.824575
0.103106 0.678988
0.403207 0.365665
0.227481 0.523349
0.867943 0.0962908
0.0343093 0.814796
0.432676 0.343297
0.00459851 0.932199
0.0660793 0.742965
0.0577012 0.759811
0.139419 0.626721
0.473508 0.312766
0.48184 0.308478
0.39237 0.374557
0.07057 0.734382
0.978724 0.0116243
0.0884074 0.702709
0.214542 0.537001
0.633485 0.204746
0.0789788 0.719085
0.289809 0.462255
0.00254188 0.949593
0.151254 0.611305
0.377905 0.386216
0.156604 0.60433
0.644863 0.200315
0.183296 0.572133
0.317997 0.436407
0.326979 0.429033
0.0617859 0.75146
0.0278687 0.833094
0.370629 0.391418
0.335289 0.421952
0.0931135 0.694907
0.622973 0.211099
0.270107 0.48062
0.297837 0.454563
0.00696219 0.916572
0.282489 0.468941
1.2932e-06 0.999661
0.0417216 0.795761
0.221051 0.530099
0.0749961 0.726217
0.744826 0.143908
0.567947 0.251238
0.576999 0.241558
0.425197 0.348701
0.342565 0.415278
0.411085 0.359656
0.162283 0.597287
0.277011 0.473983
0.202333 0.550515
0.0455695 0.786539
0.508408 0.289445
0.234621 0.51576
0.0154121 0.875973
0.0212333 0.854457
0.00964512 0.901813
0.108134 0.671295
0.760639 0.132279
0.208801 0.54321
0.363293 0.398363
0.534748 0.272161
0.967494 0.0198061
0.513739 0.284346
0.0836027 0.710902
0.451317 0.328843
0.123277 0.649044
0.19604 0.557425
0.167784 0.590553
0.113296 0.663496
0.190154 0.564117
0.145504 0.618793
0.0181883 0.865296
0.0126036 0.887801
0.0536016 0.768519
