0.00901036 0.9051
0.316269 0.438004
0.117214 0.657831
0.807202 0.105418
0.922551 0.0405292
0.448349 0.332779
0.512483 0.287534
0.501014 0.293026
0.0439895 0.790278
0.10571 0.674931
0.142003 0.623312
0.279582 0.471547
0.182789 0.572701
0.382261 0.382152
0.363363 0.398116
0.657231 0.194176
0.165702 0.593074
0.0946738 0.692411
0.000820596 0.971386
0.259032 0.491545
0.265561 0.4849
0.39997 0.368481
0.0228789 0.848756
0.209711 0.542453
0.0365302 0.808889
0.0518201 0.772396
0.0891721 0.701467
0.294858 0.457592
0.00664715 0.918485
0.414749 0.356829
0.821787 0.0949964
0.0294074 0.82854
0.171196 0.586355
0.375085 0.388492
0.147794 0.615685
0.12964 0.640077
0.244147 0.506099
0.0115409 0.892592
0.0559655 0.763455
0.0141696 0.880977
0.811078 0.100325
0.558301 0.254033
0.356347 0.403371
0.0693682 0.736658
0.406991 0.362696
0.111416 0.666314
0.332496 0.42396
0.0601621 0.754745
0.230002 0.520798
0.995173 0.00366056
0.469644 0.316654
0.176727 0.579835
1.14025e-06 0.999566
0.553476 0.261578
0.217151 0.534372
0.32425 0.431313
0.159751 0.600499
0.0646714 0.745723
0.189489 0.564813
0.0740396 0.727962
0.607858 0.22343
0.581096 0.238316
0.237301 0.513147
0.677634 0.180615
0.0260839 0.838511
0.0198586 0.859099
0.272551 0.478338
0.309728 0.443879
0.487026 0.303019
0.0169619 0.86977
0.136007 0.631432
0.00240828 0.950937
0.123354 0.648937
1.00232 0.000294295
0.032891 0.818659
0.195852 0.557667
0.917689 0.0468098
0.0789243 0.719123
0.440571 0.336917
0.00437637 0.933857
0.589384 0.233681
0.568984 0.246938
0.251576 0.498795
0.0478287 0.781341
0.59755 0.227536
0.348568 0.409946
0.0402329 0.799438
0.665315 0.185207
0.422658 0.351118
0.202545 0.550192
0.286962 0.464815
0.22338 0.527561
0.341808 0.416529
0.303049 0.450626
0.153682 0.608086
0.389658 0.376257
0.0840005 0.710248
0.477087 0.310042
0.432369 0.342918
0.10011 0.683658
