0.12578 0.64549
0.218159 0.533102
0.171421 0.586119
0.0498637 0.776729
0.471569 0.317176
0.0232425 0.847567
0.0374851 0.806422
0.00392863 0.937332
0.142871 0.622126
0.000727664 0.973033
0.0542197 0.767175
0.896052 0.0569373
0.137209 0.629696
0.342195 0.415948
0.148864 0.614377
1.12922e-06 0.999278
0.25788 0.492402
0.0301301 0.826433
0.322997 0.432396
0.238303 0.512185
0.0807065 0.71596
0.131454 0.637603
0.965986 0.0187499
0.286781 0.465114
0.461132 0.322276
0.211939 0.539851
0.0631073 0.748843
0.423392 0.350126
0.0456392 0.7864
0.189419 0.564929
0.0199703 0.858699
0.377878 0.385633
0.874242 0.0733329
0.536288 0.269925
0.0415133 0.796286
0.0719211 0.731843
0.303336 0.449639
0.643796 0.198173
0.10492 0.676162
0.332655 0.42398
0.576451 0.24288
0.251071 0.499447
0.00605211 0.922215
0.195288 0.558244
0.160085 0.599997
0.529099 0.273149
0.569952 0.248959
0.0110152 0.89506
0.231321 0.519426
0.115085 0.660818
0.0898708 0.700254
0.403723 0.366533
0.659261 0.193132
0.0851088 0.708297
0.45237 0.328345
0.295387 0.457208
0.443348 0.335156
0.099884 0.68401
0.0138469 0.882358
0.00212802 0.953874
0.177611 0.578851
0.493112 0.300884
0.224169 0.526701
0.0585756 0.758002
0.500794 0.29332
0.743981 0.147019
0.278656 0.472536
0.51196 0.285211
0.758096 0.131595
0.12034 0.653156
0.635887 0.207203
0.358098 0.402209
0.244543 0.505728
0.0762697 0.72387
0.272061 0.478779
0.0337202 0.816398
0.265112 0.485323
0.886924 0.0598845
0.183582 0.571772
0.387904 0.378639
0.432061 0.344061
0.0674598 0.740334
0.200832 0.552142
0.312034 0.442361
0.0948782 0.692024
0.412578 0.358307
0.206348 0.545856
0.0168405 0.870249
0.109923 0.668516
0.00842653 0.908212
0.596287 0.229379
0.351067 0.407859
0.589024 0.233697
0.154497 0.607096
0.749872 0.136254
0.522193 0.278549
0.879164 0.0633904
0.165806 0.592926
0.366671 0.395124
0.0266103 0.836885
