0.0564986 0.762351
0.610987 0.223213
0.085417 0.7078
0.268844 0.482178
0.0443895 0.789395
0.014079 0.881354
0.384855 0.38052
0.429293 0.345676
0.758167 0.130096
0.39191 0.374273
0.229678 0.520993
0.27644 0.474562
0.261581 0.488884
0.0956755 0.690712
0.0344993 0.814313
0.0301807 0.826294
0.0482525 0.780429
0.25521 0.495126
0.491089 0.304622
0.522984 0.278183
0.0393049 0.802052
0.594202 0.22953
0.544476 0.263108
0.159767 0.600406
0.147928 0.615587
0.55338 0.257766
0.770914 0.12288
0.0522187 0.771548
0.330887 0.425089
0.34443 0.413524
0.195469 0.557986
0.445762 0.333307
0.375531 0.387883
0.16549 0.593328
0.249094 0.501184
0.0703895 0.734742
0.0233878 0.847093
0.026768 0.836412
0.000793785 0.971859
0.223124 0.527907
0.241956 0.508347
0.752942 0.137571
0.21635 0.535138
0.0113432 0.893507
0.202183 0.550767
0.45989 0.322083
0.301186 0.452396
0.154187 0.607545
0.00426026 0.934742
0.209223 0.54308
0.575549 0.243473
0.477273 0.309901
0.13076 0.638461
0.177069 0.57935
0.368463 0.393934
0.419878 0.353047
0.0904061 0.69937
0.0751061 0.726081
0.0200828 0.858301
0.00646712 0.919598
0.0658245 0.743487
0.0610489 0.752971
0.467846 0.316656
0.91916 0.0449222
0.581442 0.238109
0.141642 0.623732
0.283349 0.467994
0.413077 0.35821
0.171173 0.586419
0.534809 0.269955
0.323422 0.431733
0.235933 0.514488
0.135962 0.631349
0.616691 0.222809
0.789251 0.115242
0.337361 0.419667
0.315273 0.438914
0.189224 0.56517
0.115608 0.660018
0.0023598 0.951436
0.935044 0.0375732
0.351999 0.407227
0.182974 0.572511
0.358679 0.402186
0.400512 0.368082
0.437563 0.33899
0.0801663 0.716996
1.38099e-06 0.999804
0.516656 0.285415
0.125634 0.645658
0.10585 0.674763
0.291329 0.460588
0.921549 0.0410307
0.308559 0.445558
0.100777 0.682632
0.454467 0.32633
0.110886 0.667093
0.00878335 0.906294
0.0170342 0.869498
0.120522 0.652919
