0.170812 0.586831
0.0574086 0.760435
0.23195 0.51861
0.45974 0.32235
0.554598 0.259521
0.603015 0.225513
0.414989 0.356601
0.0135052 0.883808
0.0376291 0.806042
0.598026 0.234958
0.62605 0.210233
0.0937512 0.693849
0.00214605 0.953681
0.297675 0.454862
0.431119 0.34408
0.00392933 0.937324
0.466372 0.317815
0.0164662 0.871693
0.388748 0.377538
0.152142 0.610135
0.134017 0.634021
0.000737545 0.972855
0.0846924 0.709049
0.358803 0.402
0.0337806 0.816222
0.60973 0.21989
0.0452706 0.787258
0.290063 0.461753
0.0616745 0.751698
0.0662549 0.742641
0.947737 0.027835
0.482562 0.306595
0.743208 0.145216
0.188601 0.565821
0.207782 0.544348
0.406437 0.363027
0.0299907 0.826833
0.0800459 0.71711
0.112864 0.66412
0.0196097 0.859976
0.257821 0.492634
0.117822 0.656839
0.22036 0.530933
0.282758 0.468619
0.399786 0.368308
0.00825799 0.909142
0.107889 0.671634
0.139837 0.626176
0.317721 0.436763
0.239099 0.511244
0.0710016 0.733577
0.0492132 0.778184
0.311467 0.442114
0.251946 0.498243
0.422274 0.350636
0.332244 0.424496
0.304534 0.44879
0.0532636 0.769224
0.341271 0.416701
0.0982945 0.686508
0.349805 0.408746
0.19497 0.558744
0.275647 0.475267
0.541171 0.265846
0.123031 0.649383
0.214151 0.537439
0.102984 0.679151
0.0891859 0.701438
0.0263873 0.837584
0.37175 0.391406
0.641367 0.20302
0.128271 0.641941
0.324879 0.430369
0.158587 0.601969
0.492135 0.301047
0.0107965 0.896105
0.753713 0.133145
0.244956 0.505229
0.519899 0.280324
0.530224 0.272242
0.474324 0.311887
0.441245 0.338558
0.939043 0.0317565
0.182678 0.572749
0.380667 0.383527
0.747749 0.136498
0.041415 0.796514
0.516401 0.287068
0.225976 0.524914
0.00598918 0.92262
0.453372 0.328867
0.263938 0.486456
1.18772e-06 0.999475
0.0229261 0.848608
0.176805 0.579663
0.164888 0.594147
0.201488 0.551555
0.0754368 0.725389
0.14602 0.618061
0.934238 0.0370288
