0.213247 0.538507
0.545637 0.262254
0.0124098 0.888621
0.59613 0.228872
0.914909 0.047593
0.0187083 0.863237
0.0438625 0.790589
0.533829 0.270086
0.289366 0.463157
0.0879007 0.703554
0.0045174 0.932807
0.261611 0.48888
0.435027 0.341634
0.119266 0.654721
0.180876 0.574902
0.268293 0.482365
0.605138 0.223678
0.0219727 0.851782
0.385718 0.380957
0.113589 0.663025
0.0323518 0.820159
0.730361 0.147662
0.0929959 0.695133
0.371888 0.391028
0.400285 0.367563
0.16163 0.598179
0.174442 0.582539
0.227781 0.523023
0.451255 0.328831
0.924185 0.039501
0.0479203 0.781115
0.28209 0.46918
0.130295 0.639154
0.39175 0.374538
0.414909 0.35653
0.0829015 0.712116
0.000846693 0.970919
0.0520486 0.77188
0.316245 0.438276
0.136276 0.630942
0.337642 0.419399
0.571255 0.245897
0.32395 0.43129
0.484345 0.307941
0.124682 0.647088
0.0562555 0.762858
0.309606 0.444114
0.459875 0.32255
0.0155038 0.875513
0.168191 0.590024
0.36395 0.397295
0.142602 0.622438
1.58085e-06 0.999319
0.564039 0.250174
0.193574 0.560168
0.0253817 0.84071
0.220605 0.530486
0.523452 0.277884
0.0359814 0.810344
0.346434 0.412178
0.727295 0.153805
0.739108 0.140911
0.443169 0.334801
0.0692889 0.736829
0.00246467 0.950366
0.301875 0.45103
0.423635 0.35057
0.0398556 0.800375
0.552457 0.257352
0.355323 0.404578
0.234435 0.516084
0.200057 0.552924
0.756883 0.135695
0.27529 0.475541
0.241677 0.508699
0.254877 0.495397
0.621029 0.219405
0.0981769 0.686732
0.407543 0.362432
0.103101 0.678968
0.939163 0.0377151
0.46718 0.317088
0.295562 0.45704
0.00695281 0.916631
0.155374 0.606028
0.0606611 0.75374
0.148854 0.61435
0.108159 0.671224
0.0782957 0.720245
0.330204 0.42565
0.51672 0.284228
0.0288619 0.830128
0.00958162 0.902129
0.206749 0.545686
0.0648987 0.745278
0.0735791 0.728777
0.588647 0.23339
0.249245 0.501061
0.187161 0.567586
0.474915 0.31179
