0.0299212 0.827036
0.485586 0.304043
0.517429 0.281152
0.0335532 0.816843
0.0599242 0.755245
0.151723 0.610681
0.747375 0.136829
0.587312 0.240507
0.055159 0.765161
0.140798 0.624831
0.479126 0.308537
0.0739182 0.728149
0.125418 0.645975
0.266511 0.484031
0.735797 0.143712
0.0691323 0.737115
0.0161171 0.87308
0.146349 0.61751
0.358766 0.401939
0.00260475 0.948984
1.80778e-06 0.999553
0.294096 0.458014
0.0374287 0.806566
0.591223 0.233991
0.334358 0.422169
0.366321 0.395599
0.13558 0.631908
0.201371 0.551466
0.0101032 0.899504
0.718156 0.159957
0.000868258 0.970559
0.046081 0.785372
0.45263 0.328632
0.920174 0.0726912
0.0415392 0.796219
0.083534 0.711048
0.279248 0.471949
0.130493 0.638829
0.226151 0.524702
0.510587 0.287636
0.426939 0.34728
0.162929 0.596516
0.0787152 0.719512
0.319375 0.435248
0.54555 0.263664
0.286087 0.465321
0.232337 0.51835
0.493589 0.299549
0.187963 0.566541
0.0886177 0.702351
0.0193634 0.86087
0.0129738 0.886126
0.0505341 0.775228
0.850213 0.082577
0.194571 0.559176
0.119612 0.654227
0.38596 0.37983
0.34092 0.416722
0.11403 0.662366
0.239335 0.511
0.0262525 0.837988
0.273096 0.477909
0.40643 0.363872
0.445424 0.333474
0.618844 0.215114
0.326897 0.428708
0.00478429 0.930843
0.0645402 0.746009
0.437047 0.339747
0.207557 0.544527
0.396739 0.370606
0.374542 0.389039
0.0936045 0.694146
0.253062 0.497453
0.35036 0.408827
0.854811 0.0762953
0.419775 0.353244
0.52873 0.273708
0.168942 0.589076
0.301419 0.45186
0.722424 0.151646
0.0987142 0.685876
0.630344 0.210542
0.535595 0.268869
0.181663 0.573982
0.87063 0.0729034
0.00732787 0.914414
0.174961 0.58183
0.213539 0.538031
0.219194 0.531915
0.472283 0.31589
0.0228045 0.848999
0.60524 0.224243
0.103681 0.678054
0.312369 0.441461
0.245993 0.504219
0.108805 0.670179
0.597558 0.227669
0.157384 0.603511
0.260329 0.49015
