0.048154 0.780606
0.00918827 0.904164
7.62045e-07 0.99956
0.288104 0.463638
0.0120128 0.890413
0.0570562 0.761158
0.00658556 0.918863
0.0715108 0.732654
0.463693 0.319932
0.473328 0.312503
0.395109 0.371864
0.220023 0.531201
0.309523 0.443961
0.325808 0.430098
0.0149591 0.877709
0.256905 0.493544
0.000772008 0.972235
0.0908602 0.698631
0.0320193 0.821089
0.176847 0.579626
0.158464 0.602161
0.494998 0.298722
0.0663262 0.74251
0.165355 0.593562
0.37932 0.385662
0.603837 0.224914
0.556111 0.256476
0.38636 0.379162
0.918332 0.0432798
0.737921 0.142602
0.182394 0.573057
0.061653 0.751733
0.73098 0.145869
0.455204 0.327117
0.111844 0.665698
0.139956 0.626017
0.200408 0.552457
0.101028 0.682195
0.171671 0.58584
0.368006 0.394628
0.0763719 0.723689
0.786134 0.119312
0.565191 0.24954
0.595418 0.22991
0.360791 0.399622
0.913971 0.0520357
0.0358586 0.81066
0.10645 0.673798
0.151592 0.610797
0.721388 0.156739
0.339226 0.417928
0.0248411 0.842415
0.00233884 0.951651
0.123019 0.649355
0.226495 0.524307
0.332009 0.424124
0.240441 0.509926
0.213253 0.538501
0.128616 0.64146
0.0812155 0.715064
0.00431822 0.934296
0.0397985 0.800536
0.043836 0.790654
0.145415 0.618748
0.0959672 0.690255
0.0214291 0.853635
0.206346 0.546036
0.233619 0.517072
0.412985 0.357851
0.617675 0.220974
0.933106 0.0384985
0.548332 0.263658
0.265019 0.48558
0.484052 0.304871
0.792656 0.110329
0.316955 0.437881
0.117512 0.657349
0.247667 0.502805
0.0283895 0.83153
0.194653 0.559062
0.0526524 0.770583
0.798837 0.107863
0.573993 0.244136
0.432267 0.343389
0.422076 0.35112
0.0181644 0.86524
0.273388 0.477475
0.545597 0.271252
0.134329 0.633699
0.0860354 0.706745
0.584122 0.236252
0.280883 0.470542
0.35435 0.404998
0.188456 0.566207
0.402427 0.366471
0.295218 0.457256
0.439482 0.33965
0.302766 0.450442
0.511005 0.295268
0.346869 0.411659
