0.367875 0.394177
0.212793 0.538842
0.0518203 0.772376
0.627937 0.217009
0.0356701 0.811167
0.253001 0.497231
0.111433 0.666273
0.6492 0.215869
0.0607639 0.753585
0.469985 0.315468
0.484904 0.306087
0.101419 0.681591
0.0849855 0.708695
0.453151 0.327378
0.0145103 0.87955
0.460448 0.322819
0.127403 0.643147
0.0435467 0.791344
0.00404855 0.936384
0.302187 0.450943
0.193236 0.560529
0.603908 0.224356
0.294014 0.458299
0.914205 0.0481451
0.612204 0.220592
0.436953 0.340055
0.169369 0.588541
0.0476857 0.781653
0.549114 0.259816
0.0744811 0.727162
0.0698855 0.735662
0.0561754 0.763045
0.226833 0.523979
0.175195 0.581537
0.199589 0.553561
1.22675e-06 0.999722
0.527697 0.275832
0.286208 0.465428
0.444557 0.3335
0.259692 0.490748
0.421011 0.352
0.582995 0.237504
0.382478 0.382868
0.090442 0.699382
0.163256 0.596099
0.9332 0.0384019
0.349539 0.409438
0.144904 0.619438
0.240505 0.510046
0.1221 0.650637
0.138939 0.627352
0.181211 0.574511
0.220306 0.53088
0.475423 0.311256
0.340222 0.417296
0.00625043 0.920971
0.000740065 0.972822
0.918896 0.042966
0.0210906 0.854797
0.358628 0.402034
0.157092 0.603823
0.106295 0.674041
0.279231 0.471863
0.0115281 0.892643
0.0396846 0.800807
0.0087645 0.906406
0.116633 0.65855
0.398928 0.368704
0.0281066 0.832366
0.0653023 0.744508
0.308157 0.445244
0.150921 0.611656
0.00220031 0.953106
0.314984 0.439042
0.491846 0.302643
0.588836 0.233156
0.233059 0.517411
0.752178 0.134234
0.0959498 0.690502
0.273169 0.477639
0.187563 0.567165
0.266674 0.483967
0.406848 0.36318
0.742303 0.140422
0.374721 0.388307
0.0244942 0.843514
0.392253 0.374553
0.0177064 0.866947
0.332246 0.42387
0.247261 0.503016
0.536714 0.268182
0.0317681 0.821803
0.0794716 0.718288
0.564322 0.250108
0.133145 0.635221
0.556389 0.254505
0.42872 0.346125
0.323191 0.432099
0.596179 0.228876
0.206407 0.545928
