0.1764 0.580109
0.303187 0.449739
0.374288 0.389081
0.247173 0.503229
0.427923 0.346997
0.604565 0.223195
0.468522 0.317455
0.0542019 0.767221
0.260344 0.489997
0.317524 0.436985
0.517213 0.2819
0.127406 0.643173
0.416961 0.35545
0.448686 0.330649
0.240623 0.509835
0.165029 0.593929
0.738865 0.142547
0.272529 0.478504
0.537485 0.268924
0.00287347 0.946406
0.142855 0.622093
0.0582333 0.758735
0.00794261 0.910889
0.206397 0.545833
0.435975 0.340641
0.333893 0.422711
0.389313 0.376586
0.0308913 0.824266
0.381869 0.383102
0.116868 0.658214
0.926461 0.0419149
0.295631 0.456761
0.00525772 0.927509
0.725827 0.149148
0.212874 0.538849
0.106433 0.673812
0.342897 0.415605
0.405953 0.363372
0.193916 0.559824
0.620366 0.219828
0.573247 0.244499
0.1703 0.587453
0.132447 0.636213
0.0384357 0.803962
0.101275 0.681861
0.137745 0.629001
0.0804258 0.716474
0.0235282 0.846632
0.906354 0.0510092
0.366478 0.395043
0.0346595 0.813843
0.0464016 0.784617
0.50745 0.295931
0.324168 0.431085
0.154085 0.607646
0.0663397 0.742473
0.592779 0.231827
0.0957083 0.690735
0.512018 0.286103
0.718923 0.169087
0.21983 0.531464
0.050344 0.775645
0.358791 0.401739
0.159596 0.600692
0.351148 0.408254
0.188323 0.566195
0.3975 0.3701
0.915618 0.0448104
0.555571 0.256925
0.148409 0.614872
1.93121e-06 0.999427
0.528251 0.274145
0.182375 0.573135
0.020112 0.858206
0.786176 0.114809
0.0906537 0.698949
0.234399 0.516028
0.0707148 0.73412
0.22715 0.523667
0.309644 0.443893
0.010782 0.896175
0.27962 0.471625
0.265876 0.484711
0.0137137 0.882909
0.253583 0.496672
0.0271213 0.835339
0.0168666 0.870145
0.480077 0.313064
0.122113 0.65062
0.287576 0.464311
0.565326 0.24854
0.457006 0.324852
0.075491 0.725281
0.111516 0.666125
0.200382 0.552547
0.719881 0.158634
0.000977665 0.968753
0.0423842 0.79416
0.0621851 0.750672
0.0856232 0.707451
