0.528217 0.284562
0.530163 0.28258
0.537352 0.277575
0.53915 0.276351
0.533873 0.279968
0.53127 0.281764
0.531426 0.281676
0.539936 0.275834
0.541591 0.274735
0.533983 0.279877
0.536601 0.278096
0.53487 0.279304
0.538205 0.277003
0.54103 0.275097
0.53292 0.28063
0.540421 0.275503
0.536011 0.278493
0.541144 0.275021
0.768304 0.2744
0.534277 0.279689
0.528754 0.283525
0.541777 0.274629
0.540878 0.275223
0.536148 0.278398
0.528373 0.284051
0.539719 0.275967
0.532762 0.280728
0.533518 0.280215
0.538761 0.27663
0.531047 0.28196
0.537919 0.277192
0.537072 0.27778
0.528215 0.285078
0.541412 0.274862
0.540701 0.275356
0.530611 0.282213
0.532482 0.280919
0.528937 0.28342
0.540177 0.275657
0.528421 0.283906
0.531598 0.281555
0.539474 0.276131
0.535085 0.279176
0.530804 0.282108
0.542752 0.274401
0.53832 0.276922
0.529653 0.282868
0.535489 0.278862
0.529929 0.282721
0.536263 0.278322
0.529476 0.283029
0.528468 0.28383
0.536874 0.277909
0.534684 0.279402
0.542347 0.274436
0.538599 0.276732
0.539593 0.276053
0.542145 0.274485
0.531157 0.281852
0.533096 0.280511
0.534523 0.279509
0.533391 0.2803
0.532005 0.281257
0.535191 0.279068
0.53214 0.281178
0.532597 0.280838
0.537218 0.277669
0.533248 0.280396
0.541962 0.274543
0.530457 0.282319
0.540973 0.27515
0.541201 0.274986
0.536416 0.27822
0.538972 0.276483
0.536734 0.278004
0.537729 0.277333
0.533726 0.280065
0.535317 0.278971
0.540572 0.275414
0.528189 0.297351
0.538077 0.277087
0.540298 0.275577
0.531859 0.28136
0.528253 0.284504
0.537572 0.277439
0.534123 0.279789
0.528558 0.283768
0.528694 0.283559
0.534408 0.279598
0.529326 0.283185
0.529128 0.283301
0.54007 0.275738
0.535821 0.278623
0.535667 0.278733
0.539309 0.276248
0.531725 0.281458
0.538469 0.276817
0.532377 0.281011
0.530307 0.28245
0.52979 0.282786
