0.391176 0.374587
0.401404 0.366541
0.400091 0.367509
0.391479 0.374342
0.399451 0.368019
0.398744 0.368555
0.408563 0.365921
0.396255 0.370531
0.398023 0.36912
0.39404 0.372287
0.393222 0.372965
0.398978 0.368371
0.386962 0.378216
0.389544 0.375902
0.400213 0.367401
0.394602 0.371837
0.397114 0.369856
0.392694 0.373363
0.394316 0.372068
0.399183 0.368203
0.391038 0.374718
0.397496 0.369554
0.387437 0.377667
0.392405 0.373614
0.390861 0.374834
0.387616 0.377474
0.399329 0.368097
0.397889 0.369236
0.39352 0.3727
0.388116 0.377127
0.403753 0.36593
0.398158 0.369021
0.392977 0.373131
0.39335 0.372838
0.389363 0.376045
0.389693 0.375771
0.399611 0.367879
0.395577 0.371065
0.392558 0.373472
0.388655 0.376639
0.394749 0.371722
0.388451 0.3768
0.390042 0.375519
0.40089 0.366878
0.396109 0.370642
0.398541 0.368722
0.401208 0.366678
0.390708 0.374943
0.387145 0.377949
0.395927 0.370783
0.423737 0.365891
0.401793 0.366256
0.386835 0.378449
0.392852 0.37324
0.386723 0.378829
0.396428 0.370405
0.391664 0.374227
0.395733 0.370941
0.39212 0.373818
0.397654 0.369415
0.397321 0.369695
0.386647 0.379603
0.400403 0.367279
0.396905 0.370007
0.386656 0.379116
0.390342 0.375262
0.390553 0.375095
0.393719 0.372547
0.387885 0.377304
0.585069 0.246403
0.394468 0.371953
0.401614 0.366377
0.394935 0.371571
0.40074 0.367018
0.389864 0.375643
0.400567 0.36716
0.402136 0.366102
0.39226 0.373707
0.401031 0.366778
0.399905 0.367661
0.421369 0.365912
0.388796 0.376503
0.389 0.37635
0.389214 0.376194
0.395356 0.371238
0.39133 0.374452
0.39419 0.372172
0.396604 0.370267
0.391989 0.373937
0.402761 0.365949
0.387248 0.37786
0.391865 0.374068
0.398363 0.368851
0.388227 0.37699
0.393909 0.372408
0.402392 0.366027
0.395171 0.37139
0.399757 0.367758
0.39674 0.370138
0.390176 0.37539
