0.534709 0.282065
0.543125 0.276277
0.544329 0.275461
0.543645 0.275925
0.534275 0.282482
0.537267 0.280285
0.536506 0.280833
0.541102 0.277657
0.54227 0.27686
0.542009 0.277043
0.5374 0.280201
0.537147 0.280367
0.534375 0.282373
0.541421 0.277445
0.533493 0.284263
0.53841 0.279493
0.535703 0.281372
0.533837 0.283156
0.539166 0.278982
0.543501 0.276024
0.545452 0.274723
0.54637 0.274163
0.537656 0.280023
0.544065 0.27564
0.534164 0.28264
0.544193 0.275559
0.544518 0.275336
0.533649 0.283611
0.544649 0.275253
0.543383 0.276101
0.542135 0.276954
0.535827 0.281267
0.533535 0.284047
0.541241 0.27756
0.545767 0.274493
0.542397 0.276778
0.545305 0.274814
0.53667 0.280691
0.544813 0.275137
0.546958 0.2739
0.53361 0.283722
0.541583 0.277328
0.540886 0.277802
0.536847 0.280574
0.533247 0.28529
0.53894 0.279125
0.540432 0.27811
0.542953 0.276394
0.546761 0.273952
0.54394 0.275724
0.539344 0.278856
0.534864 0.281947
0.533203 0.305271
0.541721 0.277236
0.546039 0.274333
0.533893 0.283054
0.534601 0.282159
0.538138 0.279679
0.538567 0.279409
0.538771 0.279259
0.538007 0.279771
0.540287 0.278208
0.543775 0.275844
0.53752 0.280129
0.96847 0.273801
0.534111 0.282734
0.540154 0.278307
0.544959 0.275043
0.537004 0.280466
0.533216 0.286076
0.545654 0.27457
0.535112 0.281759
0.539963 0.278435
0.542804 0.2765
0.541853 0.277149
0.536067 0.2811
0.540679 0.277957
0.547394 0.273805
0.539635 0.27868
0.536344 0.280968
0.547194 0.273859
0.533982 0.282894
0.539835 0.278514
0.546531 0.274042
0.535943 0.28118
0.538289 0.279577
0.545906 0.274408
0.53336 0.284454
0.546219 0.274232
0.539708 0.278604
0.543272 0.276189
0.535246 0.281662
0.542612 0.276628
0.533749 0.283382
0.539484 0.278758
0.537815 0.2799
0.53334 0.284942
0.535445 0.28153
0.545155 0.274909
0.536189 0.281033
