0.47046 0.314138
0.495215 0.302427
0.565812 0.292231
0.497085 0.294989
0.470282 0.314282
0.472052 0.31296
0.500918 0.292421
0.495338 0.296821
0.50005 0.292877
0.468086 0.317833
0.472888 0.312344
0.495428 0.296552
0.474055 0.311497
0.50113 0.29235
0.497785 0.29448
0.499914 0.292981
0.470141 0.314391
0.471437 0.313405
0.498852 0.293715
0.496178 0.295633
0.501643 0.292246
0.474489 0.311209
0.49744 0.294738
0.468273 0.316206
0.476977 0.309707
0.495243 0.297551
0.497573 0.294626
0.475406 0.31052
0.499291 0.293408
0.468238 0.316323
0.470641 0.313998
0.472506 0.312616
0.468402 0.316015
0.469044 0.315316
0.500668 0.292533
0.469866 0.314615
0.474746 0.310999
0.470806 0.313884
0.477213 0.309664
0.495521 0.296354
0.468581 0.315724
0.475137 0.310732
0.475736 0.310283
0.49943 0.293309
0.473892 0.311616
0.496025 0.295755
0.49856 0.29393
0.498274 0.29413
0.471584 0.313305
0.476487 0.309885
0.473381 0.311987
0.499735 0.293112
0.475884 0.310194
0.500469 0.29267
0.474294 0.311335
0.473771 0.311709
0.499106 0.29354
0.471918 0.313098
0.471157 0.313613
0.472742 0.312463
0.468755 0.315565
0.495667 0.296107
0.471741 0.313218
0.496368 0.295485
0.473027 0.312245
0.477691 0.309617
0.501672 0.292235
0.496713 0.295253
0.46956 0.314864
0.472251 0.312812
0.498717 0.293815
0.47351 0.311896
0.473206 0.312113
0.495522 0.296353
0.474931 0.31089
0.476735 0.309778
0.475256 0.310634
0.495777 0.295977
0.468952 0.315409
0.500227 0.292777
0.468113 0.316721
0.469985 0.314517
0.469672 0.314742
0.497238 0.294893
0.499599 0.293206
0.477102 0.309685
0.49793 0.294372
0.476074 0.3101
0.496532 0.295374
0.495278 0.29717
0.47102 0.313726
0.475553 0.310407
0.498426 0.29402
0.496845 0.295148
0.46936 0.315053
0.476298 0.309985
0.495894 0.29587
0.468086 0.317125
0.474605 0.311099
0.498115 0.294249
