0.527713 0.299962
0.519533 0.305758
0.528772 0.299218
0.529418 0.298762
0.52667 0.300699
0.52502 0.302137
0.526056 0.301186
0.529791 0.298503
0.5296 0.298645
0.516814 0.307889
0.527518 0.300102
0.519136 0.306077
0.51795 0.306956
0.521327 0.304512
0.517324 0.307393
0.524596 0.302234
0.531676 0.297195
0.516324 0.310451
0.519374 0.305908
0.527938 0.299823
0.530319 0.298134
0.51708 0.307605
0.521621 0.304264
0.524193 0.302463
0.518477 0.306512
0.533331 0.296301
0.525876 0.30135
0.517672 0.307117
0.522472 0.303669
0.516583 0.308388
0.529063 0.299011
0.516356 0.308892
0.519923 0.305478
0.532736 0.296519
0.531522 0.297299
0.52225 0.303825
0.518963 0.30619
0.531014 0.297682
0.523004 0.303277
0.516737 0.30808
0.526199 0.301077
0.528296 0.299547
0.525707 0.301583
0.529207 0.298911
0.51713 0.307554
0.520067 0.305374
0.528621 0.299334
0.523815 0.302727
0.520731 0.304906
0.521101 0.304676
0.521982 0.30404
0.524739 0.302187
0.527832 0.299874
0.533107 0.296361
0.523615 0.302856
0.534084 0.296223
0.532206 0.296873
0.520237 0.30528
0.516493 0.308809
0.532387 0.29674
0.532605 0.296592
0.535553 0.296223
0.519754 0.305605
0.5269 0.300554
0.517496 0.307248
0.521797 0.304156
0.522648 0.303557
0.526513 0.300816
0.530737 0.297841
0.530585 0.297945
0.52636 0.300945
0.51819 0.306782
0.52556 0.301842
0.516185 0.313555
0.518823 0.306305
0.528439 0.299453
0.527036 0.300435
0.522849 0.303405
0.531185 0.297558
0.528866 0.299158
0.527367 0.300203
0.523975 0.302603
0.533759 0.29625
0.518633 0.306413
0.53193 0.297037
0.523326 0.303068
0.520519 0.305082
0.531387 0.297406
0.523142 0.30319
0.529946 0.298391
0.524337 0.302354
0.53287 0.296449
0.518321 0.306646
0.530134 0.298273
0.528141 0.299662
0.520933 0.304758
0.527196 0.300325
0.521453 0.304387
0.739499 0.296222
0.516879 0.307832
