0.397386 0.402839
0.397756 0.377907
0.410655 0.367962
0.406322 0.37062
0.400057 0.375549
0.404326 0.372146
0.398862 0.376589
0.419656 0.360519
0.418468 0.361132
0.408436 0.369076
0.407431 0.369699
0.414266 0.364427
0.419321 0.360642
0.416474 0.362645
0.400729 0.374999
0.407632 0.369569
0.397556 0.378294
0.413063 0.365539
0.397421 0.384599
0.402886 0.373275
0.403956 0.37242
0.401504 0.374393
0.399336 0.376235
0.411041 0.366973
0.406618 0.370378
0.40414 0.372265
0.413868 0.364906
0.405017 0.371613
0.414026 0.364702
0.402319 0.37379
0.398576 0.376878
0.418955 0.360807
0.4026 0.373568
0.410829 0.367331
0.398302 0.377144
0.410742 0.367599
0.417854 0.361638
0.408139 0.369202
0.417656 0.361762
0.407087 0.369981
0.398081 0.377348
0.403545 0.372764
0.397962 0.377484
0.409167 0.368928
0.405893 0.370905
0.404741 0.371807
0.415116 0.363717
0.414448 0.364248
0.418657 0.361002
0.411492 0.366542
0.417482 0.361887
0.416811 0.362384
0.418742 0.360949
0.399548 0.375989
0.41574 0.363207
0.41596 0.363059
0.405703 0.371047
0.399788 0.375773
0.397884 0.377608
0.414851 0.363906
0.411883 0.366217
0.403092 0.373108
0.402724 0.373409
0.401911 0.374033
0.407918 0.369333
0.411291 0.366705
0.408756 0.368973
0.398735 0.376699
0.404553 0.371966
0.397455 0.37892
0.401227 0.374606
0.41532 0.363536
0.414656 0.364059
0.412143 0.366037
0.413734 0.365196
0.401674 0.374222
0.406117 0.370743
0.417154 0.362127
0.419922 0.360469
0.403269 0.372973
0.405477 0.371234
0.400502 0.375192
0.4183 0.361267
0.410921 0.367143
0.412757 0.365642
0.41617 0.362879
0.412537 0.365763
0.403768 0.37257
0.400958 0.374856
0.420559 0.360436
0.402097 0.373898
0.407276 0.369824
0.400254 0.37537
0.411704 0.366355
0.399074 0.376442
0.418137 0.361433
0.415503 0.363397
0.412332 0.365904
0.406816 0.37018
0.405256 0.371407
