0.511861 0.292558
0.514118 0.291223
0.515654 0.289964
0.507752 0.295449
0.512154 0.292358
0.49855 0.302092
0.509543 0.294474
0.515298 0.290158
0.512404 0.292214
0.516973 0.289024
0.503194 0.298646
0.517189 0.288934
0.504931 0.297429
0.511491 0.292806
0.500731 0.300383
0.497872 0.303774
0.499952 0.301017
0.514481 0.290752
0.498035 0.30278
0.516535 0.289323
0.500521 0.300537
0.507968 0.295357
0.501899 0.299551
0.506117 0.296566
0.514647 0.290634
0.502434 0.299248
0.506392 0.296381
0.51403 0.291455
0.501725 0.299681
0.503539 0.298392
0.504782 0.297527
0.510205 0.294023
0.511303 0.292958
0.515463 0.290053
0.516088 0.289606
0.512776 0.29199
0.510867 0.293269
0.506858 0.296049
0.512711 0.29203
0.504609 0.29765
0.508761 0.294731
0.511054 0.293116
0.498776 0.301844
0.498181 0.302499
0.516306 0.289491
0.505768 0.296836
0.510461 0.293614
0.503958 0.298111
0.502228 0.299349
0.500213 0.300813
0.508943 0.294623
0.508406 0.294977
0.50659 0.296243
0.502716 0.299072
0.511682 0.292692
0.502999 0.298786
0.505507 0.297133
0.515021 0.290359
0.497955 0.302971
0.498371 0.302294
0.515909 0.289753
0.502841 0.298918
0.509175 0.294537
0.513075 0.291877
0.512583 0.292093
0.510893 0.29323
0.507044 0.295927
0.50433 0.297834
0.499741 0.301108
0.507363 0.295707
0.502085 0.29944
0.516763 0.289146
0.499336 0.301404
0.508257 0.295127
0.50595 0.296684
0.501219 0.300087
0.499007 0.301695
0.505184 0.29733
0.510343 0.293791
0.507216 0.295812
0.508564 0.294859
0.50759 0.295555
0.514814 0.290518
0.503342 0.298532
0.504135 0.297972
0.51781 0.288808
0.497916 0.303254
0.505629 0.296966
0.500406 0.300663
0.498669 0.301969
0.513438 0.291795
0.499163 0.301552
0.499526 0.30125
0.514427 0.290809
0.501557 0.29983
0.510639 0.293426
0.503705 0.298277
0.501012 0.300207
0.51744 0.288847
0.514253 0.290997
