0.487906 0.309473
0.485272 0.311366
0.480371 0.31497
0.481991 0.313734
0.489637 0.308244
0.480452 0.314888
0.486277 0.31065
0.483085 0.312941
0.490228 0.307825
0.483798 0.312436
0.487774 0.309575
0.49119 0.307309
0.48765 0.309662
0.478334 0.316678
0.48505 0.311528
0.485718 0.311047
0.484568 0.311877
0.479706 0.315476
0.491054 0.307361
0.491444 0.307236
0.478809 0.316124
0.490724 0.307492
0.478043 0.31744
0.49033 0.30776
0.486971 0.310147
0.490429 0.307693
0.486662 0.31037
0.484197 0.312139
0.48818 0.309278
0.481025 0.314457
0.484002 0.312281
0.490106 0.30793
0.482976 0.313027
0.483211 0.312863
0.480623 0.314737
0.487109 0.310054
0.491999 0.307085
0.477897 0.320537
0.485935 0.310908
0.480748 0.314639
0.479475 0.315621
0.480884 0.314549
0.485402 0.311279
0.48651 0.310478
0.477898 0.317839
0.491771 0.307116
0.478672 0.316267
0.482828 0.313136
0.479926 0.315277
0.489292 0.308498
0.481864 0.313827
0.489478 0.308373
0.485537 0.31118
0.484398 0.312002
0.481617 0.314018
0.482554 0.313336
0.484693 0.311786
0.488075 0.30936
0.483618 0.312565
0.478508 0.316418
0.482153 0.313649
0.4864 0.310554
0.487457 0.309795
0.489984 0.308021
0.486817 0.310254
0.490544 0.307601
0.486047 0.310808
0.481436 0.314156
0.479314 0.315766
0.488834 0.308819
0.501704 0.307062
0.479156 0.315858
0.487247 0.309948
0.484815 0.311698
0.483346 0.312775
0.478428 0.316536
0.481269 0.314279
0.488719 0.30891
0.478981 0.315999
0.480112 0.315149
0.48113 0.314373
0.482705 0.313229
0.481753 0.313918
0.482423 0.313426
0.4781 0.317251
0.490904 0.307415
0.478166 0.316897
0.492238 0.307066
0.488557 0.309021
0.483456 0.312686
0.485837 0.310967
0.479805 0.315381
0.488446 0.309096
0.482319 0.313531
0.484923 0.311619
0.489826 0.308118
0.489167 0.308581
0.488308 0.309191
0.488988 0.308714
0.480243 0.315021
