0.417595 0.364902
0.407584 0.372838
0.415391 0.366744
0.402146 0.377304
0.405657 0.37437
0.415831 0.366329
0.41904 0.36385
0.406063 0.374067
0.405314 0.374634
0.411292 0.369866
0.419242 0.36374
0.416878 0.365452
0.403077 0.376448
0.401553 0.378225
0.408553 0.372056
0.41635 0.365877
0.415954 0.366196
0.410695 0.370372
0.415007 0.366928
0.408406 0.372167
0.409557 0.371271
0.401348 0.378649
0.406568 0.373626
0.418132 0.364478
0.411146 0.369984
0.406382 0.373778
0.404791 0.375083
0.413185 0.368423
0.419384 0.363686
0.401267 0.378978
0.418309 0.364361
0.664919 0.28948
0.408219 0.372324
0.418808 0.363989
0.40973 0.371174
0.408754 0.37189
0.404154 0.375607
0.410448 0.370716
0.41149 0.369718
0.401827 0.377737
0.4139 0.3678
0.418554 0.364178
0.403527 0.376082
0.416522 0.365746
0.407385 0.37298
0.414454 0.367381
0.403884 0.375807
0.406215 0.373925
0.415191 0.366819
0.414249 0.367532
0.408903 0.371766
0.410871 0.370218
0.408043 0.372446
0.40434 0.375458
0.407186 0.373159
0.414835 0.367061
0.401677 0.377974
0.40198 0.377515
0.419709 0.363599
0.411664 0.369582
0.411931 0.369374
0.417234 0.365186
0.420298 0.363551
0.412674 0.368891
0.417045 0.365333
0.417981 0.364612
0.410553 0.370545
0.407869 0.372597
0.404969 0.374932
0.413681 0.367979
0.417387 0.365056
0.401228 0.379692
0.407039 0.37332
0.417777 0.364764
0.402893 0.376595
0.416136 0.366037
0.409394 0.371387
0.412382 0.369014
0.415717 0.366504
0.416733 0.365592
0.414695 0.36718
0.402654 0.376804
0.403334 0.376272
0.412117 0.369215
0.409241 0.371508
0.413331 0.368255
0.410053 0.371066
0.405508 0.37448
0.405865 0.374243
0.404633 0.375264
0.406772 0.373507
0.422893 0.363541
0.405149 0.374789
0.413481 0.368129
0.409077 0.371639
0.41307 0.368624
0.402267 0.377158
0.403677 0.375939
0.402459 0.376966
0.414076 0.367666
