0.513531 0.283421
0.496314 0.295652
0.510723 0.285435
0.501916 0.291564
0.510541 0.285529
0.511807 0.284633
0.493799 0.298346
0.504228 0.290125
0.505808 0.288819
0.505607 0.28897
0.505246 0.289375
0.503476 0.290482
0.499834 0.293046
0.494371 0.297199
0.511037 0.285325
0.500477 0.292589
0.496059 0.295761
0.496941 0.29514
0.511322 0.285108
0.506598 0.288284
0.497111 0.295001
0.511451 0.284929
0.512217 0.284325
0.513087 0.283731
0.508117 0.287329
0.498681 0.293949
0.494225 0.29736
0.507977 0.287619
0.509584 0.286162
0.515459 0.282571
0.502545 0.291108
0.503285 0.290599
0.515978 0.282521
0.50067 0.292442
0.499611 0.293195
0.514467 0.282861
0.510325 0.285651
0.514192 0.282993
0.500091 0.29287
0.495486 0.296189
0.501536 0.291827
0.495935 0.295843
0.496711 0.295343
0.508884 0.28667
0.502841 0.290927
0.504508 0.290078
0.508359 0.287069
0.498071 0.294374
0.506783 0.288198
0.506418 0.288402
0.49467 0.296814
0.50915 0.286482
0.501332 0.291977
0.499417 0.293362
0.498893 0.293733
0.495681 0.296028
0.493958 0.297777
0.505404 0.289167
0.510117 0.285791
0.495171 0.296459
0.503918 0.29022
0.497601 0.294647
0.501697 0.291708
0.5133 0.283584
0.51264 0.28406
0.506028 0.288685
0.495333 0.296346
0.509431 0.28629
0.494961 0.296615
0.493714 0.29885
0.512814 0.283929
0.497788 0.294501
0.502096 0.29143
0.502269 0.291323
0.509772 0.286049
0.514996 0.282657
0.505132 0.289644
0.507461 0.287971
0.500861 0.292328
0.508673 0.286825
0.501118 0.292129
0.512411 0.284211
0.503124 0.290715
0.493707 0.300248
0.511603 0.284788
0.499107 0.29357
0.512038 0.284456
0.506252 0.288523
0.49376 0.298448
0.513772 0.283257
0.494123 0.297507
0.494444 0.297058
0.514031 0.283098
0.503704 0.290336
0.507074 0.288075
0.496577 0.295498
0.514702 0.28276
0.498405 0.294148
0.497337 0.294872
0.500262 0.292736
