0.631868 0.205267
0.634297 0.203611
0.648063 0.19517
0.632683 0.204653
0.648869 0.194496
0.630426 0.208253
0.647837 0.197504
0.636287 0.202373
0.635355 0.202939
0.639756 0.200179
0.6399 0.200096
0.638769 0.200788
0.638468 0.200971
0.634664 0.203373
0.639219 0.200516
0.634881 0.203249
0.653485 0.191771
0.636392 0.202277
0.631447 0.205463
0.633723 0.203954
0.63653 0.202189
0.648005 0.195268
0.652521 0.192232
0.633062 0.20442
0.633973 0.203834
0.648496 0.194763
0.652099 0.192495
0.6501 0.193727
0.635582 0.202815
0.640554 0.199676
0.640991 0.1995
0.6404 0.199769
0.631225 0.205697
0.650533 0.193478
0.648203 0.19498
0.647895 0.195523
0.641621 0.19942
0.633244 0.204302
0.634485 0.203483
0.653847 0.191717
0.640078 0.199985
0.633567 0.204061
0.635008 0.203152
0.650245 0.193634
0.630569 0.20728
0.653162 0.191882
0.637106 0.201846
0.640211 0.199885
0.631581 0.205386
0.632342 0.204885
0.630986 0.206123
0.63766 0.201492
0.636744 0.202057
0.635926 0.202575
0.630769 0.206496
0.651134 0.193097
0.631341 0.205557
0.649 0.194412
0.651548 0.192826
0.63577 0.202674
0.637318 0.201711
0.648352 0.194873
0.632491 0.204758
0.638598 0.200884
0.649176 0.19431
0.639027 0.200633
0.6496 0.194061
0.639555 0.200298
0.652778 0.192077
0.651956 0.192585
0.63801 0.201265
0.651797 0.192683
0.652933 0.191989
0.637463 0.201603
0.652251 0.192396
0.630931 0.206253
0.639378 0.200404
0.649801 0.193934
0.650989 0.193178
0.63784 0.201362
0.650669 0.19337
0.632932 0.204517
0.634143 0.203719
0.648725 0.194616
0.630423 0.208653
0.6361 0.20249
0.638337 0.201085
0.641307 0.199432
0.638158 0.201199
0.63114 0.205837
0.649933 0.193832
0.647848 0.195866
0.650863 0.193255
0.63691 0.201947
0.649315 0.194216
0.632161 0.205082
0.635139 0.203054
0.640765 0.199575
0.633404 0.204186
0.651382 0.192927
