0.411675 0.367424
0.42593 0.356175
0.415258 0.364534
0.41645 0.363609
0.410684 0.368252
0.427768 0.354872
0.428049 0.354653
0.433449 0.350392
0.422387 0.359596
0.425293 0.356682
0.410931 0.368014
0.429165 0.353665
0.431569 0.351812
0.409774 0.370195
0.41056 0.368383
0.410131 0.368989
0.433052 0.350666
0.41583 0.364059
0.426926 0.355416
0.416658 0.363473
0.416238 0.363751
0.41359 0.365847
0.414536 0.365121
0.412663 0.366629
0.430186 0.352951
0.426108 0.356045
0.426679 0.355596
0.424759 0.357071
0.422809 0.358698
0.412037 0.367077
0.409885 0.369473
0.411411 0.367678
0.41475 0.364922
0.432768 0.350872
0.424336 0.357433
0.437943 0.349592
0.426396 0.35581
0.422486 0.35927
0.424038 0.357652
0.432204 0.351329
0.428385 0.354294
0.413163 0.366264
0.409746 0.370758
0.425707 0.356338
0.42315 0.35834
0.413394 0.366032
0.428195 0.354477
0.434672 0.349738
0.425017 0.35689
0.430064 0.353163
0.431372 0.351965
0.416016 0.363906
0.431086 0.352191
0.423597 0.358014
0.429394 0.353548
0.431767 0.351661
0.425528 0.356486
0.433655 0.350243
0.432437 0.351149
0.424567 0.357231
0.430318 0.352789
0.412879 0.366475
0.433243 0.350524
0.416948 0.363344
0.42897 0.353798
0.41508 0.364667
0.423332 0.358226
0.436163 0.349595
0.417248 0.363285
0.427087 0.355259
0.423786 0.35785
0.430675 0.352478
0.431967 0.3515
0.410389 0.368582
0.42291 0.358577
0.428595 0.354108
0.410228 0.368755
0.414296 0.365328
0.435087 0.349642
0.429692 0.353439
0.414071 0.365465
0.441102 0.34958
0.415472 0.364388
0.433927 0.350071
0.427285 0.355104
0.432588 0.351005
0.430893 0.352324
0.42261 0.359014
0.430497 0.352625
0.42229 0.360184
0.411846 0.367233
0.434353 0.349847
0.412324 0.366928
0.43534 0.349613
0.413862 0.365601
0.428799 0.353941
0.41115 0.367829
0.422757 0.358769
0.52994 0.349575
0.427511 0.354968
