0.557101 0.265108
0.418955 0.362291
0.344031 0.44635
0.563686 0.261213
0.557345 0.264947
0.55795 0.264652
0.343268 0.447625
0.346832 0.444781
0.42047 0.360476
0.419634 0.361157
0.419839 0.360959
0.425375 0.356611
0.418695 0.364037
0.55422 0.267087
0.552022 0.268806
0.557593 0.264802
0.418837 0.362869
0.565514 0.259434
0.426151 0.356004
0.420957 0.36012
0.556154 0.265759
0.566184 0.258982
0.34627 0.444894
0.566472 0.258783
0.555361 0.266295
0.566724 0.258613
0.555113 0.266463
0.553887 0.267321
0.343467 0.447107
0.568293 0.257849
0.420747 0.360243
0.423872 0.357833
0.42315 0.358333
0.344357 0.445992
0.56462 0.26012
0.567263 0.258264
0.554428 0.266935
0.552238 0.268558
0.553254 0.267783
0.419413 0.361363
0.345984 0.444977
0.343179 0.447974
0.422943 0.358498
0.425096 0.356833
0.568707 0.257748
0.345594 0.445122
0.564121 0.260548
0.553034 0.267946
0.555773 0.266015
0.564807 0.259935
0.558435 0.264567
0.345164 0.445334
0.551564 0.27019
0.343004 0.455624
0.426761 0.355669
0.430555 0.355129
0.343799 0.446596
0.381703 0.444738
0.421622 0.35954
0.42456 0.357262
0.424912 0.357025
0.565216 0.259625
0.565926 0.259145
0.425634 0.356407
0.41911 0.361885
0.553514 0.267589
0.42637 0.355877
0.567846 0.257983
0.424053 0.357627
0.563875 0.260849
0.421258 0.359844
0.563526 0.262101
0.556545 0.265525
0.344618 0.445737
0.552482 0.268314
0.347489 0.444743
0.343118 0.44892
0.564327 0.260345
0.420135 0.360732
0.421965 0.359264
0.421422 0.359681
0.422394 0.358949
0.344857 0.445528
0.55472 0.266743
0.343047 0.449654
0.422676 0.358715
0.424328 0.357414
0.428481 0.355134
0.567494 0.258126
0.566956 0.258453
0.551714 0.269414
0.556773 0.265358
0.343599 0.446833
0.343011 0.451165
0.551865 0.269077
0.425905 0.356196
0.42761 0.355279
0.427116 0.355504
0.423482 0.358084
0.418694 0.382838
