0.498115 0.294261
0.500488 0.292564
0.518009 0.280318
0.495274 0.296987
0.495162 0.297295
0.511273 0.285003
0.516283 0.281487
0.499402 0.293326
0.496675 0.295337
0.514321 0.282856
0.511804 0.284642
0.49825 0.294151
0.513531 0.283403
0.49957 0.293219
0.511636 0.284755
0.516644 0.281239
0.512465 0.284154
0.515679 0.28191
0.51726 0.280844
0.516431 0.281383
0.518983 0.2798
0.510845 0.285353
0.501705 0.29177
0.498776 0.293808
0.51111 0.285111
0.500133 0.292812
0.497196 0.294903
0.502795 0.291469
0.510675 0.285516
0.511995 0.284495
0.518455 0.280059
0.517064 0.280947
0.501963 0.29165
0.510396 0.286018
0.513704 0.283289
0.498392 0.294064
0.513322 0.283548
0.518197 0.280199
0.497986 0.294385
0.524172 0.279636
0.496343 0.295526
0.497607 0.294626
0.510507 0.285754
0.50088 0.292301
0.517604 0.280584
0.510976 0.285213
0.516069 0.281638
0.498947 0.293669
0.521221 0.279639
0.517794 0.280473
0.519258 0.279733
0.496011 0.295779
0.511454 0.284868
0.500612 0.292467
0.501113 0.29216
0.499835 0.29304
0.516914 0.281067
0.51515 0.282274
0.499989 0.292926
0.496495 0.295422
0.497026 0.295051
0.515392 0.282095
0.513852 0.283177
0.512967 0.283822
0.52039 0.279658
0.495126 0.297643
0.501276 0.292018
0.512311 0.284256
0.518628 0.279948
0.514581 0.282679
0.514746 0.282551
0.495508 0.296386
0.513153 0.283669
0.502553 0.291492
0.498588 0.293939
0.497379 0.294776
0.497781 0.294533
0.501493 0.291889
0.517449 0.28071
0.512646 0.284026
0.51587 0.28177
0.512157 0.284376
0.495082 0.298232
0.496191 0.295648
0.499147 0.293539
0.513985 0.283081
0.512786 0.283924
0.500321 0.292685
0.50227 0.291548
0.495794 0.296006
0.514989 0.28238
0.514151 0.282976
0.496885 0.295189
0.495332 0.296654
0.600883 0.279635
0.51033 0.286399
0.519706 0.279669
0.49506 0.304442
0.518765 0.279876
0.495617 0.296216
