0.30918 0.444054
0.41513 0.369133
0.310864 0.442864
0.547502 0.279693
0.413226 0.370488
0.405567 0.376573
0.309012 0.444239
0.308249 0.444854
0.302202 0.451451
0.406647 0.375638
0.307429 0.44563
0.303082 0.449761
0.30964 0.443625
0.302129 0.452075
0.408673 0.374037
0.408956 0.373788
0.548552 0.278999
0.310535 0.442998
0.408256 0.374359
0.404975 0.377091
0.546383 0.280727
0.546924 0.280078
0.547778 0.279497
0.305036 0.447766
0.308737 0.444509
0.41264 0.370924
0.546667 0.280308
0.548294 0.279117
0.304367 0.448501
0.302118 0.454574
0.415518 0.368967
0.406856 0.375481
0.409297 0.373511
0.30613 0.446792
0.54614 0.281216
0.308041 0.44503
0.551168 0.278661
0.404287 0.378565
0.406322 0.375896
0.549569 0.278662
0.302345 0.450875
0.306896 0.446079
0.404474 0.377966
0.54716 0.279924
0.409931 0.373018
0.546049 0.281503
0.407955 0.374585
0.303594 0.449143
0.549044 0.278787
0.404775 0.377393
0.407509 0.374939
0.406175 0.376043
0.40717 0.375269
0.405227 0.376833
0.414324 0.36966
0.407733 0.374759
0.410527 0.372552
0.302679 0.450241
0.412131 0.371314
0.305267 0.447548
0.404203 0.378894
0.404121 0.380324
0.546025 0.281808
0.411311 0.371944
0.4124 0.371111
0.311334 0.442814
0.410987 0.372187
0.405817 0.376413
0.416875 0.368562
0.306599 0.446349
0.416048 0.368741
0.409561 0.373318
0.408386 0.374255
0.413802 0.370044
0.414063 0.369847
0.3034 0.449399
0.413003 0.370648
0.40436 0.378246
0.305879 0.446984
0.309869 0.4434
0.302857 0.44998
0.310148 0.443214
0.30254 0.450417
0.306357 0.446543
0.548033 0.279309
0.307117 0.445896
0.309396 0.44385
0.410801 0.372339
0.305704 0.447159
0.414798 0.369316
0.41175 0.371595
0.304798 0.447987
0.404599 0.377695
0.410276 0.372744
0.307845 0.445252
0.30393 0.448836
0.304607 0.448216
0.414553 0.369471
0.413552 0.370239
0.415693 0.368878
