0.551325 0.288688
0.561385 0.281548
0.56492 0.27909
0.560865 0.281898
0.556792 0.284757
0.554561 0.286325
0.553443 0.287124
0.557341 0.284369
0.554721 0.286233
0.564717 0.279228
0.5634 0.280137
0.550848 0.289257
0.560085 0.282447
0.565462 0.278717
0.565072 0.278975
0.567123 0.277745
0.556611 0.284877
0.566748 0.277872
0.555119 0.285935
0.566599 0.277965
0.556431 0.285006
0.550542 0.290018
0.551585 0.28845
0.55328 0.287214
0.562686 0.280811
0.563844 0.279828
0.558832 0.283338
0.55755 0.28423
0.555887 0.285386
0.550722 0.28953
0.551428 0.288556
0.566908 0.277802
0.56796 0.277673
0.552675 0.287734
0.560714 0.282001
0.56731 0.277704
0.557189 0.284497
0.555245 0.285835
0.558359 0.283668
0.560242 0.282359
0.562022 0.281122
0.554437 0.286421
0.561849 0.281225
0.551164 0.288839
0.553885 0.286824
0.561706 0.281319
0.559352 0.282957
0.56157 0.281413
0.560582 0.282111
0.552571 0.287878
0.560436 0.282243
0.562806 0.280635
0.563677 0.279956
0.551931 0.288266
0.555602 0.285623
0.559736 0.282691
0.555394 0.285754
0.550508 0.290337
0.550635 0.289751
0.565697 0.278572
0.558654 0.283443
0.564055 0.279684
0.559541 0.282826
0.561214 0.28166
0.55573 0.285509
0.566109 0.278296
0.56295 0.280493
0.559895 0.282583
0.552811 0.287613
0.564578 0.279325
0.566242 0.278191
0.563095 0.280373
0.552234 0.288087
0.552956 0.287523
0.557732 0.284092
0.552054 0.288174
0.551042 0.288962
0.564317 0.279513
0.554118 0.28666
0.565239 0.278859
0.5543 0.286529
0.55371 0.286946
0.559215 0.283053
0.562393 0.280975
0.554927 0.286083
0.553125 0.287343
0.559066 0.283164
0.556285 0.285132
0.556069 0.285276
0.558495 0.283558
0.566394 0.278105
0.55694 0.284654
0.557894 0.283974
0.55049 0.29555
0.551742 0.288371
0.561055 0.281781
0.56326 0.280252
0.562168 0.281048
0.558167 0.283804
0.565891 0.278433
