0.488192 0.342915
0.488148 0.379568
0.554608 0.255322
0.560003 0.251675
0.561241 0.250877
0.560683 0.251224
0.488401 0.342255
0.561681 0.250578
0.55307 0.256351
0.556506 0.254017
0.563684 0.249899
0.560868 0.251103
0.553595 0.255978
0.560442 0.251382
0.561027 0.250994
0.489742 0.34079
0.559206 0.252208
0.554977 0.255044
0.555223 0.254892
0.490853 0.339957
0.491574 0.339584
0.552631 0.256663
0.559491 0.252016
0.488156 0.34412
0.552375 0.256842
0.488499 0.342059
0.551806 0.257309
0.488603 0.341823
0.559681 0.251889
0.490304 0.340351
0.552747 0.256569
0.551163 0.257836
0.558386 0.252764
0.551587 0.257478
0.55223 0.256951
0.551922 0.257197
0.550635 0.259115
0.56268 0.250068
0.489004 0.341349
0.551055 0.258002
0.55561 0.254622
0.557918 0.253066
0.561369 0.250781
0.488326 0.342512
0.556361 0.254116
0.550934 0.258154
0.555393 0.254775
0.488712 0.341678
0.49186 0.339503
0.488264 0.342794
0.558754 0.252511
0.551414 0.257592
0.554804 0.255175
0.557749 0.253184
0.552904 0.256454
0.563363 0.249914
0.552058 0.257085
0.55345 0.256083
0.557088 0.253621
0.488855 0.341537
0.490584 0.340147
0.492388 0.339401
0.550553 0.259384
0.553279 0.256223
0.49218 0.339444
0.566368 0.249872
0.562104 0.250322
0.550452 0.259958
0.550789 0.258493
0.555945 0.254395
0.491141 0.339789
0.559833 0.251786
0.56236 0.250197
0.554247 0.255537
0.55578 0.25452
0.489134 0.34122
0.4901 0.340487
0.55728 0.253505
0.5544 0.25544
0.556168 0.254248
0.562953 0.249981
0.560201 0.251547
0.558932 0.252391
0.557461 0.253378
0.489511 0.340969
0.556792 0.253833
0.561849 0.250486
0.489951 0.340621
0.551304 0.257694
0.55811 0.252941
0.489304 0.341096
0.561525 0.250686
0.553974 0.255744
0.554087 0.255645
0.553777 0.255886
0.490707 0.340047
0.488147 0.38107
0.562572 0.250132
0.491352 0.339678
0.558565 0.252641
