0.549326 0.737683
0.483493 0.793983
1.01679 0.0173528
0.150237 0.996136
1.01679 0.0173529
0.683045 0.572741
0.483493 0.793983
0.811762 0.378909
0.33788 0.912476
0.351808 0.904147
0.671351 0.586887
0.816799 0.371271
0.490198 0.793983
0.549544 0.728373
0.351701 0.904149
0.886046 0.263583
0.55143 0.728913
0.882994 0.263004
0.671351 0.586887
0.549326 0.728373
0.351701 0.904147
0.355483 0.904147
0.683053 0.572741
0.753498 0.49833
0.351701 0.904181
0.0182359 1.01551
0.549677 0.728373
0.883426 0.26433
0.351701 0.904147
0.683045 0.572741
0.671351 0.586887
1.00434 0.0403016
0.483493 0.793983
0.816854 0.36972
1.01679 0.0173527
0.487755 0.793983
0.882994 0.263004
1.01688 0.0173527
0.215914 0.977096
0.490198 0.793983
0.33788 0.912505
0.671351 0.586887
0.671412 0.586887
0.483493 0.793983
0.33788 0.912149
0.338508 0.912149
0.811762 0.378764
1.01679 0.0173569
0.351721 0.904147
0.671351 0.586887
1.00468 0.0394964
0.683044 0.572741
0.816799 0.369629
0.671351 0.586887
0.213046 0.972027
0.683045 0.572741
0.0182708 1.01551
0.352497 0.904147
0.483516 0.793983
0.150237 0.996136
0.671404 0.586887
0.355459 0.904147
0.351701 0.904147
0.484562 0.793983
0.672561 0.586887
1.00468 0.0394964
0.351701 0.904147
0.354278 0.904147
0.671351 0.586887
0.683053 0.572741
0.811762 0.379392
0.672561 0.586887
0.483493 0.793983
0.816799 0.369629
0.549462 0.729315
0.483493 0.793983
0.490198 0.793983
0.48425 0.793983
0.0181279 1.01551
0.213046 0.972027
1.01679 0.0173529
0.777086 0.539573
1.00469 0.0394988
0.351701 0.904184
1.01688 0.0173527
0.352053 0.904147
1.01679 0.0173532
1.01679 0.0173529
0.671351 0.586887
0.549326 0.728416
0.354304 0.904147
1.0166 0.0185957
0.811762 0.378771
0.683044 0.577882
0.683044 0.572741
0.549326 0.728373
0.549326 0.728558
0.0181279 1.01551
0.671351 0.586887
0.683053 0.572741
