0.897851 0.232711
0.00680448 1.01176
0.56457 0.709369
0.666181 0.686372
0.335301 0.909471
0.66803 0.573449
0.565022 0.709369
0.56457 0.709369
0.472092 0.797818
0.805647 0.379004
0.56457 0.709369
0.66803 0.573683
0.33331 0.905472
0.237853 0.964013
0.716065 0.504588
0.96961 0.0885092
0.00680448 1.01176
0.00680494 1.01176
0.472092 0.797818
0.71618 0.50456
0.138865 0.994092
0.96961 0.0884512
0.138865 0.994092
0.571407 0.709369
0.00886266 1.01176
1.00072 0.022283
0.232331 0.964039
0.00680464 1.01176
0.138865 0.994051
1.00072 0.022283
0.00696839 1.01176
0.718346 0.50456
0.138865 0.994092
1.00072 0.022283
0.56457 0.709369
0.00680926 1.01176
0.66803 0.573449
0.00787498 1.01176
0.805647 0.379004
0.56457 0.709369
0.138866 0.994051
0.00680776 1.01176
0.138866 0.994051
0.00680468 1.01176
0.138865 0.994051
0.231222 0.964081
0.66803 0.573443
0.897911 0.232711
0.564594 0.709369
0.805904 0.384639
0.716065 0.50456
0.716065 0.50456
0.56457 0.709369
0.716065 0.50456
0.805932 0.379257
0.302643 0.930144
0.897798 0.232711
0.383334 0.870477
0.66803 0.57344
0.138865 0.994193
0.898776 0.232711
0.00681248 1.01176
1.00182 0.0243991
0.56457 0.709378
0.231222 0.964013
0.66803 0.573449
1.00248 0.022283
0.63605 0.620617
0.472092 0.797818
0.671709 0.57344
0.564571 0.709369
0.716065 0.504561
1.00072 0.022283
0.716065 0.50456
0.00680776 1.01176
0.231222 0.964013
0.23393 0.964014
0.00680525 1.01176
0.56457 0.709369
0.805647 0.379004
0.00681251 1.01176
0.138865 0.994075
0.66803 0.57344
0.56457 0.709369
0.231222 0.964013
0.472092 0.797818
0.66803 0.574988
0.34121 0.907955
0.66803 0.574448
0.333312 0.904303
0.138866 0.994051
0.66803 0.573449
0.231222 0.964013
0.00787498 1.01176
0.138866 0.994051
0.805647 0.379004
0.897797 0.232711
0.138865 0.994092
0.472092 0.797818
0.56457 0.709369
