0.655132 0.570804
0.000126029 1
1.00002 3.83007e-06
0.609848 0.651686
0.940545 0.145751
0.321799 0.896446
0.755749 0.441432
0.422416 0.830704
0.321799 0.896446
0.609697 0.651687
0.000127646 1
0.500201 0.770721
1.00006 3.83007e-06
0.940543 0.145752
0.655132 0.570851
1 3.83011e-06
0.609714 0.651687
1 3.83008e-06
1 1.34851e-05
0.988506 0.0228761
0.609886 0.651686
0.000126029 1
0.499912 0.770723
1.00002 3.83007e-06
0.333361 0.888873
0.609718 0.651687
0.611545 0.651686
0.321799 0.896446
0.500224 0.770721
0.940545 0.145751
0.321799 0.896446
0.755749 0.441432
0.000126029 1
0.609718 0.651687
0.166484 0.982301
1.00046 3.83007e-06
0.655132 0.570804
0.321799 0.896446
0.321799 0.896446
0.655132 0.570804
1 3.83016e-06
0.940545 0.14575
0.000126029 1
0.321799 0.896446
0.655132 0.570804
0.609689 0.651691
0.833339 0.336839
0.499912 0.770721
0.321799 0.896446
0.321799 0.896446
0.321799 0.896446
0.321799 0.896446
0.321799 0.896446
0.321799 0.896446
0.321799 0.896446
0.655132 0.570804
0.321799 0.896446
0.321799 0.896446
0.321799 0.896446
0.321799 0.896446
0.326244 0.893576
0.666761 0.555542
0.326244 0.893576
0.326244 0.893576
0.9884 0.0235742
0.321799 0.896446
0.321799 0.896446
0.321799 0.896446
0.273571 0.941702
0.321799 0.896446
0.000131612 1
0.321799 0.896446
0.321799 0.896446
0.499912 0.770721
0.992867 0.0142262
0.000131612 1
0.321799 0.896446
0.321799 0.896446
0.321799 0.896446
0.321799 0.896446
0.321799 0.896446
0.940545 0.14575
0.609694 0.651687
0.321799 0.896446
0.501627 0.77072
0.321799 0.896446
0.166484 0.982301
0.000126029 1
0.321799 0.896446
1.00133 3.83006e-06
0.321799 0.896446
0.321799 0.896446
0.321799 0.896446
0.321799 0.896446
0.321799 0.896446
0.166484 0.982301
0.499912 0.770721
0.000126029 1
2.66587e-05 1
0.321799 0.896446
