1.01112 0.00697804
0.254799 0.945116
0.521294 0.773326
0.923124 0.157845
1.0029 0.0269855
0.854219 0.329812
0.680175 0.561524
0.678432 0.561524
0.860958 0.329812
0.254799 0.945116
0.677674 0.562715
0.52129 0.773327
0.677665 0.562716
0.336271 0.903263
1.01116 0.0069752
0.923122 0.157845
0.59039 0.662096
0.413449 0.855239
0.680387 0.561524
1.01123 0.00697429
0.589784 0.662096
0.677669 0.562716
1.01185 0.0069729
0.0118986 1.00682
0.011893 1.00683
1.01112 0.00697842
1.01125 0.0069729
1.01124 0.00697428
0.84404 0.351822
0.254799 0.945116
0.52129 0.77337
0.840544 0.353819
0.840544 0.35381
0.254799 0.945116
0.854218 0.329812
0.0118986 1.00682
0.746757 0.478737
0.841778 0.351822
0.254799 0.945116
0.254799 0.945116
0.254799 0.945116
0.854218 0.329812
0.254799 0.945116
0.254799 0.945116
0.508332 0.789074
0.254799 0.945116
0.254799 0.945116
0.254799 0.945116
0.254799 0.945116
0.254799 0.945116
0.254799 0.945116
0.254799 0.945116
0.746844 0.473422
0.677671 0.562715
1.01116 0.0069752
0.679441 0.561524
0.254799 0.945116
0.923122 0.157845
0.254799 0.945116
1.01115 0.00697523
0.254799 0.945116
1.01112 0.00698055
0.677665 0.562716
0.854219 0.329812
0.254799 0.945116
0.254799 0.945116
0.854219 0.329812
0.923122 0.157852
0.921525 0.161067
0.677664 0.562716
0.669551 0.576246
0.254799 0.945116
0.0118986 1.00682
0.681453 0.561524
0.52129 0.773335
0.854218 0.329821
0.840544 0.35382
0.254799 0.945116
0.523686 0.773326
0.413449 0.855239
1.01187 0.0069729
1.01118 0.00697456
0.52129 0.776639
0.521294 0.773326
0.746758 0.473422
1.0028 0.0271859
0.254799 0.945116
0.345104 0.895251
0.746758 0.473589
0.254799 0.945116
1.01112 0.00697809
0.254799 0.945116
0.594974 0.662096
0.746758 0.473422
0.67767 0.562716
0.254799 0.945116
0.254799 0.945116
1.01112 0.00697804
0.59049 0.662096
0.854219 0.329812
