0.390428 0.869358
0.930771 0.158283
0.11347 0.997219
0.882335 0.255826
0.390553 0.869357
0.725156 0.503403
0.390395 0.869358
0.530328 0.736222
0.112991 0.997219
0.263826 0.9487
0.390399 0.869358
0.263822 0.952875
0.337653 0.905887
0.683403 0.553286
0.930775 0.158233
0.725174 0.501169
0.0570688 1.04593
0.11347 0.997219
0.930731 0.163347
0.725156 0.501169
0.725156 0.50117
0.683346 0.553286
0.112991 0.997219
0.671001 0.573403
0.337653 0.905887
0.725156 0.501169
0.930776 0.158233
0.780899 0.424065
0.0166068 1.01313
0.112991 0.997222
0.725156 0.50117
0.112991 0.997219
0.394701 0.869357
0.930735 0.158894
0.390395 0.869361
0.671001 0.572993
0.390427 0.869358
0.112991 0.99854
0.930787 0.15814
0.390415 0.869358
0.390514 0.869358
0.390768 0.869358
0.930737 0.158875
0.112991 0.997219
0.673144 0.572993
0.671001 0.572993
0.68389 0.553286
0.337445 0.905887
0.390395 0.869363
0.930737 0.158586
0.390395 0.869361
0.112991 0.997219
0.112991 0.997574
0.11347 0.997219
0.597407 0.665136
0.112991 0.997219
0.350022 0.894303
0.863378 0.279678
0.390401 0.869358
0.779839 0.424065
0.263832 0.948412
0.337654 0.905887
0.597406 0.680334
0.597406 0.66927
1.00426 0.0182704
0.339513 0.905887
0.337444 0.905887
0.0166068 1.01313
0.0166068 1.01313
0.683349 0.553286
0.725161 0.501169
0.683347 0.553286
0.263832 0.948412
0.016621 1.01313
0.390395 0.869358
0.337654 0.905887
0.930773 0.158402
0.597488 0.664237
0.779899 0.424065
0.930731 0.163347
0.930747 0.158399
0.930731 0.159059
0.818139 0.401057
0.930786 0.158184
0.390395 0.869358
0.390907 0.869357
0.597845 0.664232
0.115064 0.997219
0.779839 0.424065
0.26388 0.947977
0.114621 0.997219
0.683706 0.553286
0.11347 0.997219
0.390397 0.869358
0.390395 0.869363
0.446475 0.821771
0.725156 0.501169
0.683354 0.553286
0.0179958 1.01313
0.59743 0.664977
