0.684402 0.569634
1.01718 0.014853
0.532715 0.736523
0.918214 0.185749
0.414317 0.861932
0.414346 0.861932
1.01718 0.014853
1.01718 0.014853
0.918229 0.181789
0.58526 0.674737
0.918214 0.184984
0.414317 0.861932
1.01718 0.0149096
0.918214 0.183429
0.414317 0.861932
0.865847 0.273955
1.01718 0.014853
1.01718 0.014853
0.684402 0.569631
1.01718 0.014853
1.01718 0.014853
0.866721 0.273955
0.684402 0.573738
1.01718 0.0150424
0.684402 0.569631
1.01718 0.014853
1.01718 0.014853
1.01718 0.014853
0.351335 0.903349
0.923233 0.181782
0.918229 0.181786
0.684402 0.569633
1.01718 0.0149096
1.01718 0.014853
0.918224 0.181829
0.532612 0.736523
0.747869 0.486454
0.532612 0.736523
0.802782 0.382872
1.01718 0.014853
1.01718 0.014853
0.0176066 1.01485
1.01718 0.014912
0.918225 0.1818
0.920719 0.181783
0.0176066 1.01485
0.35107 0.903349
0.865847 0.273955
0.0176066 1.01816
1.01718 0.014853
0.684402 0.569634
1.01718 0.014853
0.866419 0.273955
0.414559 0.861932
0.866473 0.273955
1.01718 0.014853
0.414317 0.861932
0.802429 0.382872
0.865847 0.276658
0.351119 0.903349
1.01718 0.014853
1.01718 0.014853
0.58526 0.674761
1.01718 0.014853
0.414317 0.861963
1.01718 0.014853
0.414317 0.861932
1.01718 0.0195507
0.918215 0.182036
0.532614 0.736523
0.252309 0.946488
1.01718 0.014853
1.01718 0.014853
0.58526 0.674737
1.01718 0.014853
1.01718 0.014853
0.684402 0.569631
1.01718 0.014853
1.01718 0.014853
1.01718 0.014853
0.918214 0.18549
0.534845 0.736523
0.199228 0.977087
0.802515 0.382872
0.469916 0.79899
0.58526 0.675922
0.135624 0.994146
1.01718 0.014853
0.919841 0.181784
0.918223 0.181975
0.918213 0.18772
0.865848 0.273955
0.351339 0.903349
0.538298 0.736523
0.352515 0.903349
0.351071 0.903349
0.684402 0.569633
1.01718 0.0148531
1.01718 0.014853
1.01718 0.014853
