0.34927 0.878018
0.790217 0.43146
0.574436 0.686257
0.682616 0.534042
0.575285 0.686257
0.787334 0.43146
0.657479 0.591491
0.820895 0.354434
0.488153 0.786767
0.824504 0.343042
0.682616 0.534037
0.785257 0.43146
0.0159279 0.999749
0.774181 0.441276
0.0159279 0.99976
0.785256 0.431875
0.574435 0.686261
0.488111 0.786834
0.489067 0.786681
0.990769 0.0489323
0.682616 0.534037
0.682765 0.534037
0.774171 0.441276
0.78527 0.43146
0.636381 0.612731
0.636381 0.612727
0.684415 0.534037
0.49186 0.776714
0.78527 0.43146
0.488058 0.786962
0.737988 0.508902
0.574435 0.686259
0.488229 0.786706
0.404723 0.875452
0.0159279 0.999749
0.451941 0.827576
0.77417 0.441378
0.489069 0.786675
0.790453 0.43146
0.990963 0.0489323
0.488126 0.786768
0.821034 0.354426
0.908158 0.195324
0.324443 0.911667
0.32441 0.91168
0.349268 0.878031
0.657304 0.591493
0.488202 0.786706
0.785262 0.43146
0.657302 0.591494
0.96972 0.0809485
0.682736 0.534037
0.682616 0.534038
0.574435 0.686945
0.574435 0.686261
0.682616 0.534037
0.451941 0.82758
0.330267 0.911659
0.49153 0.776751
0.990963 0.0489323
0.0159279 0.99976
0.785263 0.43146
0.324443 0.911659
0.785365 0.43146
0.737988 0.508901
0.488111 0.786796
0.737987 0.508915
0.574435 0.686436
0.491841 0.776718
0.990767 0.0496744
0.574435 0.68626
0.682626 0.534037
0.824993 0.342741
0.241569 0.954058
0.990767 0.048947
0.77417 0.44367
0.488153 0.786713
0.68358 0.534037
0.243812 0.954058
0.774171 0.441277
0.48817 0.786708
0.488205 0.786706
0.8247 0.342807
0.820864 0.354462
0.785257 0.43146
0.488213 0.786706
0.824341 0.343044
0.349268 0.87802
0.785377 0.43146
0.657304 0.591491
0.658947 0.591491
0.488061 0.786958
0.488152 0.786767
0.574675 0.686257
0.302839 0.922474
0.820871 0.354438
0.682765 0.534037
0.574435 0.686986
0.48814 0.786767
0.324455 0.911659
