0.768021 0.435827
0.0200977 1.00991
0.900801 0.242066
0.0200977 1.00991
0.900801 0.240053
0.0200977 1.00991
0.0200977 1.00991
0.936828 0.161995
0.498137 0.780937
0.900801 0.241996
0.567446 0.718978
0.936829 0.161994
0.768027 0.435827
0.225054 0.970084
1.00552 0.0154197
0.433863 0.828476
0.433863 0.828476
0.72507 0.504466
0.100534 0.99752
0.225054 0.970084
0.72507 0.504466
1.00552 0.0157033
0.0200977 1.00991
1.00953 0.0148698
0.567446 0.718973
0.900801 0.24013
0.83139 0.344071
1.00552 0.01487
0.603484 0.667165
0.83139 0.344072
1.006 0.0148699
0.900801 0.240053
0.936828 0.162061
0.831392 0.344071
0.353699 0.889248
0.906093 0.240053
0.225053 0.971142
0.225053 0.970088
0.567446 0.718973
0.433863 0.830369
0.936828 0.162799
0.0200977 1.00991
0.72507 0.509212
0.900801 0.245913
0.900801 0.240072
0.686864 0.546585
0.567446 0.718978
0.831392 0.344071
0.603286 0.667009
0.433863 0.828476
0.567446 0.718974
0.433877 0.828476
0.900801 0.24013
0.725172 0.504466
0.0200977 1.00991
0.768021 0.435827
0.72507 0.504466
0.498137 0.781134
0.900801 0.240053
0.603283 0.667009
0.433866 0.828476
0.603357 0.667009
0.353699 0.890174
0.936828 0.162799
0.727964 0.504466
0.900817 0.240053
0.603283 0.667009
0.567446 0.718978
0.72507 0.504466
0.686864 0.546592
0.900801 0.240053
0.72507 0.504466
0.353699 0.890174
0.72507 0.504466
0.72507 0.504466
1.00552 0.0168576
0.725202 0.504466
0.936828 0.168335
0.831392 0.344071
1.00552 0.0157033
0.391819 0.8724
0.603283 0.670517
1.00591 0.0150325
0.498137 0.780937
0.225053 0.970088
0.498137 0.779593
0.0209384 1.01107
0.900801 0.245318
0.900801 0.240053
0.72507 0.504466
0.0200977 1.00991
0.225065 0.970084
0.433863 0.828476
0.498137 0.781134
0.72507 0.504466
0.894697 0.258642
0.936828 0.165304
0.353699 0.889248
0.357158 0.889589
0.225054 0.970084
