0.763605 0.451639
0.478109 0.795702
0.873497 0.263734
0.540012 0.726758
0.666847 0.5844
0.763605 0.451817
0.206825 0.967209
0.939124 0.132894
0.206824 0.967774
0.873501 0.263734
0.27249 0.933402
0.605198 0.645184
0.768894 0.451638
0.666864 0.580627
0.605198 0.645164
0.666846 0.580725
0.0202225 1.00719
0.763605 0.45241
0.430195 0.841135
0.765597 0.451638
0.687058 0.551086
0.605281 0.644775
1.00133 0.0298899
0.605198 0.644846
0.668374 0.580627
0.763605 0.452412
1.02478 0.051714
0.938931 0.134027
0.144971 0.998018
0.763605 0.451889
0.763892 0.451638
0.279515 0.933401
0.687058 0.552518
0.666845 0.580804
0.938929 0.135175
1.00893 0.01518
0.144973 0.998018
0.144972 0.998018
0.47839 0.794161
0.763605 0.451641
0.666846 0.580632
0.687058 0.552191
0.938931 0.132894
0.201372 0.980434
1.00799 0.01518
0.873497 0.263734
0.207289 0.967209
0.605198 0.644845
0.666846 0.580717
0.341145 0.900112
0.763605 0.451641
0.605913 0.644775
0.666848 0.580628
0.666864 0.580627
0.341145 0.900112
0.206825 0.967209
0.272496 0.933401
0.938931 0.132894
0.478575 0.794161
0.763657 0.451638
0.144973 0.998018
0.763605 0.451878
0.341145 0.900112
0.272496 0.933402
0.144972 0.998018
0.200403 0.980435
0.666845 0.586733
0.763605 0.451641
0.478109 0.794161
0.938929 0.135396
0.763605 0.452676
0.687058 0.551084
0.201386 0.980434
0.144971 0.998018
0.687058 0.551084
0.14497 0.998018
0.873728 0.263734
0.201319 0.980434
0.201238 0.980434
0.763605 0.4517
0.939146 0.132894
0.341145 0.900112
0.200431 0.980435
0.201319 0.980434
0.478547 0.794161
0.206824 0.967209
0.763657 0.451638
0.430195 0.841135
0.14497 0.998018
0.144974 0.998018
0.6052 0.644777
0.812923 0.365692
0.765597 0.451638
0.0203584 1.00719
0.666845 0.584408
0.763605 0.451639
0.334448 0.905836
0.666848 0.580628
0.666846 0.580628
0.200403 0.980435
