0.879974 0.253069
1.01506 0.00622659
1.01507 0.00622592
1.01507 0.00622618
0.0209673 1.00765
0.327078 0.915551
0.660404 0.598733
0.660387 0.598776
0.327076 0.92272
0.550776 0.724005
0.689808 0.550744
0.356471 0.888869
0.882745 0.253069
0.689808 0.551264
1.01507 0.00622605
1.01507 0.00622602
0.482477 0.836145
0.876604 0.253069
0.356471 0.889635
0.815953 0.417626
0.0209722 1.00501
1.01507 0.00622627
0.356471 0.889147
0.356471 0.88889
1.01507 0.00622556
0.542004 0.724005
1.01506 0.00622667
0.327076 0.915551
0.507413 0.765747
0.482477 0.837742
0.0209722 1.005
0.356471 0.88908
0.356471 0.889081
0.542004 0.724005
0.0209673 1.0051
0.348235 0.894306
0.660724 0.598733
1.01507 0.006226
0.660386 0.599317
1.01506 0.00622643
0.876603 0.25307
0.327076 0.915551
0.876603 0.255048
1.01506 0.0111514
0.0209722 1.00509
1.01506 0.00622705
1.01507 0.00622565
0.542004 0.72401
1.01506 0.00776187
0.660386 0.59891
0.0209721 1.0051
0.356471 0.888859
1.01506 0.00622648
0.681566 0.561546
0.689808 0.550738
1.01507 0.00622613
0.327076 0.917173
1.01506 0.00622694
1.01507 0.00622559
0.815953 0.414688
0.660387 0.598766
0.482477 0.836043
0.356471 0.889635
1.01506 0.00622675
0.356471 0.888861
0.348236 0.894306
1.01507 0.00622623
0.356471 0.888861
0.840793 0.316281
1.01506 0.00622909
0.815953 0.415768
0.542004 0.724263
0.660386 0.599461
0.660387 0.598734
0.660387 0.598734
0.993895 0.0593941
1.01506 0.00622775
1.01506 0.00622804
1.01507 0.00622609
1.01507 0.00622616
1.01506 0.00622742
0.327076 0.915553
1.01507 0.00622597
0.327076 0.915567
0.660935 0.598733
1.01506 0.00622746
0.348235 0.894309
1.01507 0.00622592
0.348235 0.894306
1.01506 0.00622793
1.01506 0.00622743
1.01507 0.00622562
1.01506 0.0062298
1.01509 0.00618288
0.731949 0.518163
0.32708 0.91555
0.327076 0.915566
1.01506 0.00623742
1.01506 0.00622698
0.208652 0.970819
