0.34014 0.903746
0.451931 0.821493
0.54772 0.729697
0.832427 0.321928
0.455307 0.821493
0.673629 0.573462
0.640058 0.620851
0.973454 0.0863296
0.673629 0.570905
0.165624 0.980504
0.673629 0.569482
1.00529 0.0158598
0.640082 0.620851
0.306789 0.932998
0.34014 0.90378
0.547721 0.729697
0.547721 0.729697
0.306789 0.932965
1.00528 0.0158598
0.34014 0.903746
0.452524 0.821493
0.673629 0.569207
0.454951 0.821493
0.974677 0.0863296
0.92584 0.259161
0.807498 0.386797
0.165671 0.980599
0.807692 0.386795
0.306789 0.932965
1.00529 0.0158598
0.499094 0.762309
0.877792 0.25974
0.00658786 1.01588
0.00662475 1.01588
0.45192 0.821493
0.973454 0.0863296
0.34014 0.903755
1.00528 0.0158598
0.673629 0.571752
1.00528 0.0158598
0.166359 0.980583
0.451873 0.821493
0.640058 0.620851
0.973454 0.0863296
0.550759 0.729697
0.0064672 1.01588
0.640075 0.620851
0.640058 0.621027
0.640059 0.620851
0.673629 0.569207
0.45495 0.821493
0.807712 0.386794
0.673629 0.572554
0.64009 0.620851
0.673629 0.569482
0.832427 0.321928
0.640089 0.620851
0.00647823 1.01588
0.642016 0.620851
0.00767413 1.01588
0.455729 0.821493
0.973454 0.0863296
0.973454 0.0863296
0.54772 0.729701
1.00528 0.0200066
1.00585 0.0158598
0.807498 0.386797
0.00672956 1.01588
0.306789 0.932965
0.641895 0.620851
0.501222 0.762309
0.673629 0.569207
0.973454 0.0863296
0.673629 0.569207
0.877487 0.251157
0.34014 0.903755
0.973556 0.0863296
0.807498 0.386797
0.499094 0.76231
0.973454 0.0863296
0.00666362 1.01588
0.0064672 1.01588
0.673629 0.569571
0.973454 0.0863296
0.00646785 1.01588
0.673629 0.569763
1.00528 0.0158598
0.807636 0.386795
0.547721 0.729697
0.54772 0.729697
0.973538 0.0863296
0.807498 0.386797
0.499094 0.762309
1.00528 0.0158598
0.548081 0.729697
0.54772 0.729702
0.306789 0.933199
0.451875 0.821493
0.00658786 1.01588
0.306789 0.932965
