0.671039 0.57278
0.0157579 1.01473
0.671358 0.572779
0.348493 0.897001
0.671039 0.572779
0.0157579 1.01473
0.0157579 1.01473
0.671039 0.572785
0.894594 0.234028
0.0157579 1.01473
0.802654 0.398546
0.0157579 1.01473
1.1746 0.284584
0.135827 1.00168
0.0157579 1.01473
0.135827 1.00168
0.135827 1.00168
0.561587 0.711598
0.894594 0.234058
0.0157579 1.01476
0.135827 1.00168
0.802654 0.398546
0.348493 0.897001
0.135827 1.00168
0.348493 0.897001
0.671039 0.572779
0.0157579 1.01473
0.894594 0.236684
0.894594 0.234028
0.561586 0.711598
0.671039 0.572779
0.682478 0.556053
0.0157579 1.01473
0.671039 0.572779
0.469646 0.810897
0.0157579 1.01473
0.348494 0.897001
0.671039 0.572779
0.703138 0.592774
0.348493 0.897001
0.671039 0.572779
0.561586 0.711694
0.67108 0.572779
0.348493 0.897001
0.348494 0.897001
0.348492 0.897001
0.0157579 1.01473
0.0157579 1.01473
0.0157579 1.01473
0.0157579 1.01473
0.0157579 1.01473
0.0157579 1.01473
0.0157579 1.01473
0.228136 0.967569
0.0157579 1.01473
0.0157579 1.01473
0.0157579 1.01473
0.0157579 1.01473
0.337657 0.905509
0.561586 0.711598
0.0157579 1.01473
0.0157579 1.01473
0.0157579 1.01473
0.0157579 1.01473
0.0157579 1.01473
0.0157579 1.01473
0.0157579 1.01473
0.0157579 1.01473
0.0157579 1.01473
1.00441 0.0179671
1.00433 0.0179671
0.671039 0.572811
0.0157579 1.01473
0.561702 0.711598
0.802654 0.398546
0.13587 1.00168
0.135827 1.00168
0.0157579 1.01473
0.671039 0.572779
1.00442 0.0179671
0.0157579 1.01473
0.0157579 1.01473
0.0157579 1.01473
0.0157579 1.01473
0.0157579 1.01473
0.0157579 1.01473
0.0157579 1.01473
0.0157579 1.01473
0.0157579 1.01473
0.0157579 1.01473
0.0157579 1.01473
0.0157579 1.01473
0.0157579 1.01473
0.0157579 1.01473
0.0157579 1.01473
0.0157579 1.01473
0.0157579 1.01473
0.0157579 1.01473
0.469778 0.810897
0.0157579 1.01473
