1.00108 0.0123315
0.60647 0.655285
0.27314 0.937216
0.615025 0.650373
0.606471 0.651919
0.273141 0.93647
0.14677 1.00549
0.237692 0.963386
0.333056 0.903192
0.237674 0.964085
0.27314 0.936514
5.62835e-05 1.01181
0.939804 0.147283
0.939804 0.146616
0.606471 0.650399
0.333056 0.90085
0.431518 0.865662
0.999722 0.013318
0.333094 0.90085
0.27314 0.936474
0.00127617 1.01346
0.939804 0.142055
0.174714 0.986919
0.813436 0.388308
0.666405 0.56768
0.904313 0.234591
0.666405 0.568312
0.546742 0.742252
0.507733 0.773436
0.60648 0.650377
0.431518 0.865875
0.546884 0.733376
0.999723 0.0123315
0.273145 0.93647
0.27314 0.936471
0.237676 0.963386
0.729347 0.517455
0.606471 0.65064
0.606472 0.650383
0.606473 0.650378
0.939804 0.142058
0.431518 0.865825
0.546784 0.733376
0.27314 0.936497
0.546743 0.733376
0.273166 0.936465
0.14676 1.00549
0.333056 0.901978
0.606471 0.651527
0.27314 0.936476
0.939804 0.142237
0.273156 0.936466
0.88051 0.270416
0.606471 0.653036
0.333056 0.90085
0.939804 0.14298
0.273147 0.936467
0.548711 0.733376
0.606471 0.6504
0.904713 0.234587
0.939804 0.142817
0.615042 0.650372
0.27314 0.936476
0.546742 0.734777
0.548324 0.733376
0.606604 0.650377
0.939804 0.146968
0.606471 0.650779
0.666405 0.56771
0.50773 0.773436
0.333121 0.90085
0.904403 0.234588
0.606471 0.650721
0.237675 0.963514
0.841411 0.337206
0.606471 0.650412
0.480113 0.80785
0.276643 0.936465
0.999723 0.0123315
0.730772 0.517454
0.547401 0.733376
0.813436 0.388008
0.904313 0.234607
0.606472 0.650378
0.14676 1.00579
0.606906 0.650374
0.548069 0.733376
0.14676 1.00549
1.00089 0.0123315
0.431518 0.868254
0.14676 1.00556
0.273352 0.936465
0.666405 0.567679
0.174714 0.986879
0.904453 0.234588
0.607044 0.650374
0.666405 0.568354
0.333056 0.900858
0.27316 0.936465
0.480138 0.80785
