0.123733 0.985079
0.931715 0.132352
0.993126 0.0141903
0.601262 0.638651
0.352661 0.876081
0.0866325 0.993191
0.686293 0.529601
0.487586 0.762793
0.888514 0.21074
0.338743 0.88539
0.761072 0.420835
0.421137 0.823495
0.123513 0.985262
0.852958 0.272876
0.937591 0.126694
0.00616263 1.00023
0.429805 0.815384
0.265242 0.929766
0.223656 0.950978
0.325479 0.89469
0.420355 0.823501
0.993152 0.0137607
0.820939 0.329767
0.35798 0.872039
0.659881 0.564768
0.268865 0.927876
0.325836 0.894172
0.79007 0.375906
0.67131 0.549614
0.485351 0.764614
0.686795 0.529121
0.518963 0.731987
0.419133 0.825054
0.358218 0.871997
0.852768 0.273004
0.00629921 1.00004
0.753643 0.432313
0.598514 0.64212
0.555125 0.692624
0.461427 0.787286
0.265189 0.92987
0.427826 0.817653
0.659758 0.566939
0.352702 0.875788
0.428114 0.817257
0.598601 0.64183
0.0944198 0.991164
0.338989 0.885333
0.555128 0.691963
0.0871319 0.992936
0.888563 0.210587
0.934766 0.126695
0.659763 0.564821
0.555274 0.691861
0.127684 0.983791
0.427867 0.817345
0.269549 0.927839
0.601249 0.640376
0.60229 0.63863
0.753805 0.432136
0.818715 0.330036
0.671301 0.550455
0.430102 0.815375
0.686335 0.529165
0.517765 0.73233
0.993762 0.0137574
0.671701 0.549476
0.671381 0.549489
0.0865074 0.993652
0.221584 0.951482
0.794203 0.369459
0.485377 0.764588
0.359412 0.871991
0.32685 0.894138
0.794411 0.369398
0.325482 0.894231
0.221698 0.951249
0.0949709 0.991125
0.934562 0.126733
0.0961838 0.991124
0.487206 0.762827
0.517789 0.73202
0.185409 0.965712
0.931827 0.13215
0.461281 0.787319
0.123419 0.985776
0.221972 0.951003
0.888514 0.211203
0.185514 0.965676
0.127457 0.983846
0.931704 0.13263
0.818714 0.331619
0.819415 0.329771
0.0893988 0.992889
0.889086 0.210582
0.790068 0.376456
0.419204 0.824439
0.564019 0.69186
0.818751 0.329787
0.598508 0.648176
