0.219661 0.851066
1.01067 0.536408
0.219661 0.85
0.674586 0.620699
0.739413 0.62059
0.219661 0.85
0.685261 0.620606
0.219661 0.850003
0.219661 0.85
0.219751 0.85
0.220058 0.85
0.219661 0.85
0.219661 0.85
0.665238 0.62059
0.219661 0.85
0.665038 0.632403
1.01067 0.309551
0.665572 0.620602
1.0118 0.309551
0.711581 0.62059
1.15367 0.309551
0.219661 0.85
0.219661 0.85
1.01069 0.309968
0.219661 0.85
0.665459 0.620606
1.01071 0.309551
0.219661 0.85
0.219661 0.850018
0.219688 0.85
0.221848 0.85
0.666251 0.620747
0.219661 0.85
0.219661 0.85
0.66506 0.620747
1.01068 0.309551
1.0989 0.309551
0.219661 0.85
0.219734 0.85
0.219661 0.85
0.665037 0.620763
0.219661 0.85
1.01067 0.310065
0.665083 0.621086
0.713882 0.620589
0.664799 0.620595
0.219661 0.85
0.665033 0.620762
0.219661 0.85
0.219661 0.85
1.01068 0.309551
0.219661 0.859347
0.219661 0.85
1.01067 0.309551
0.219661 0.85
0.666738 0.620595
0.668412 0.62059
0.220058 0.85
0.66506 0.620747
0.219661 0.85
0.219661 0.85
0.220121 0.85
0.219661 0.850311
0.665028 0.636527
0.665039 0.620747
0.219661 0.85
0.669336 0.62059
0.219688 0.85
1.01071 0.309551
0.219661 0.85
1.11057 0.309551
0.219661 0.859476
1.01067 0.309551
0.219661 0.850001
1.01067 0.533443
0.664955 0.620588
1.01068 0.309551
0.219661 0.85
0.219661 0.85
1.01069 0.309551
1.09851 0.309551
0.693465 0.620591
0.219661 0.861569
1.01067 0.310062
0.670555 0.620591
0.665074 0.622934
1.01174 0.309551
0.673306 0.62059
1.0118 0.309551
0.665087 0.620722
0.219686 0.85
0.219661 0.850003
0.219661 0.85
1.0118 0.309551
1.01067 0.310528
1.04476 0.309551
0.219661 0.937216
1.01318 0.309551
1.0241 0.309551
0.219661 0.850002
