0.989321 0.215016
0.989321 0.215016
0.989321 0.215016
0.989321 0.215016
0.989321 0.215016
0.989321 0.215016
0.989321 0.215016
0.989321 0.215016
0.989321 0.215016
0.989321 0.215016
0.989321 0.215016
0.989321 0.215016
0.989321 0.215016
0.989321 0.215016
0.989321 0.215016
0.989321 0.215016
0.989321 0.215016
0.989321 0.215016
0.989321 0.215016
0.989321 0.215016
0.989321 0.215016
0.989321 0.215016
0.446598 1.00039
0.445093 1.0005
0.446599 1.00039
0.445093 1.0004
0.446028 1.00039
0.446028 1.00039
0.989321 0.215016
0.445093 1.00051
0.446598 1.00039
0.445083 1.06924
0.445093 1.00059
0.446598 1.00039
0.447898 1.00038
0.445094 1.00039
0.445093 1.0005
0.453058 1.00037
0.445086 1.05823
0.44509 1.01495
0.989321 0.215016
0.989321 0.215016
0.989321 0.215016
0.989321 0.215016
0.989321 0.215016
0.989321 0.215016
0.989321 0.215016
0.989321 0.215016
0.989321 0.215016
0.989321 0.215016
0.989321 0.215016
0.989321 0.215016
0.989321 0.215016
0.989321 0.215016
0.989321 0.215016
0.989321 0.215016
0.989321 0.215016
0.989321 0.215016
0.989321 0.215016
0.989321 0.215016
0.989321 0.215016
0.989321 0.215016
0.989321 0.215016
0.989321 0.215016
0.989321 0.215016
0.989321 0.215016
0.989321 0.215016
0.989321 0.215016
0.989321 0.215016
0.989321 0.215016
0.989321 0.215016
0.989321 0.215016
0.989321 0.215016
0.989321 0.215016
0.989321 0.215016
0.989321 0.215016
0.989321 0.215016
0.989321 0.215016
0.989321 0.215016
0.989321 0.215016
0.989321 0.215016
0.989321 0.215016
0.989321 0.215016
0.989321 0.215016
0.989321 0.215016
0.989321 0.215016
0.989321 0.215016
0.989321 0.215016
0.989321 0.215016
0.989321 0.215016
0.989321 0.215016
0.989321 0.215016
0.989321 0.215016
0.989321 0.215016
0.989321 0.215016
0.989321 0.215016
0.989321 0.215016
0.989321 0.215016
0.989321 0.215016
0.989321 0.215016
