0.5 0.760066
0.5 0.760066
0.5 0.760066
0.5 0.760066
0.5 0.760066
0.5 0.760066
0.5 0.760066
0.5 0.760066
0.5 0.760066
0.5 0.760066
0.5 0.760066
0.5 0.760066
0.5 0.760066
0.5 0.760066
0.5 0.760066
0.5 0.760066
0.5 0.760066
0.5 0.760066
0.5 0.760066
0.5 0.760066
0.5 0.760066
0.5 0.760066
0.5 0.760066
0.5 0.760066
0.5 0.760066
0.5 0.760066
1.02297 0.33209
0.5 0.760066
0.5 0.760066
1.02297 0.332104
1.02298 0.332073
0.5 0.760066
1.02297 0.332193
1.02299 0.332006
1.0261 0.332005
0.5 0.760066
0.5 0.760066
0.5 0.760066
1.02317 0.332006
0.5 0.760066
0.5 0.760066
0.5 0.760066
0.5 0.760066
0.5 0.760066
0.5 0.760066
0.5 0.760066
0.5 0.760066
0.5 0.760066
0.5 0.760066
0.5 0.760066
0.5 0.760066
0.5 0.760066
0.5 0.760066
0.5 0.760066
0.5 0.760066
0.5 0.760066
0.5 0.760066
0.5 0.760066
0.5 0.760066
0.5 0.760066
0.5 0.760066
0.5 0.760066
0.5 0.760066
0.5 0.760066
0.5 0.760066
0.5 0.760066
0.5 0.760066
0.5 0.760066
0.5 0.760066
0.5 0.760066
0.5 0.760066
0.5 0.760066
0.5 0.760066
0.5 0.760066
0.5 0.760066
0.5 0.760066
0.5 0.760066
0.5 0.760066
0.5 0.760066
0.5 0.760066
0.5 0.760066
0.5 0.760066
0.5 0.760066
0.5 0.760066
0.5 0.760066
0.5 0.760066
0.5 0.760066
0.5 0.760066
0.5 0.760066
0.5 0.760066
0.5 0.760066
0.5 0.760066
0.5 0.760066
0.5 0.760066
0.5 0.760066
0.5 0.760066
0.5 0.760066
0.5 0.760066
0.5 0.760066
0.5 0.760066
