1.03932 0.1
1.03932 0.1
1.03932 0.1
1.03932 0.1
1.03932 0.1
1.03932 0.1
1.03932 0.1
1.03932 0.1
1.03932 0.1
1.03932 0.1
1.03932 0.1
1.03932 0.1
1.03932 0.1
1.03932 0.1
1.03932 0.1
1.03932 0.1
1.03932 0.1
1.03932 0.1
1.03932 0.1
1.03932 0.1
1.03932 0.1
1.03932 0.1
1.03932 0.1
1.03932 0.1
0.550119 0.82122
0.446843 0.821261
0.453324 0.821228
1.03932 0.1
0.446842 0.855257
0.44685 0.821228
1.03932 0.1
1.03932 0.1
1.03932 0.1
1.03932 0.1
0.446843 0.821261
1.03932 0.1
1.03932 0.1
1.03932 0.1
1.03932 0.1
1.03932 0.1
1.03932 0.1
1.03932 0.1
1.03932 0.1
1.03932 0.1
1.03932 0.1
1.03932 0.1
1.03932 0.1
1.03932 0.1
1.03932 0.1
1.03932 0.1
1.03932 0.1
1.03932 0.1
1.03932 0.1
1.03932 0.1
1.03932 0.1
1.03932 0.1
1.03932 0.1
1.03932 0.1
1.03932 0.1
1.03932 0.1
1.03932 0.1
1.03932 0.1
1.03932 0.1
1.03932 0.1
1.03932 0.1
1.03932 0.1
1.03932 0.1
1.03932 0.1
1.03932 0.1
1.03932 0.1
1.03932 0.1
1.03932 0.1
1.03932 0.1
1.03932 0.1
1.03932 0.1
1.03932 0.1
1.03932 0.1
1.03932 0.1
1.03932 0.1
1.03932 0.1
1.03932 0.1
1.03932 0.1
1.03932 0.1
1.03932 0.1
1.03932 0.1
1.03932 0.1
1.03932 0.1
1.03932 0.1
1.03932 0.1
1.03932 0.1
1.03932 0.1
1.03932 0.1
1.03932 0.1
1.03932 0.1
1.03932 0.1
1.03932 0.1
1.03932 0.1
1.03932 0.1
1.03932 0.1
1.03932 0.1
