0.139321 1
0.139321 1
0.139321 1
0.139321 1
0.139321 1
0.139321 1
0.139321 1
0.139321 1
0.139321 1
0.139321 1
0.139321 1
0.139321 1
0.139321 1
0.139321 1
0.139321 1
0.139321 1
0.139321 1
0.139321 1
0.139321 1
0.139321 1
0.139321 1
0.139321 1
0.600941 0.794312
0.139321 1
0.139321 1
0.922884 0.45438
0.139321 1
0.139321 1
0.139321 1
0.922887 0.45437
0.139321 1
0.600941 0.794107
0.139321 1
0.139321 1
0.139321 1
0.139321 1
0.139321 1
0.139321 1
0.139321 1
0.139321 1
0.92287 0.45444
0.139321 1
1.13932 3.67394e-16
0.139321 1
0.139321 1
0.139321 1
0.139321 1
0.139321 1
0.139321 1
0.139321 1
0.139321 1
0.139321 1
0.139321 1
0.139321 1
0.139321 1
0.139321 1
0.139321 1
0.139321 1
0.139321 1
0.139321 1
0.139321 1
0.139321 1
0.139321 1
0.139321 1
0.139321 1
0.139321 1
0.139321 1
0.139321 1
0.139321 1
0.139321 1
0.139321 1
0.139321 1
0.139321 1
0.139321 1
0.139321 1
0.139321 1
0.139321 1
0.139321 1
0.139321 1
0.139321 1
0.139321 1
0.139321 1
0.139321 1
0.139321 1
0.139321 1
0.139321 1
0.139321 1
0.139321 1
0.139321 1
0.139321 1
0.139321 1
0.139321 1
0.139321 1
0.139321 1
0.139321 1
0.139321 1
0.139321 1
0.139321 1
0.139321 1
0.925522 0.454369
