0.410394 0.842235
0.95 0.0500002
0.95 0.0500002
0.95 0.0500002
0.95 0.0500002
0.95 0.0500002
0.95 0.0500002
0.95 0.0500002
0.95 0.0500002
0.95 0.0500002
0.95 0.0500002
0.95 0.0500002
0.95 0.0500002
0.95 0.0500002
0.95 0.0500002
0.95 0.0500002
0.95 0.0500002
0.95 0.0500002
0.410394 0.842235
0.410394 0.842235
0.410394 0.842235
0.410394 0.842235
0.41037 0.886529
0.684039 0.467167
0.410394 0.842235
0.684039 0.467167
0.410394 0.842235
0.410394 0.842235
0.410394 0.842235
0.684039 0.467167
0.684039 0.467167
0.410394 0.842235
0.410394 0.842235
0.684039 0.467167
0.410394 0.842235
0.41036 0.888546
0.410394 0.842235
0.684039 0.467167
0.684039 0.467167
0.410394 0.842235
0.410394 0.842235
0.684039 0.467167
0.684039 0.467167
0.684039 0.467167
0.410394 0.842235
0.684039 0.467167
0.684039 0.467167
0.684039 0.467167
0.410394 0.842235
0.410394 0.842235
0.95 0.0500002
0.684039 0.467167
0.95 0.0500002
0.410394 0.842235
0.410394 0.842235
0.410393 0.885167
0.410394 0.842235
0.410394 0.842235
0.410394 0.842235
0.684039 0.467167
0.410394 0.842235
0.684039 0.467167
0.684039 0.467167
0.410394 0.842235
0.472391 0.842203
0.428689 0.842204
0.684039 0.467167
0.684039 0.467167
0.410394 0.842235
0.684039 0.467167
0.410394 0.842235
0.410394 0.842235
0.410394 0.842235
0.684039 0.467167
0.410394 0.842235
0.684039 0.467167
0.410394 0.842235
0.684039 0.467167
0.684039 0.467167
0.410394 0.842235
0.410394 0.842235
0.95 0.0500002
0.95 0.0500002
0.95 0.0500002
0.95 0.0500002
0.95 0.0500002
0.95 0.0500002
0.95 0.0500002
0.95 0.0500002
0.95 0.0500002
0.95 0.0500002
0.95 0.0500002
0.95 0.0500002
0.95 0.0500002
0.95 0.0500002
0.95 0.0500002
0.95 0.0500002
0.95 0.0500002
0.95 0.0500002
0.95 0.0500002
