0.608981 0.6
0.608981 0.6
0.608981 0.6
0.608981 0.6
0.608981 0.6
0.608981 0.6
0.608981 0.6
0.608981 0.6
0.608981 0.6
0.608981 0.6
0.608981 0.6
0.608981 0.6
0.608981 0.6
0.608981 0.6
0.608981 0.6
0.608981 0.6
0.608981 0.6
0.608981 0.6
0.608981 0.6
0.608981 0.6
0.608981 0.6
0.608981 0.6
0.608981 0.6
0.608981 0.6
0.608981 0.6
0.230492 1.05379
0.230485 1.05379
0.230485 1.05379
0.230485 1.05379
0.230485 1.05379
0.230485 1.05379
0.230484 1.05525
0.608981 0.6
0.608981 0.6
0.608981 0.6
0.608981 0.6
0.608981 0.6
0.608981 0.6
0.230485 1.05379
0.608981 0.6
0.608981 0.6
0.608981 0.6
0.608981 0.6
0.608981 0.6
0.608981 0.6
0.608981 0.6
0.608981 0.6
0.608981 0.6
0.608981 0.6
0.608981 0.6
0.608981 0.6
0.608981 0.6
0.608981 0.6
0.608981 0.6
0.608981 0.6
0.608981 0.6
0.608981 0.6
0.608981 0.6
0.608981 0.6
0.608981 0.6
0.608981 0.6
0.608981 0.6
0.608981 0.6
0.608981 0.6
0.608981 0.6
0.608981 0.6
0.608981 0.6
0.608981 0.6
0.608981 0.6
0.608981 0.6
0.608981 0.6
0.608981 0.6
0.608981 0.6
0.608981 0.6
0.608981 0.6
0.608981 0.6
0.608981 0.6
0.608981 0.6
0.608981 0.6
0.608981 0.6
0.608981 0.6
0.608981 0.6
0.608981 0.6
0.608981 0.6
0.608981 0.6
0.608981 0.6
0.608981 0.6
0.608981 0.6
0.608981 0.6
0.608981 0.6
0.608981 0.6
0.608981 0.6
0.608981 0.6
0.608981 0.6
0.608981 0.6
0.608981 0.6
0.608981 0.6
0.608981 0.6
0.608981 0.6
0.608981 0.6
