0.289321 0.980033
0.289321 0.980033
0.289395 0.980033
0.320065 0.980033
0.290015 0.980033
0.289321 0.980033
0.289321 0.980033
0.289321 0.980033
0.289321 0.980033
0.289321 0.980033
0.289321 0.980033
0.289321 0.980033
0.289321 0.980033
0.289321 0.980033
0.289321 0.980033
0.289321 0.980033
0.289321 0.980033
0.289321 0.980033
0.289321 0.980033
0.289321 0.980033
0.289321 0.980033
0.289321 0.980033
0.289321 0.980033
0.320065 0.980033
0.289321 0.980033
0.289321 0.980033
0.289321 0.980033
0.289321 0.980033
0.289321 0.980033
0.289321 0.980033
0.289321 0.980033
0.289321 0.980033
0.289321 0.980033
0.289325 0.980033
0.289321 0.980033
0.289321 0.980033
0.306053 0.980033
0.289321 0.980033
0.289322 0.980033
0.289321 0.980033
0.289321 0.980033
0.289321 0.980033
0.289321 0.980033
0.289321 0.980033
0.289321 0.980033
0.289321 0.980033
0.289321 0.980033
0.289321 0.980033
0.289321 0.980033
0.289321 0.980033
0.289321 0.980033
0.289321 0.980033
0.289321 0.980033
0.289321 0.980033
0.289321 0.980033
0.289321 0.980033
0.289321 0.980033
0.289321 0.980033
0.289321 0.980033
0.289321 0.980033
0.289321 0.980033
0.289321 0.980033
0.289321 0.980033
0.289321 0.980033
0.289321 0.980033
0.289321 0.980033
0.289321 0.980033
0.289332 0.980033
0.289321 0.980033
0.289321 0.980033
0.289321 0.980033
0.289321 0.980033
0.289994 0.980033
0.289321 0.980033
0.289321 0.980033
0.289321 0.980033
0.289321 0.980033
0.289325 0.980033
0.289321 0.980033
0.289321 0.980033
0.289321 0.980033
0.289321 0.980033
0.289321 0.980033
0.289321 0.980033
0.289321 0.980033
0.289322 0.980033
0.290757 0.980033
0.289321 0.980033
0.289321 0.980033
0.289325 0.980033
0.289345 0.980033
0.289321 0.980033
0.289321 0.980033
0.289331 0.980033
0.289321 0.980033
0.289321 0.980033
0.289321 0.980033
0.289321 0.980033
0.289321 0.980033
0.289321 0.980033
