0.7 0.365016
0.7 0.365016
0.7 0.365016
0.7 0.365016
0.7 0.365016
0.7 0.365016
0.7 0.365016
0.7 0.365016
0.7 0.365016
0.7 0.365016
0.7 0.365016
0.7 0.365016
0.7 0.365016
0.7 0.365016
0.7 0.365016
0.7 0.365016
0.7 0.365016
0.7 0.365016
0.7 0.365016
0.7 0.365016
0.489422 0.823483
0.7 0.365016
0.156074 1.15097
0.489422 0.823969
0.7 0.365016
0.492458 0.823483
0.156074 1.15097
0.489422 0.823483
0.491361 0.823483
0.489422 0.823483
0.489422 0.823483
0.491361 0.823483
0.491361 0.823483
0.489422 0.823819
0.156074 1.15473
0.156074 1.15396
0.489422 0.823483
0.489422 0.823483
0.156074 1.15097
0.489494 0.823483
0.156074 1.15097
0.489422 0.823963
0.489422 0.823483
0.491361 0.823483
0.156074 1.15097
0.7 0.365016
0.489422 0.823483
0.7 0.365016
0.156074 1.15097
0.7 0.365016
0.7 0.365016
0.7 0.365016
0.7 0.365016
0.7 0.365016
0.7 0.365016
0.7 0.365016
0.7 0.365016
0.7 0.365016
0.7 0.365016
0.7 0.365016
0.7 0.365016
0.7 0.365016
0.7 0.365016
0.7 0.365016
0.489422 0.823483
0.7 0.365016
0.7 0.365016
0.156074 1.15097
0.7 0.365016
0.7 0.365016
0.489422 0.823639
0.7 0.365016
0.7 0.365016
0.7 0.365016
0.7 0.365016
0.7 0.365016
0.7 0.365016
0.7 0.365016
0.7 0.365016
0.7 0.365016
0.7 0.365016
0.7 0.365016
0.7 0.365016
0.7 0.365016
0.7 0.365016
0.7 0.365016
0.7 0.365016
0.7 0.365016
0.7 0.365016
0.7 0.365016
0.7 0.365016
0.7 0.365016
0.7 0.365016
0.7 0.365016
0.7 0.365016
0.7 0.365016
0.7 0.365016
0.7 0.365016
0.489422 0.823639
0.7 0.365016
