0.408981 0.930033
0.408981 0.930033
0.408981 0.930033
0.408981 0.930033
0.408981 0.930033
0.408981 0.930033
0.408981 0.930033
0.408981 0.930033
0.408981 0.930033
0.408981 0.930033
0.408981 0.930033
0.408981 0.930033
0.408981 0.930033
0.408981 0.930033
0.408981 0.930033
0.408981 0.930033
0.408981 0.930033
0.408981 0.930033
0.408981 0.930033
0.408981 0.930033
0.408981 0.930033
0.408981 0.930033
0.408981 0.930033
0.408981 0.930033
0.408981 0.930033
1.19564 0.386617
0.408981 0.930033
0.408981 0.930033
0.408981 0.930033
0.408981 0.930033
0.408981 0.930033
0.408981 0.930033
0.408981 0.930033
0.408981 0.930033
0.408981 0.930033
0.408981 0.930033
0.408981 0.930033
0.408981 0.930033
0.408981 0.930033
0.408981 0.930033
0.408981 0.930033
0.408981 0.930033
0.408981 0.930033
0.408981 0.930033
0.408981 0.930033
0.408981 0.930033
0.408981 0.930033
0.408981 0.930033
0.408981 0.930033
0.408981 0.930033
0.408981 0.930033
0.408981 0.930033
0.408981 0.930033
0.408981 0.930033
0.408981 0.930033
0.408981 0.930033
0.408981 0.930033
0.408981 0.930033
0.408981 0.930033
0.408981 0.930033
0.408981 0.930033
0.408981 0.930033
0.408981 0.930033
0.408981 0.930033
0.408981 0.930033
0.408981 0.930033
0.408981 0.930033
0.408981 0.930033
0.408981 0.930033
0.408981 0.930033
0.408981 0.930033
0.408981 0.930033
0.408981 0.930033
0.408981 0.930033
0.408981 0.930033
0.408981 0.930033
0.408981 0.930033
0.408981 0.930033
0.408981 0.930033
0.408981 0.930033
0.408981 0.930033
0.408981 0.930033
0.408981 0.930033
0.408981 0.930033
0.408981 0.930033
0.408981 0.930033
0.408981 0.930033
0.408981 0.930033
0.408981 0.930033
0.408981 0.930033
0.408981 0.930033
0.408981 0.930033
0.408981 0.930033
0.408981 0.930033
0.408981 0.930033
0.408981 0.930033
0.408981 0.930033
0.408981 0.930033
0.408981 0.930033
0.408981 0.930033
