0.857241 0.960066
0.857241 0.960066
0.857241 0.960066
0.857241 0.960066
0.857241 0.960066
0.857241 0.960066
0.857241 0.960066
0.857241 0.960066
0.857241 0.960066
0.857241 0.960066
0.857241 0.960066
0.857241 0.960066
0.857241 0.960066
0.857241 0.960066
0.857241 0.960066
0.857241 0.960066
0.857241 0.960066
0.857241 0.960066
0.857241 0.960066
0.857241 0.960066
0.857241 0.960066
0.857241 0.960066
0.857241 0.960066
0.857241 0.960066
0.857241 0.960066
0.857241 0.960066
0.857241 0.960066
0.857241 0.960066
0.857241 0.960066
0.857241 0.960066
0.857241 0.960066
0.857241 0.960066
0.857241 0.960066
0.857241 0.960066
0.857241 0.960066
0.857241 0.960066
0.857241 0.960066
0.857241 0.960066
0.857241 0.960066
0.857241 0.960066
0.857241 0.960066
0.857241 0.960066
0.857241 0.960066
0.857241 0.960066
0.857241 0.960066
0.857241 0.960066
0.857241 0.960066
0.857241 0.960066
0.857241 0.960066
0.857241 0.960066
0.857241 0.960066
0.857241 0.960066
0.857241 0.960066
0.857241 0.960066
0.857241 0.960066
0.857241 0.960066
0.857241 0.960066
0.857241 0.960066
0.857241 0.960066
0.857244 0.960066
0.857241 0.960066
0.857241 0.960066
0.857241 0.960066
0.857241 0.960066
0.857241 0.960066
0.857241 0.960066
0.857241 0.960066
0.857241 0.960066
0.857241 0.960066
0.857241 0.960066
0.857241 0.960066
0.857241 0.960066
0.857241 0.960066
0.857241 0.960066
0.857241 0.960066
0.857241 0.960066
0.857241 0.960066
0.857241 0.960066
0.857241 0.960066
0.857241 0.960066
0.857241 0.960066
0.857241 0.960066
0.857241 0.960066
0.857241 0.960066
0.857241 0.960066
0.857241 0.960066
0.857241 0.960066
0.857241 0.960066
0.857241 0.960066
0.857241 0.960066
0.857241 0.960066
0.857241 0.960066
0.857241 0.960066
0.857263 0.960066
0.857241 0.960066
0.857241 0.960066
0.857241 0.960066
0.857241 0.960066
0.857241 0.960066
0.857241 0.960066
