0.817531 0.523941
0.05 1.08003
0.05 1.08003
0.05 1.08003
0.05 1.08003
0.05 1.08003
0.05 1.08003
0.05 1.08003
0.05 1.08003
0.05 1.08003
0.05 1.08003
0.05 1.08003
0.05 1.08003
0.05 1.08003
0.05 1.08003
0.05 1.08003
0.05 1.08003
0.05 1.08003
0.05 1.08003
0.05 1.08003
0.05 1.08003
0.05 1.08003
0.05 1.08003
0.05 1.08003
0.05 1.08003
0.81753 0.525
0.05 1.08003
0.817531 0.522827
0.05 1.08003
0.05 1.08003
0.05 1.08003
0.05 1.08003
0.05 1.08003
0.05 1.08003
0.05 1.08003
0.05 1.08003
0.05 1.08003
0.05 1.08003
0.05 1.08003
0.05 1.08003
0.05 1.08003
0.05 1.08003
0.05 1.08003
0.05 1.08003
0.05 1.08003
0.05 1.08003
0.05 1.08003
0.05 1.08003
0.05 1.08003
0.05 1.08003
0.05 1.08003
0.05 1.08003
0.05 1.08003
0.05 1.08003
0.05 1.08003
0.05 1.08003
0.05 1.08003
0.05 1.08003
0.05 1.08003
0.05 1.08003
0.05 1.08003
0.05 1.08003
0.05 1.08003
0.05 1.08003
0.05 1.08003
0.05 1.08003
0.05 1.08003
0.05 1.08003
0.05 1.08003
0.05 1.08003
0.05 1.08003
0.05 1.08003
0.05 1.08003
0.05 1.08003
0.05 1.08003
0.05 1.08003
0.05 1.08003
0.05 1.08003
0.05 1.08003
0.05 1.08003
0.05 1.08003
0.05 1.08003
0.05 1.08003
0.05 1.08003
0.05 1.08003
0.05 1.08003
0.05 1.08003
0.05 1.08003
0.05 1.08003
0.05 1.08003
0.05 1.08003
0.05 1.08003
0.05 1.08003
0.05 1.08003
0.05 1.08003
0.05 1.08003
0.05 1.08003
0.05 1.08003
0.05 1.08003
0.05 1.08003
