1.2983 0.180036
1.2983 0.180033
1.2983 0.193724
1.2983 0.181582
1.2983 0.180033
1.2983 0.180033
1.2984 0.180033
1.2983 0.180033
1.2983 0.180033
1.2983 0.180033
1.2983 0.180036
1.2983 0.180034
1.2983 0.180033
1.2983 0.180033
1.2983 0.180036
1.2983 0.180033
1.2983 0.180033
1.2983 0.180033
1.2983 0.180033
1.2983 0.180033
1.2983 0.180033
1.2983 0.180033
1.2983 0.180125
1.2983 0.180033
1.2983 0.180033
1.2983 0.203416
1.2983 0.180033
1.2983 0.180033
1.2983 0.180033
1.2983 0.180036
1.2983 0.180033
1.2983 0.197207
1.2983 0.180033
1.29834 0.180033
1.2983 0.180033
1.2983 0.180033
1.2983 0.180033
1.2983 0.180033
1.2983 0.180033
1.2983 0.180033
1.2983 0.180033
1.29831 0.180033
1.2983 0.180033
1.2983 0.180033
1.2983 0.180033
1.2983 0.28447
1.2983 0.180033
1.2983 0.180033
1.2983 0.195005
1.2983 0.180033
1.2983 0.180033
1.2983 0.180033
1.2983 0.180033
1.2983 0.180033
1.2983 0.180033
1.2983 0.180033
1.2983 0.180033
1.29831 0.180033
1.2983 0.180033
1.2983 0.180033
1.2983 0.180033
1.29831 0.180033
1.2983 0.180033
1.2983 0.180033
1.2983 0.180195
1.2983 0.180033
1.2983 0.180033
1.2983 0.180033
1.2983 0.180033
1.2983 0.180033
1.2983 0.180036
1.2983 0.284468
1.2983 0.180033
1.2983 0.180033
1.2983 0.180033
1.2983 0.180033
1.2983 0.193706
1.2983 0.180033
1.2983 0.180033
1.2983 0.180033
1.2983 0.180033
1.2983 0.180036
1.2983 0.180033
1.2983 0.180033
1.2983 0.180033
1.2983 0.180033
1.2983 0.180033
1.2983 0.180033
1.2983 0.180033
1.2983 0.180033
1.2983 0.180033
1.2983 0.180033
1.2983 0.180033
1.2983 0.180033
1.2983 0.180033
1.2983 0.180033
1.2983 0.180724
1.2983 0.180033
1.2983 0.180033
1.2983 0.180033
