0.753491 0.634758
0.756952 0.61955
0.753525 0.619622
0.753464 0.619618
0.753525 0.619622
0.753656 0.619564
0.753645 0.619585
0.756046 0.619565
0.753587 0.619577
0.753947 0.619556
0.753515 0.631451
0.753599 0.619678
0.753619 0.619546
0.753562 0.619649
0.756705 0.619535
0.753888 0.619593
0.753499 0.619748
0.754733 0.619553
0.753663 0.619605
0.753544 0.620311
0.75351 0.619623
0.753585 0.619688
0.753522 0.62116
0.753543 0.619686
0.753499 0.619743
0.756991 0.619558
0.753576 0.619626
0.753571 0.61956
0.753517 0.619612
0.753472 0.678329
0.753607 0.619628
0.75353 0.619944
0.753534 0.620762
0.753491 0.621487
0.753491 0.630965
0.753493 0.621152
0.757317 0.619528
0.753541 0.619893
0.753993 0.619586
0.753703 0.619595
0.75343 0.625636
0.753542 0.620268
0.75556 0.619577
0.753533 0.61967
0.75351 0.630953
0.753434 0.62223
0.75738 0.619573
0.753566 0.619706
0.753595 0.619609
0.753561 0.619632
0.753589 0.619627
0.753549 0.619648
0.753567 0.619675
0.753575 0.619693
0.753874 0.619573
0.753487 0.630903
0.753652 0.619561
0.753645 0.619607
0.753604 0.619634
0.753606 0.619607
0.75365 0.619595
0.753441 0.619929
0.753866 0.619587
0.753528 0.621274
0.753565 0.619615
0.753487 0.61972
0.753469 0.622255
0.753482 0.636805
0.75354 0.621646
0.753667 0.619566
0.753496 0.619654
0.753558 0.619566
0.753533 0.621802
0.753572 0.619598
0.753688 0.619557
0.75353 0.619685
0.753555 0.61973
0.7536 0.619655
0.753566 0.61963
0.753523 0.6416
0.753704 0.6196
0.753543 0.619592
0.757016 0.619566
0.753569 0.619731
0.753735 0.619579
0.753556 0.619594
0.756215 0.61958
0.753524 0.619667
0.753526 0.624113
0.753563 0.619715
0.75354 0.619979
0.754862 0.619585
0.753507 0.629539
0.753471 0.628586
0.753548 0.61975
0.756039 0.619557
0.756958 0.619557
0.874353 0.619528
0.753507 0.619648
0.753546 0.619608
