0.844725 0.155275
0.844756 0.155244
0.844681 0.155321
0.844718 0.155282
0.844672 0.155341
0.84478 0.155223
0.844707 0.155293
0.844693 0.155307
0.844752 0.155248
0.844731 0.155269
0.844699 0.155302
0.844724 0.155276
0.84477 0.155231
0.844761 0.155239
0.844696 0.155305
0.844765 0.155235
0.844748 0.155252
0.844768 0.155233
0.844743 0.155257
0.844678 0.155325
0.844693 0.155308
0.288005 0.740317
0.844723 0.155277
0.844751 0.155249
0.84471 0.15529
0.844708 0.155292
0.844685 0.155316
0.844702 0.155299
0.844729 0.155272
0.844755 0.155245
0.844773 0.155229
0.844774 0.155227
0.844719 0.155281
0.844681 0.15532
0.844739 0.155262
0.844781 0.155222
0.844735 0.155266
0.844688 0.155313
0.844779 0.155224
0.84474 0.155261
0.844711 0.155289
0.844695 0.155306
0.844704 0.155296
0.844716 0.155284
0.844764 0.155237
0.84468 0.155322
0.844776 0.155226
0.844762 0.155238
0.844733 0.155267
0.84476 0.15524
0.844706 0.155294
0.844743 0.155257
0.844745 0.155255
0.844772 0.15523
0.844672 0.191305
0.844673 0.155337
0.844758 0.155242
0.844741 0.15526
0.844767 0.155234
0.844714 0.155287
0.844732 0.155268
0.844717 0.155284
0.844677 0.155325
0.844737 0.155263
0.844722 0.155278
0.844744 0.155256
0.844736 0.155264
0.844747 0.155253
0.844674 0.15533
0.844777 0.155225
0.84475 0.15525
0.8447 0.155301
0.844715 0.155286
0.84472 0.15528
0.844742 0.155258
0.844683 0.155319
0.844672 0.189763
0.844689 0.155312
0.844727 0.155273
0.844705 0.155296
0.844675 0.155328
0.844769 0.155231
0.844712 0.155288
0.844686 0.155315
0.844679 0.155323
0.844674 0.155332
0.844691 0.15531
0.844703 0.155298
0.844684 0.155317
0.84473 0.155271
0.844726 0.155274
0.844753 0.155247
0.844672 0.317486
0.844673 0.155336
0.844773 0.155228
0.844759 0.155241
0.844709 0.155291
0.844697 0.155303
0.844721 0.155279
0.844687 0.155314
