0.905774 0.140592
0.905844 0.140521
0.905842 0.140524
0.905846 0.14052
0.905819 0.140546
0.905781 0.140585
0.90577 0.140597
0.905861 0.140505
0.905744 0.140638
0.905745 0.140628
0.905759 0.140608
0.905808 0.140557
0.905749 0.140621
0.90579 0.140576
0.905824 0.140542
0.905864 0.140501
0.90575 0.140619
0.905881 0.140485
0.905812 0.140554
0.905848 0.140517
0.905893 0.140476
0.905799 0.140566
0.905788 0.140578
0.905869 0.140497
0.905768 0.140599
0.905829 0.140536
0.905826 0.140539
0.905859 0.140506
0.905817 0.140549
0.905747 0.140625
0.90587 0.140496
0.905876 0.14049
0.905904 0.140473
0.905868 0.140498
0.905793 0.140573
0.905863 0.140503
0.905866 0.140499
0.905803 0.140563
0.905785 0.14058
0.905757 0.140611
0.905798 0.140568
0.9059 0.140474
0.905835 0.140531
0.905898 0.140475
0.905838 0.140528
0.905827 0.140538
0.905857 0.140509
0.905765 0.140601
0.905784 0.140582
0.905878 0.140488
0.905833 0.140532
0.90588 0.140487
0.905895 0.140475
0.905855 0.14051
0.905853 0.140513
0.905743 0.141003
0.905745 0.140634
0.905806 0.140559
0.905748 0.140623
0.905832 0.140534
0.905772 0.140595
0.90589 0.140477
0.905775 0.140591
0.905851 0.140514
0.905831 0.140535
0.905872 0.140494
0.905752 0.140616
0.905839 0.140526
0.905847 0.140519
0.905815 0.140551
0.905756 0.140611
0.905802 0.140564
0.905778 0.140587
0.90576 0.140606
0.90578 0.140586
0.905787 0.140579
0.905821 0.140544
0.905791 0.140574
0.905796 0.14057
0.905854 0.140511
0.905874 0.140492
0.90585 0.140516
0.905762 0.140604
0.905836 0.140529
0.905764 0.140602
0.905754 0.140613
0.905747 0.140624
0.905888 0.140479
0.905751 0.140617
0.905886 0.140481
0.90584 0.140525
0.90581 0.140556
0.905858 0.140509
0.905884 0.140483
0.905777 0.140589
0.905813 0.140552
0.905783 0.140583
0.905804 0.140561
0.905794 0.140571
0.905798 0.140568
