0.419883 0.580118
0.419984 0.580024
0.419943 0.580058
0.419921 0.580079
0.419958 0.580043
0.41994 0.580061
0.419903 0.580097
0.419881 0.580119
0.419934 0.580066
0.419891 0.580109
0.419865 0.580142
0.419941 0.580059
0.419864 0.580147
0.419935 0.580065
0.419895 0.580106
0.419916 0.580084
0.419911 0.580089
0.419959 0.580042
0.41992 0.58008
0.419971 0.58003
0.419867 0.580136
0.419893 0.580107
0.419992 0.580023
0.419907 0.580094
0.419976 0.580027
0.419937 0.580064
0.419872 0.580129
0.419933 0.580067
0.419865 0.58014
0.419888 0.580113
0.419938 0.580062
0.419926 0.580074
0.419924 0.580076
0.419913 0.580087
0.419878 0.580122
0.419915 0.580085
0.419944 0.580057
0.419965 0.580036
0.419867 0.580136
0.419877 0.580124
0.800909 0.580023
0.41989 0.58011
0.419889 0.580111
0.41997 0.580031
0.419988 0.580024
0.41991 0.580091
0.419869 0.580133
0.419912 0.580088
0.419963 0.580038
0.419873 0.580128
0.419904 0.580096
0.419982 0.580025
0.41996 0.58004
0.419871 0.58013
0.419956 0.580044
0.419948 0.580053
0.419946 0.580055
0.419898 0.580103
0.419923 0.580078
0.419901 0.580099
0.419929 0.580071
0.419951 0.58005
0.419876 0.580125
0.419868 0.580134
0.419874 0.580126
0.419897 0.580104
0.419958 0.580043
0.419917 0.580083
0.579027 0.580023
0.419925 0.580075
0.419887 0.580113
0.419952 0.580048
0.419966 0.580035
0.419977 0.580026
0.419905 0.580095
0.41988 0.58012
0.419908 0.580092
0.419892 0.580108
0.419949 0.580051
0.41987 0.580131
0.419928 0.580072
0.419919 0.580081
0.419931 0.580069
0.419879 0.580121
0.419914 0.580087
0.419979 0.580026
0.419969 0.580032
0.419927 0.580073
0.4199 0.580101
0.419885 0.580115
0.419994 0.580023
0.419864 0.580145
0.419972 0.580029
0.419974 0.580028
0.419885 0.580116
0.419968 0.580033
0.419863 0.580152
0.419953 0.580047
0.419955 0.580046
0.419866 0.580139
