0.254053 0.745952
0.254061 0.745939
0.254134 0.745867
0.254126 0.745875
0.254114 0.745886
0.254082 0.745919
0.254103 0.745897
0.254093 0.745908
0.254128 0.745873
0.254121 0.745879
0.254054 0.74595
0.254053 0.745953
0.254097 0.745904
0.254132 0.745868
0.254076 0.745924
0.254158 0.745853
0.254111 0.745889
0.254083 0.745917
0.254052 0.745956
0.254143 0.745858
0.25409 0.74591
0.254066 0.745934
0.25407 0.745931
0.254149 0.745855
0.254093 0.745907
0.254075 0.745926
0.254071 0.745929
0.25411 0.74589
0.254085 0.745915
0.254105 0.745895
0.254117 0.745883
0.254051 0.746219
0.254119 0.745881
0.254052 0.745959
0.254051 0.746014
0.254091 0.745909
0.254135 0.745865
0.254109 0.745891
0.254068 0.745933
0.254131 0.74587
0.254074 0.745927
0.254052 0.745961
0.254112 0.745888
0.254079 0.745921
0.254058 0.745944
0.254056 0.745945
0.254106 0.745895
0.254057 0.745944
0.2541 0.7459
0.254106 0.745894
0.254141 0.74586
0.254115 0.745885
0.254139 0.745861
0.254089 0.745911
0.254145 0.745857
0.254094 0.745906
0.868372 0.148642
0.254147 0.745856
0.254055 0.745949
0.254077 0.745923
0.254118 0.745882
0.254124 0.745876
0.254133 0.745867
0.254059 0.745942
0.254142 0.745859
0.254062 0.745938
0.254137 0.745863
0.25408 0.74592
0.254125 0.745875
0.254055 0.745947
0.254129 0.745872
0.254136 0.745864
0.254123 0.745877
0.254098 0.745903
0.254107 0.745893
0.254102 0.745898
0.254154 0.745854
0.254087 0.745913
0.254064 0.745937
0.254138 0.745862
0.254065 0.745935
0.254078 0.745922
0.254086 0.745914
0.254073 0.745928
0.254095 0.745905
0.254084 0.745916
0.254051 0.760183
0.254099 0.745901
0.25406 0.745941
0.25412 0.74588
0.254051 0.941053
0.254092 0.745908
0.25413 0.745871
0.254116 0.745884
0.254051 0.941137
0.254151 0.745854
0.254088 0.745912
0.254071 0.74593
0.254113 0.745887
0.254101 0.745899
