0.896598 0.103403
0.896637 0.103367
0.89663 0.103371
0.8966 0.1034
0.896609 0.103391
0.896586 0.103415
0.89668 0.103322
0.896582 0.103421
0.896581 0.103423
0.896588 0.103414
0.896591 0.10341
0.896654 0.103346
0.896615 0.103386
0.89661 0.10339
0.896697 0.103316
0.896674 0.103326
0.896604 0.103396
0.896612 0.103388
0.896603 0.103397
0.896694 0.103316
0.896622 0.103379
0.896687 0.103319
0.896607 0.103393
0.896589 0.103413
0.896675 0.103326
0.896667 0.103333
0.89667 0.10333
0.896627 0.103373
0.896585 0.103416
0.896601 0.103399
0.896646 0.103363
0.896681 0.103321
0.89666 0.103341
0.896635 0.103368
0.896662 0.103338
0.896599 0.103401
0.896592 0.103409
0.896655 0.103345
0.896606 0.103394
0.896596 0.103405
0.89658 0.103427
0.896584 0.103418
0.896579 0.169
0.896611 0.103389
0.896663 0.103337
0.89658 0.10499
0.896602 0.103398
0.896677 0.103324
0.896664 0.103336
0.89658 0.10366
0.896605 0.103395
0.896658 0.103342
0.896648 0.103354
0.896652 0.103348
0.896579 0.138894
0.896597 0.103404
0.954348 0.103316
0.896653 0.103347
0.89659 0.103412
0.896617 0.103383
0.89658 0.103431
0.896624 0.103376
0.89665 0.103351
0.89658 0.103906
0.896625 0.103375
0.896593 0.103407
0.896661 0.103339
0.896648 0.103356
0.896643 0.103366
0.896595 0.103406
0.896689 0.103318
0.89674 0.103316
0.896629 0.103372
0.896656 0.103344
0.9719 0.103316
0.896673 0.103328
0.896619 0.103381
0.89658 0.103459
0.896613 0.103387
0.896633 0.103369
0.896647 0.103358
0.896666 0.103334
0.896669 0.103331
0.896639 0.103366
0.896647 0.10336
0.896691 0.103318
0.896608 0.103392
0.896583 0.103419
0.896649 0.103353
0.896672 0.103329
0.896623 0.103377
0.896685 0.103319
0.896679 0.103323
0.89662 0.10338
0.896668 0.103332
0.896651 0.103349
0.896616 0.103384
0.896618 0.103382
0.896683 0.10332
0.896631 0.10337
