0.932128 0.0792524
0.932165 0.0792151
0.932192 0.0791886
0.932211 0.0791787
0.932193 0.0791876
0.932162 0.0792198
0.932111 0.0792696
0.932095 0.0792961
0.932104 0.0792761
0.932113 0.0792672
0.932096 0.0792884
0.932102 0.0792788
0.932111 0.0792685
0.932138 0.0792455
0.932134 0.0792476
0.932174 0.0792061
0.932181 0.079199
0.932119 0.0792611
0.932126 0.0792541
1.01912 0.0791787
0.932144 0.0792442
0.932196 0.0791852
0.932124 0.0792557
0.932209 0.0791788
0.93219 0.07919
0.93216 0.0792257
0.932131 0.0792499
0.932101 0.07928
0.932206 0.0791798
0.932169 0.0792107
0.932097 0.0792868
0.932116 0.0792644
0.93216 0.0792285
0.932167 0.0792128
0.932203 0.0791804
0.932225 0.0791787
0.932123 0.0792564
0.932107 0.079273
0.932178 0.0792017
0.932129 0.0792514
0.932164 0.0792173
0.932188 0.079192
0.932202 0.0791812
0.932161 0.0792226
0.932184 0.0791955
0.932099 0.0792833
0.932096 0.0792899
0.932127 0.0792532
0.932195 0.0791857
0.932153 0.0792437
0.932098 0.0792845
0.932165 0.0792162
0.932095 0.0792924
0.932171 0.0792087
0.93216 0.0792244
0.932182 0.079198
0.932175 0.0792051
0.932137 0.0792459
0.932115 0.0792652
0.932135 0.0792467
0.932106 0.0792743
0.932109 0.0792709
0.93213 0.0792507
0.932186 0.0791936
0.932141 0.0792445
0.93212 0.07926
0.932177 0.0792026
0.932183 0.0791968
0.932189 0.0791909
0.932095 0.0849437
0.93218 0.0791998
0.932163 0.0792184
0.932176 0.0792036
0.932097 0.0792856
0.932114 0.0792662
0.9322 0.0791818
0.932105 0.0792756
0.932132 0.0792486
0.932117 0.0792633
0.932166 0.0792141
0.932199 0.0791824
0.932161 0.0792208
0.932179 0.0792008
0.932108 0.0792718
0.932122 0.0792578
0.932103 0.0792779
0.932168 0.0792118
0.932173 0.0792071
0.932198 0.0791831
0.932139 0.079245
0.932197 0.0791842
0.932194 0.0791867
0.932185 0.0791945
0.932095 0.0793033
0.932118 0.0792622
0.9321 0.0792821
0.9321 0.0792812
0.932172 0.0792078
0.932121 0.0792588
0.93217 0.0792096
