0.98773 0.0122827
0.987704 0.0122966
0.987699 0.0123007
0.987708 0.0122925
0.987505 0.0127045
0.987677 0.0123241
0.987689 0.0123116
0.987674 0.0123284
0.98768 0.0123207
0.987694 0.0123065
0.987676 0.0123248
0.98772 0.012285
0.987684 0.0123161
0.987683 0.0123174
0.98769 0.0123101
0.987693 0.0123069
0.987706 0.0122947
0.987687 0.0123131
0.98771 0.0122905
1.08358 0.0122821
0.987672 0.0123347
0.987695 0.0123054
0.987673 0.0123309
0.987704 0.0122959
0.987671 0.0123375
0.987681 0.0123189
0.987691 0.0123092
0.987675 0.0123268
0.987695 0.0123049
0.987706 0.0122942
0.987692 0.0123085
0.987715 0.0122872
0.987707 0.0122935
0.987699 0.0123012
0.987702 0.0122987
0.987698 0.0123018
0.987696 0.0123041
0.987721 0.0122844
0.987716 0.0122863
0.987729 0.0122829
0.987682 0.0123182
0.987711 0.01229
0.987683 0.0123168
0.987681 0.0123198
0.987989 0.0122824
0.987674 0.0123298
0.987671 0.012339
0.987702 0.0122981
0.987673 0.0123327
0.987675 0.0123279
0.987722 0.0122844
0.987679 0.0123214
0.987717 0.0122857
0.987678 0.0123221
0.987676 0.0123257
0.987674 0.012329
0.987698 0.0123024
0.987988 0.0122824
0.987677 0.0123236
0.320422 0.679596
0.987671 0.0123362
0.987716 0.0122864
0.987686 0.0123145
0.987566 0.0126998
0.987675 0.0123276
0.987693 0.0123071
0.987715 0.0122868
0.987672 0.0123337
0.987681 0.0123194
0.320422 0.679596
0.98768 0.0123201
0.987707 0.0122938
0.987697 0.0123036
0.987701 0.0122996
0.987745 0.0122826
0.987685 0.0123151
0.987711 0.0122896
0.987686 0.012314
0.320433 0.679595
0.320441 0.679592
0.987724 0.0122836
0.987705 0.0122954
0.987709 0.0122919
0.987706 0.012295
0.987713 0.0122878
0.987703 0.0122973
0.98769 0.0123107
0.987694 0.012306
0.987712 0.012289
0.987678 0.0123229
0.98767 0.0123429
0.987709 0.0122911
0.98772 0.0122849
0.987692 0.0123077
0.987697 0.0123029
0.987719 0.0122855
0.987675 0.0123272
0.987672 0.0123334
0.987712 0.0122886
0.987688 0.0123125
