0.397963 0.648931
0.397976 0.609999
0.397992 0.609982
0.863195 0.399893
0.397979 0.609995
0.397975 0.61
0.397986 0.609988
0.397982 0.609992
0.397988 0.609986
0.39797 0.610006
0.398011 0.609962
0.398117 0.609902
0.398059 0.609915
0.398036 0.609937
0.398068 0.609907
0.398025 0.609948
0.397971 0.610004
0.398056 0.609917
0.398131 0.609902
0.397963 0.640432
0.398067 0.609908
0.398013 0.60996
0.397989 0.609985
0.398016 0.609957
0.398061 0.609912
0.39807 0.609906
0.398028 0.609945
0.398035 0.609938
0.397965 0.610018
0.397999 0.609975
0.397963 0.610041
0.398008 0.609965
0.398034 0.609939
0.397977 0.609997
0.397966 0.610014
0.398032 0.609941
0.398022 0.609951
0.398054 0.60992
0.398007 0.609967
0.398006 0.609968
0.398049 0.609925
0.398029 0.609944
0.397966 0.610016
0.39799 0.609983
0.398031 0.609943
0.862834 0.399893
0.398003 0.60997
0.397964 0.610024
0.397985 0.609989
0.39806 0.609914
0.397996 0.609978
0.397997 0.609977
0.398052 0.609921
0.398024 0.609949
0.398083 0.609903
0.398047 0.609926
0.398038 0.609936
0.398019 0.609955
0.397963 0.634957
0.398015 0.609958
0.398041 0.609932
0.398004 0.609969
0.397968 0.61001
0.397983 0.60999
0.397981 0.609994
0.397964 0.610028
0.398077 0.609903
0.398055 0.609918
0.397972 0.610003
0.39802 0.609953
0.397969 0.610009
0.397973 0.610002
0.398065 0.609909
0.398071 0.609905
0.398045 0.609928
0.398002 0.609972
0.862827 0.399893
0.398044 0.609929
0.397965 0.61002
0.398063 0.609911
0.398009 0.609964
0.397994 0.609979
0.397978 0.609995
0.398039 0.609935
0.397969 0.610008
0.398042 0.609931
0.398033 0.60994
0.398026 0.609947
0.397967 0.610012
0.397993 0.60998
0.39804 0.609934
0.39801 0.609963
0.398014 0.60996
0.398064 0.60991
0.398073 0.609904
0.398018 0.609955
0.398051 0.609923
0.398 0.609973
0.398021 0.609953
0.398057 0.609916
