0.936012 0.0824576
0.935972 0.0824975
0.93595 0.08252
0.93594 0.0825424
0.935987 0.082482
0.269332 0.74914
0.936014 0.0824558
0.93602 0.0824494
0.935964 0.0825053
0.935988 0.082481
0.935941 0.0825311
0.936022 0.0824475
0.936015 0.0824551
0.936264 0.082433
0.93601 0.0824597
0.935976 0.0824939
0.935977 0.0824928
0.935948 0.0825224
0.935958 0.0825119
0.93594 0.082893
0.935983 0.0824867
0.93599 0.082479
0.936042 0.0824334
0.93596 0.082509
0.935959 0.0825101
0.936003 0.0824659
0.935969 0.0825007
0.935953 0.082517
0.935989 0.0824801
0.936 0.0824694
0.936039 0.0824338
0.935961 0.0825082
0.936029 0.0824409
0.936016 0.0824534
0.936019 0.0824502
0.935956 0.0825133
0.935991 0.082478
0.93594 0.145423
0.936024 0.0824457
0.935955 0.0825152
0.936013 0.0824566
0.936011 0.0824587
0.935974 0.0824951
0.935986 0.0824833
0.269329 0.749148
0.936028 0.0824415
0.935971 0.0824988
0.93594 0.0892259
0.935942 0.0825288
0.935979 0.0824908
0.936005 0.0824639
0.935996 0.0824734
0.93594 0.0828321
0.93594 0.0826639
0.93594 0.0825362
0.935955 0.0825142
0.936399 0.0824326
0.93594 0.105442
0.935997 0.0824721
0.936017 0.0824523
0.935967 0.0825031
0.935951 0.0825191
0.93594 0.12286
0.936025 0.0824447
0.936037 0.0824349
0.936034 0.0824364
0.935945 0.0825256
0.935965 0.0825043
0.936002 0.0824671
0.936026 0.0824438
0.935941 0.0825326
0.935963 0.0825069
0.935973 0.0824959
0.936021 0.0824485
0.936008 0.0824617
0.93594 0.0826192
0.93598 0.0824896
0.935944 0.0825272
0.936008 0.0824608
0.936031 0.0824396
0.935952 0.0825178
0.936006 0.0824628
0.935981 0.0824882
0.269329 0.74914
0.936045 0.0824331
0.936027 0.0824429
0.935946 0.0825245
0.936035 0.0824355
0.93594 0.0876099
0.935984 0.082485
0.936001 0.0824684
0.936032 0.0824387
0.935999 0.0824704
0.935968 0.082502
0.935942 0.08253
0.935993 0.0824763
0.935995 0.0824745
0.93597 0.0824996
0.936033 0.0824374
0.936005 0.0824648
