0.354086 0.659157
0.354139 0.659104
0.354128 0.659115
0.354126 0.659117
0.354119 0.659123
0.354109 0.659133
0.354134 0.659108
0.354161 0.659082
0.35413 0.659112
0.35414 0.659103
0.354101 0.659142
0.354084 0.659158
0.354153 0.65909
0.354093 0.659149
0.354133 0.659109
0.354129 0.659114
0.354075 0.659167
0.354116 0.659126
0.354078 0.659164
0.354219 0.659075
0.354118 0.659125
0.354118 0.659124
0.354052 0.659206
0.354092 0.659151
0.354091 0.659152
0.354083 0.659159
0.3541 0.659143
0.354145 0.659097
0.354074 0.659169
0.354105 0.659138
0.354142 0.6591
0.354141 0.659101
0.354068 0.659176
0.354106 0.659137
0.354181 0.659075
0.35407 0.659173
0.354165 0.659079
0.354155 0.659087
0.354157 0.659086
0.354158 0.659085
0.354094 0.659148
0.354135 0.659107
0.354066 0.659177
0.35415 0.659092
0.354087 0.659155
0.354069 0.659174
0.354121 0.659121
0.354123 0.659119
0.354082 0.659161
0.35408 0.659162
0.354054 0.659196
0.354122 0.65912
0.35417 0.659077
0.354111 0.659131
0.354077 0.659166
0.354148 0.659095
0.354177 0.659075
0.354057 0.659189
0.35406 0.659184
0.354152 0.659091
0.354096 0.659146
0.354127 0.659116
0.354074 0.659169
0.354058 0.659188
0.354113 0.659129
0.354059 0.659187
0.354138 0.659105
0.354053 0.659198
0.354163 0.659081
0.354107 0.659135
0.354173 0.659076
0.354167 0.659079
0.354115 0.659127
0.354062 0.659182
0.354114 0.659128
0.354052 0.659214
0.354088 0.659154
0.354056 0.659191
0.354052 0.6593
0.354102 0.65914
0.354098 0.659145
0.354089 0.659154
0.354108 0.659134
0.354065 0.659178
0.354096 0.659147
0.354103 0.659139
0.354112 0.65913
0.354146 0.659096
0.354055 0.659194
0.354136 0.659106
0.354072 0.659171
0.354149 0.659093
0.354144 0.659098
0.35416 0.659083
0.354071 0.659172
0.354064 0.65918
0.354155 0.659088
0.354169 0.659078
0.354132 0.65911
0.354124 0.659118
