0.912647 0.0873533
0.912683 0.087317
0.9127 0.0873006
0.912607 0.0874028
0.912685 0.0873151
0.912728 0.087282
0.912677 0.0873227
0.912676 0.0873238
0.91271 0.0872909
0.91262 0.0873812
0.912725 0.0872821
0.912719 0.0872839
0.912718 0.0872843
0.912616 0.0873849
0.91264 0.0873601
0.912687 0.0873136
0.912709 0.0872921
0.912656 0.0873462
0.912681 0.0873194
0.91265 0.08735
0.91268 0.0873201
0.912692 0.0873086
0.912661 0.0873394
0.912697 0.0873038
0.91263 0.08737
0.912684 0.0873163
0.912702 0.0872988
0.912649 0.0873512
0.912622 0.0873785
0.912698 0.0873028
0.91266 0.0873406
0.912623 0.0873771
0.912626 0.0873739
0.912682 0.0873181
0.912679 0.0873211
0.912643 0.0873571
0.912629 0.0873712
0.912653 0.087348
0.912651 0.087349
0.912613 0.0873876
0.912621 0.0873797
0.912672 0.0873284
0.912675 0.0873252
0.912634 0.0873667
0.912717 0.087285
0.257302 0.759151
0.912617 0.0873835
0.912714 0.0872875
0.912711 0.0872898
0.912608 0.0873942
0.912704 0.087297
0.912662 0.0873383
0.912654 0.0873472
0.912628 0.0873723
0.912607 0.0897762
0.912673 0.0873272
0.912707 0.0872936
0.912666 0.0873338
0.912641 0.087359
0.912644 0.087356
0.912715 0.0872863
0.912618 0.0873823
0.912637 0.0873637
0.912669 0.0873316
0.912635 0.0873649
0.912693 0.0873075
0.912699 0.0873017
0.912631 0.0873688
0.912625 0.0873756
0.912658 0.087344
0.912632 0.087368
0.912706 0.0872945
0.912648 0.0873522
0.912689 0.0873111
0.912712 0.087289
0.912611 0.0873896
0.912669 0.0873307
0.912607 0.0873964
0.912667 0.0873328
0.91261 0.0873911
0.912721 0.0872827
0.912609 0.0873925
0.912607 0.0873997
0.91267 0.0873298
0.912615 0.0873861
0.91269 0.08731
0.912646 0.0873544
0.912664 0.0873359
0.912663 0.0873371
0.912607 0.0873983
0.912639 0.0873615
0.912659 0.0873426
0.912654 0.0873469
0.912607 0.112524
0.912705 0.0872957
0.912695 0.0873051
0.912638 0.0873627
0.912694 0.0873066
0.912674 0.0873261
0.912688 0.0873125
