0.303986 0.715862
0.303962 0.715888
0.304035 0.715813
0.303964 0.715885
0.323191 0.715803
0.304005 0.715843
0.303967 0.715882
0.303968 0.71588
0.304025 0.715823
0.970657 0.0492491
0.30403 0.715819
0.303973 0.715875
0.304053 0.715804
0.30401 0.715838
0.304022 0.715826
0.303959 0.715892
0.304011 0.715837
0.30405 0.715804
0.304015 0.715833
0.304004 0.715844
0.303971 0.715877
0.303956 0.715901
0.304042 0.715808
0.30404 0.715809
0.971671 0.048187
0.304013 0.715835
0.304038 0.715811
0.303988 0.71586
0.303974 0.715874
0.304024 0.715824
0.303954 0.715917
0.304027 0.715821
0.303962 0.715887
0.304069 0.715803
0.30396 0.715891
0.303972 0.715876
0.304017 0.715832
0.304041 0.715809
0.304032 0.715817
0.303982 0.715866
0.304001 0.715847
0.303964 0.715885
0.303961 0.71589
0.303957 0.715894
0.303977 0.715872
0.303956 0.715896
0.304014 0.715834
0.304002 0.715845
0.303969 0.715879
0.304009 0.715839
0.303996 0.715852
0.970657 0.0491905
0.30399 0.715857
0.303992 0.715856
0.304039 0.71581
0.304028 0.71582
0.303954 0.731323
0.303994 0.715854
0.303979 0.715869
0.30402 0.715828
0.304046 0.715806
0.304043 0.715807
0.304023 0.715825
0.303999 0.715849
0.304005 0.715843
0.304064 0.715803
0.303955 0.715908
0.304018 0.715831
0.303984 0.715864
0.303956 0.7159
0.303966 0.715883
0.303987 0.715861
0.303975 0.715873
0.304034 0.715815
0.303993 0.715855
0.304006 0.715841
0.304021 0.715827
0.303989 0.715859
0.304 0.715848
0.304041 0.715809
0.304036 0.715813
0.303976 0.715872
0.304031 0.715818
0.304019 0.715829
0.304012 0.715836
0.303998 0.71585
0.312193 0.715803
0.303983 0.715865
0.303995 0.715853
0.970657 0.0491904
0.304008 0.71584
0.304049 0.715805
0.303981 0.715868
0.304033 0.715816
0.30397 0.715878
0.303954 0.731321
0.303956 0.715898
0.304044 0.715806
0.304026 0.715823
0.303977 0.715871
