0.516937 0.50805
0.516891 0.508096
0.516933 0.508054
0.5169 0.508087
0.516991 0.507997
0.516919 0.508068
0.516985 0.508008
0.516913 0.508074
0.516881 0.508124
0.516883 0.508111
0.51691 0.508077
0.516932 0.508056
0.517007 0.50798
0.516922 0.508066
0.517003 0.507984
0.516993 0.507995
0.516986 0.508006
0.516992 0.507996
0.516942 0.508045
0.517013 0.507974
0.516958 0.508033
0.517009 0.507977
0.516948 0.508039
0.516998 0.507989
0.516924 0.508063
0.516881 0.50812
0.516949 0.508038
0.516954 0.508035
0.516989 0.507999
0.51694 0.508047
0.516946 0.508041
0.516884 0.508108
0.516933 0.508053
0.516892 0.508095
0.516984 0.508011
0.516994 0.507994
0.516882 0.508112
0.517 0.507987
0.517006 0.507981
0.516936 0.508051
0.516926 0.508062
0.517002 0.507985
0.516943 0.508044
0.516984 0.50801
0.516934 0.508053
0.516904 0.508083
0.517012 0.507975
0.516983 0.508017
0.516902 0.508086
0.516996 0.507991
0.516988 0.508002
0.516987 0.508004
0.51695 0.508038
0.516887 0.508101
0.516906 0.508081
0.516894 0.508094
0.516914 0.508073
0.516886 0.508102
0.516941 0.508046
0.516908 0.50808
0.51701 0.507977
0.516918 0.508069
0.516881 0.509988
0.516899 0.508088
0.51692 0.508067
0.516956 0.508034
0.516945 0.508042
0.516903 0.508084
0.516897 0.508091
0.516997 0.50799
0.517015 0.507973
0.516928 0.508059
0.516995 0.507992
0.516999 0.507988
0.51693 0.508057
0.517004 0.507983
0.516916 0.508071
0.516923 0.508064
0.516988 0.508001
0.51699 0.507998
0.516898 0.50809
0.516915 0.508072
0.516961 0.508032
0.516896 0.508093
0.516911 0.508076
0.516927 0.50806
0.516952 0.508036
0.516909 0.508078
0.516889 0.508099
0.516885 0.508105
0.516983 0.508014
0.516929 0.508058
0.517008 0.507979
0.516938 0.508048
0.516947 0.50804
0.516951 0.508037
0.51689 0.508098
0.517001 0.507986
0.516885 0.508104
0.516944 0.508043
