0.896398 0.103602
0.896406 0.103594
0.896427 0.103574
0.89641 0.10359
0.896384 0.103616
0.89645 0.103552
0.896424 0.103576
0.896363 0.103637
0.896389 0.103611
0.896425 0.103576
0.896412 0.103588
0.896415 0.103585
0.896392 0.103608
0.896373 0.103628
0.896365 0.103636
0.896391 0.103609
0.896407 0.103593
0.896338 0.103673
0.896447 0.103554
0.896346 0.103657
0.89646 0.103546
0.896345 0.103658
0.896453 0.103549
0.89635 0.103651
0.896429 0.103571
0.896373 0.103627
0.896421 0.103579
0.896433 0.103567
0.896371 0.103629
0.896361 0.10364
0.896338 0.103679
0.896462 0.103545
0.896355 0.103646
0.896358 0.103643
0.896451 0.10355
0.896443 0.103558
0.896352 0.10365
0.896397 0.103603
0.896366 0.103634
0.896428 0.103572
0.896368 0.103632
0.896418 0.103582
0.896423 0.103578
0.896394 0.103607
0.896347 0.103656
0.896454 0.103548
0.896377 0.103623
0.896435 0.103565
0.896339 0.103669
0.896405 0.103595
0.89636 0.103641
0.896442 0.103559
0.896388 0.103612
0.896446 0.103555
0.896375 0.103625
0.896458 0.103546
0.89642 0.10358
0.896419 0.103581
0.896437 0.103564
0.896444 0.103557
0.896387 0.103613
0.896402 0.103598
0.896431 0.103569
0.896348 0.103653
0.896435 0.103566
0.896344 0.10366
0.896354 0.103647
0.896342 0.103662
0.40527 0.945582
0.896409 0.103592
0.896439 0.103562
0.896403 0.103597
0.896399 0.103601
0.896451 0.103551
0.896417 0.103583
0.896381 0.10362
0.896357 0.103644
0.896432 0.103568
0.896414 0.103586
0.89634 0.103665
0.896341 0.103663
0.896362 0.103639
0.896449 0.103552
0.896343 0.103661
0.896411 0.10359
0.89637 0.103631
0.896464 0.103545
0.896382 0.103618
0.896379 0.103621
0.896338 0.103675
0.89643 0.10357
0.896395 0.103605
0.89644 0.103561
0.896385 0.103615
0.896339 0.103668
0.896466 0.103544
0.896456 0.103547
0.40527 0.94559
0.8964 0.1036
0.896446 0.103555
