0.895188 0.104816
0.895137 0.104874
0.895171 0.10483
0.410833 0.952697
0.895203 0.104797
0.895136 0.104888
0.8952 0.1048
0.895205 0.104795
0.895179 0.104821
0.895136 0.156283
0.895141 0.104864
0.895217 0.104783
0.895154 0.104847
0.895198 0.104803
0.895161 0.104839
0.895136 0.523518
0.410829 0.953186
0.895238 0.10477
0.895215 0.104786
0.895199 0.104801
0.895166 0.104834
0.895231 0.104773
0.411029 0.952619
0.895175 0.104825
0.410832 0.952706
0.587416 0.952616
0.410826 0.953373
0.895192 0.104808
0.895169 0.104831
0.895216 0.104785
0.419494 0.952619
0.410846 0.95262
0.895252 0.104769
0.895176 0.104824
0.895221 0.10478
0.89515 0.10485
0.895142 0.104862
0.895189 0.104814
0.895163 0.104837
0.895136 0.156657
0.410829 0.953304
0.89518 0.10482
0.895144 0.104858
0.89516 0.10484
0.89515 0.104851
0.895139 0.104868
0.895225 0.104776
0.895183 0.104818
0.895211 0.10479
0.895178 0.104823
0.895173 0.104827
0.895246 0.104769
0.895181 0.104819
0.895137 0.104885
0.895148 0.104853
0.895212 0.104789
0.895228 0.104774
0.895136 0.1632
0.89519 0.104812
0.895235 0.104771
0.895146 0.104856
0.895174 0.104826
0.895164 0.104836
0.89524 0.10477
0.895165 0.104836
0.895193 0.104807
0.41083 0.952722
0.89522 0.104781
0.895158 0.104842
0.895147 0.104855
0.895191 0.104809
0.416489 0.952619
0.895223 0.104778
0.895152 0.104848
0.895185 0.104817
0.895181 0.10482
0.89521 0.104791
0.89514 0.104866
0.895191 0.104809
0.411538 0.952619
0.895143 0.10486
0.895218 0.104782
0.895167 0.104833
0.895191 0.10481
0.895209 0.104792
0.895222 0.104779
0.895155 0.104846
0.895202 0.104798
0.794835 0.952615
0.895195 0.104805
0.895157 0.104844
0.895207 0.104794
0.895204 0.104796
0.914136 0.104769
0.895172 0.104829
0.895227 0.104775
0.895196 0.104804
0.895136 0.140534
0.895213 0.104787
0.895166 0.104835
