0.466702 0.543911
0.466697 0.543916
0.466656 0.543957
0.466733 0.543897
0.466708 0.543906
0.466623 0.543992
0.466637 0.543977
0.46673 0.543897
0.466616 0.544001
0.466625 0.54399
0.466664 0.543949
0.466651 0.543962
0.466673 0.54394
0.46671 0.543904
0.466686 0.543927
0.466611 0.68731
0.466723 0.543898
0.466694 0.54392
0.466638 0.543976
0.466642 0.543971
0.466613 0.544008
0.4667 0.543913
0.46665 0.543963
0.466612 0.544018
0.466641 0.543973
0.466636 0.543978
0.466696 0.543917
0.466612 0.544011
0.466635 0.543979
0.466682 0.543931
0.466628 0.543986
0.466675 0.543938
0.466674 0.543939
0.46663 0.543985
0.466655 0.543958
0.46662 0.543995
0.466611 0.544024
0.466688 0.543925
0.466704 0.54391
0.466627 0.543988
0.466615 0.544005
0.46666 0.543953
0.466725 0.543897
0.466691 0.543922
0.466616 0.544003
0.466624 0.543991
0.466672 0.543942
0.466693 0.543921
0.466614 0.544007
0.466705 0.543908
0.466715 0.543901
0.466668 0.543945
0.466657 0.543956
0.466676 0.543937
0.466632 0.543982
0.466687 0.543926
0.46668 0.543934
0.466707 0.543907
0.466623 0.543992
0.466612 0.544013
0.466663 0.54395
0.466683 0.54393
0.466643 0.54397
0.466639 0.543974
0.466617 0.543999
0.466709 0.543904
0.466716 0.5439
0.466684 0.543929
0.466662 0.543952
0.466619 0.543997
0.466709 0.543905
0.466667 0.543946
0.466644 0.543969
0.466653 0.54396
0.466627 0.543987
0.466621 0.543994
0.46667 0.543943
0.466713 0.543902
0.466626 0.543988
0.466653 0.543961
0.466665 0.543948
0.466719 0.543899
0.466645 0.543968
0.466618 0.543999
0.46668 0.543933
0.466699 0.543915
0.466658 0.543955
0.466717 0.5439
0.466666 0.543947
0.466633 0.543981
0.466647 0.543967
0.466695 0.543918
0.466669 0.543944
0.466631 0.543983
0.466678 0.543935
0.466648 0.543965
0.466712 0.543902
0.46669 0.543924
0.466633 0.54398
0.466701 0.543912
