0.300341 0.716673
0.30034 0.716676
0.300343 0.716671
0.300342 0.716672
0.300342 0.716672
0.300342 0.716671
0.300341 0.716673
0.300341 0.716673
0.300342 0.716672
0.300341 0.716672
0.396039 0.71667
0.300342 0.716671
0.300342 0.716671
0.300341 0.716673
0.300341 0.716674
0.300344 0.716671
0.300342 0.716672
0.300341 0.716672
0.300343 0.716671
0.300341 0.716673
0.300342 0.716672
0.300346 0.71667
0.300342 0.716672
0.300342 0.716672
0.300342 0.716672
0.300341 0.716673
0.300346 0.71667
0.300341 0.716673
0.300341 0.716672
0.300342 0.716672
0.300342 0.716672
0.300341 0.716673
0.300342 0.716672
0.300344 0.716671
0.300341 0.716674
0.300341 0.716672
0.30034 0.716685
0.300343 0.716671
0.300342 0.716672
0.30034 0.716675
0.300343 0.716671
0.300342 0.716672
0.300344 0.716671
0.300343 0.716671
0.300344 0.71667
0.378696 0.71667
0.300341 0.716673
0.300343 0.716671
0.300342 0.716672
0.300343 0.716671
0.300343 0.716671
0.300341 0.716673
0.300345 0.71667
0.300345 0.71667
0.300342 0.716672
0.300344 0.716671
0.300341 0.716673
0.300342 0.716671
0.30034 0.716674
0.300342 0.716672
0.300341 0.716674
0.300341 0.716673
0.30034 0.716674
0.300341 0.716673
0.300343 0.716671
0.300341 0.716673
0.300341 0.716673
0.300341 0.716672
0.300344 0.716671
0.300342 0.716672
0.300343 0.716671
0.300341 0.716674
0.300343 0.716671
0.300343 0.716671
0.300341 0.716672
0.300343 0.716671
0.30034 0.716675
0.300341 0.716673
0.300345 0.71667
0.30034 0.716675
0.300342 0.716671
0.300342 0.716672
0.300341 0.716673
0.300343 0.716671
0.300342 0.716672
0.300341 0.716672
0.300344 0.716671
0.300343 0.716671
0.300345 0.71667
0.300341 0.716674
0.300341 0.716673
0.300345 0.71667
0.30034 0.716674
0.30034 0.716674
0.300342 0.716672
0.300349 0.71667
0.300341 0.716674
0.300342 0.716672
0.300344 0.71667
0.300341 0.716673
