0.828993 0.331515
0.422339 0.591864
0.422322 0.591882
0.422389 0.591857
0.42232 0.591886
0.42235 0.591858
0.422319 0.591886
0.422335 0.591867
0.422315 0.591906
0.422333 0.59187
0.422354 0.591857
0.422341 0.591862
0.422325 0.591878
0.422336 0.591867
0.422331 0.591871
0.422317 0.591894
0.422315 0.591976
0.422323 0.591881
0.422321 0.591883
0.422353 0.591858
0.422315 0.593575
0.422326 0.591877
0.422315 0.603395
0.422341 0.591862
0.422347 0.591859
0.422316 0.591897
0.828991 0.331516
0.422343 0.591861
0.422315 0.592011
0.422319 0.591887
0.42234 0.591863
0.422322 0.591883
0.422328 0.591874
0.422348 0.591858
0.828978 0.331676
0.422326 0.591877
0.422332 0.591871
0.422366 0.591857
0.422335 0.591868
0.422332 0.59187
0.42234 0.591863
0.422315 0.591905
0.42232 0.591885
0.42233 0.591873
0.42233 0.591872
0.828983 0.331518
0.422337 0.591865
0.422331 0.591871
0.422351 0.591858
0.422331 0.591872
0.42235 0.591858
0.422342 0.591861
0.422329 0.591874
0.829539 0.331493
0.422338 0.591865
0.422344 0.59186
0.422348 0.591859
0.828979 0.331668
0.422334 0.591869
0.422316 0.591895
0.422337 0.591866
0.42233 0.591872
0.828978 0.331668
0.422316 0.591895
0.422326 0.591877
0.422325 0.591878
0.422346 0.591859
0.422328 0.591875
0.422339 0.591864
0.422325 0.591879
0.422336 0.591866
0.828978 0.331682
0.422327 0.591876
0.422334 0.591868
0.422324 0.591879
0.422317 0.591893
0.422334 0.591868
0.422333 0.591869
0.422317 0.59189
0.422418 0.591857
0.82913 0.331503
0.422321 0.591884
0.422315 0.604022
0.422329 0.591873
0.422323 0.591881
0.422338 0.591864
0.422337 0.591866
0.422315 0.591909
0.422344 0.59186
0.422315 1.04417
0.422327 0.591876
0.422327 0.591876
0.422346 0.591859
0.828978 0.385923
0.422328 0.591875
0.422324 0.59188
0.422319 0.591888
0.422345 0.59186
0.422343 0.59186
0.422316 0.591899
