0.951475 0.0485254
0.951438 0.0485627
0.951454 0.0485457
0.951458 0.0485419
0.951467 0.0485331
0.951428 0.0485828
0.9515 0.0485002
1.46102 0.0484763
0.951434 0.0485675
0.951441 0.04856
0.951527 0.048478
0.951468 0.0485323
0.951433 0.0485696
0.951491 0.0485097
0.951516 0.0484854
0.951449 0.0485511
0.951432 0.0485712
0.951537 0.0484767
0.95149 0.0485105
0.951429 0.0485797
0.951433 0.0485689
0.951483 0.0485174
0.951474 0.0485266
0.951497 0.0485032
0.951454 0.0485466
0.951477 0.0485233
0.951497 0.0485036
0.951457 0.0485432
0.951522 0.0484799
0.951507 0.048494
0.951471 0.0485286
0.953213 0.0484767
0.951484 0.0485163
0.951504 0.048496
0.951525 0.0484789
0.951436 0.0485649
1.00114 0.0484766
0.951479 0.0485206
0.951506 0.048495
0.95145 0.0485501
0.951463 0.0485367
0.951469 0.0485306
0.951486 0.048514
0.951499 0.0485013
0.951481 0.0485189
0.951508 0.0484927
0.95151 0.0484905
0.95146 0.0485401
0.951451 0.048549
0.951531 0.0484771
0.951511 0.0484892
0.951524 0.0484791
0.951498 0.0485024
0.951459 0.0485409
0.951431 0.0485734
0.951427 0.0485875
0.951518 0.0484836
0.951463 0.0485376
0.95143 0.0485753
0.951429 0.0485771
0.951495 0.0485058
0.951487 0.0485127
0.951466 0.048534
0.951519 0.0484822
0.951492 0.0485086
0.951495 0.0485048
0.951471 0.0485295
0.951446 0.0485548
0.95144 0.0485612
0.951527 0.0484775
0.951514 0.0484866
0.951435 0.0485663
0.951465 0.0485353
0.951501 0.0484989
0.951448 0.048552
0.951461 0.048539
0.951426 0.0485903
0.951447 0.048553
0.951485 0.0485152
0.951453 0.0485478
0.974185 0.0484766
0.951455 0.048545
0.951445 0.0485556
0.951428 0.0485805
0.951444 0.0485564
0.951521 0.048481
0.951509 0.0484915
0.951456 0.0485441
0.951503 0.0484975
0.951476 0.0485241
0.951443 0.0485577
0.951442 0.0485587
0.951517 0.0484845
0.951437 0.0485637
0.951489 0.0485118
0.951513 0.0484875
0.951478 0.0485221
0.951473 0.0485273
0.951493 0.0485071
0.95148 0.0485198
