0.133058 0.866942
0.437424 0.562944
0.571629 0.428522
0.211119 0.788882
0.0248473 0.975153
0.260403 0.739611
0.35629 0.643773
0.502179 0.498118
0.47073 0.529502
0.235273 0.764732
0.555652 0.444418
0.310892 0.689182
0.933961 0.066103
0.519069 0.481204
0.535431 0.46463
0.223413 0.776592
0.336829 0.663261
0.31734 0.682723
0.217401 0.782603
0.374637 0.625486
0.802032 0.199358
0.198825 0.801178
0.458347 0.542062
0.546439 0.453663
0.180618 0.819385
0.279722 0.720295
0.304565 0.695477
0.0784522 0.921548
0.526741 0.473483
0.0726208 0.927379
0.126886 0.873114
0.59224 0.412935
0.323884 0.676182
0.464578 0.535597
0.120698 0.879302
0.00630587 0.993694
0.247688 0.752319
0.151352 0.848648
0.509015 0.491268
0.813081 0.18734
0.205023 0.79498
0.922123 0.0778775
0.490937 0.5097
0.350164 0.649919
0.601869 0.412032
0.139201 0.860799
0.431138 0.568951
0.229354 0.770653
0.17482 0.825182
0.577277 0.423091
0.169021 0.83098
0.273402 0.726628
0.0903441 0.909656
0.362378 0.637752
0.562192 0.437835
0.381454 0.618818
0.267056 0.732967
0.049049 0.950951
0.102337 0.897663
0.0667762 0.933224
0.0844037 0.915596
0.445926 0.55512
1 1.01222e-11
0.0370522 0.962948
0.0430813 0.956919
0.417321 0.583006
0.477478 0.523416
0.1453 0.8547
0.192545 0.807457
0.298658 0.701364
0.330328 0.669711
0.285851 0.714168
0.241463 0.758544
0.395364 0.604699
0.584216 0.416927
0.018759 0.981241
0.497271 0.503076
0.343504 0.656559
0.186545 0.813457
0.0963209 0.903679
0.108495 0.891505
0.937847 0.0623123
0.424712 0.57551
0.163251 0.83675
0.0608703 0.93913
0.114596 0.885404
0.157355 0.842646
0.409401 0.590953
0.451729 0.548466
0.253986 0.746025
0.0126039 0.987396
0.0309547 0.969045
0.368575 0.631476
0.3885 0.611681
0.485054 0.515838
0.292367 0.707654
0.402657 0.597556
0.0549824 0.945018
1.61578e-12 1
0.885418 0.114696
