0.0857723 0.914228
0.103592 0.896408
0.409286 0.590855
0.154988 0.845013
0.36099 0.63916
0.127154 0.872847
0.211137 0.788869
0.022931 0.977069
0.505233 0.495258
0.824447 0.178553
0.0627447 0.937255
0.479195 0.521271
0.0286063 0.971394
0.241675 0.758361
0.171424 0.828577
0.229286 0.770733
0.283245 0.716774
0.485967 0.514545
0.254272 0.745758
0.0976238 0.902376
0.0400182 0.959982
0.5229 0.478814
0.367422 0.632707
0.517678 0.48349
0.000466208 0.999534
0.453857 0.546495
0.415822 0.584377
0.160482 0.839519
0.138431 0.861569
0.492223 0.508797
0.144075 0.855925
0.336047 0.664032
0.921914 0.078289
0.1824 0.817602
0.30196 0.698088
0.223131 0.776878
0.802007 0.198895
0.0172682 0.982732
0.391415 0.608741
0.289195 0.71082
0.166 0.834001
0.341577 0.658535
0.459535 0.540574
0.199329 0.800675
0.277466 0.722556
0.441462 0.55873
0.187999 0.812002
0.266146 0.733866
0.510594 0.490213
0.379602 0.620504
0.217022 0.782984
0.815449 0.185021
0.354364 0.645881
0.295627 0.704431
0.422355 0.577844
0.499417 0.501542
0.0798972 0.920103
0.530491 0.471717
1 7.82955e-11
0.0916523 0.908348
0.260291 0.739737
0.193727 0.806278
0.247984 0.752051
0.271855 0.728152
0.925522 0.0747744
0.149509 0.850491
0.115614 0.884386
0.0116502 0.98835
0.121414 0.878586
0.313463 0.686568
0.00606138 0.993939
0.0571154 0.942885
0.330102 0.669922
0.0741458 0.925854
0.546108 0.46233
0.465167 0.535276
0.537122 0.467102
0.385336 0.614777
0.429073 0.571198
0.397456 0.602606
0.307618 0.692418
0.373827 0.626321
0.132798 0.867203
0.403092 0.597006
0.235379 0.764646
0.436095 0.564207
0.0457614 0.954239
0.0514483 0.948552
0.812184 0.188189
0.565911 0.459202
0.319197 0.680886
0.348131 0.651993
0.0343077 0.965692
0.447303 0.552836
0.205107 0.794899
0.324474 0.675557
0.473209 0.527471
0.109598 0.890402
0.176914 0.823087
0.0684311 0.931569
