0.862647 0.150055
0.871942 0.128066
0.962691 0.0373197
0.709898 0.292259
0.676533 0.324142
0.703163 0.296879
0.863466 0.136596
0.683393 0.316668
0.681322 0.318743
0.69998 0.300039
0.706355 0.293693
0.699431 0.300581
0.964531 0.0354819
0.96515 0.0348609
0.695286 0.304724
0.674882 0.329639
0.864994 0.135024
0.863891 0.136145
0.691181 0.308836
0.959015 0.0418465
0.865931 0.134085
0.86636 0.133667
0.692708 0.307343
0.866786 0.133249
0.871497 0.128517
0.680853 0.319252
0.704614 0.295556
0.695702 0.30431
0.692287 0.307767
0.679051 0.321235
0.872763 0.12729
0.6942 0.305822
0.959393 0.0408729
0.680328 0.319857
0.961181 0.0388374
0.697088 0.302929
0.701999 0.298024
0.683907 0.316138
0.870833 0.129182
0.690522 0.309503
0.687275 0.312768
0.70523 0.294874
0.967212 0.0335645
0.868023 0.13201
0.698783 0.301231
0.963213 0.0367959
0.693662 0.306378
0.874242 0.126081
0.698374 0.301637
0.67556 0.325845
0.705588 0.294457
0.689322 0.310692
0.686868 0.313222
0.867442 0.132571
0.961787 0.0382497
0.688453 0.311571
0.682207 0.31783
0.963762 0.036243
0.862947 0.137154
0.700969 0.299051
0.686297 0.313775
0.869658 0.130349
0.685147 0.314889
0.691679 0.308365
0.69665 0.30336
0.69622 0.303791
0.702452 0.297598
0.697777 0.302234
0.682981 0.317072
0.701392 0.298663
0.677296 0.323208
0.675948 0.325147
0.700451 0.299597
0.694662 0.30536
0.689906 0.310134
0.868713 0.131295
0.684613 0.31545
0.869199 0.130809
0.708214 0.292406
0.958939 0.0423908
0.704047 0.296015
0.677961 0.322491
0.959766 0.04028
0.678469 0.321911
0.870064 0.129943
0.864591 0.135464
0.966242 0.0338309
0.862666 0.13769
0.681761 0.318332
0.679849 0.320274
0.706868 0.293226
0.679535 0.320686
0.707375 0.292829
0.685841 0.314252
0.703618 0.296459
0.873508 0.126575
0.675196 0.327895
0.693208 0.306811
0.687775 0.312269
0.960473 0.0395569
