0.0695301 0.93047
0.26791 0.7321
0.102834 0.897166
0.204866 0.795135
0.299997 0.700042
0.00566502 0.994335
0.0347808 0.965219
0.921795 0.0784212
0.292965 0.707102
0.0406609 0.959339
0.210705 0.789298
0.119493 0.880507
0.82076 0.181021
1 3.46992e-12
0.393186 0.606919
0.0581712 0.941829
0.537933 0.464682
0.48131 0.519054
0.125051 0.87495
0.245569 0.754434
0.147668 0.852333
0.0170867 0.982913
0.42327 0.576967
0.159013 0.840988
0.234207 0.765804
0.113941 0.886059
0.312467 0.68756
0.932339 0.0685399
0.809859 0.190204
0.141944 0.858056
0.376822 0.623252
0.193232 0.806772
0.362973 0.637198
0.0288613 0.971139
0.417061 0.583222
0.222352 0.777654
0.324304 0.675727
0.273846 0.726189
0.521618 0.478962
0.0917306 0.908269
0.430257 0.569821
0.256758 0.743254
0.802138 0.198051
0.108377 0.891623
0.318141 0.681879
0.187484 0.812523
0.507019 0.493493
0.436975 0.563167
0.136243 0.863757
0.0524298 0.94757
0.559188 0.454467
0.262266 0.73774
0.398976 0.601153
0.28627 0.713769
0.199025 0.800977
0.181738 0.818271
0.342851 0.657194
0.566782 0.454235
0.228293 0.771717
0.239888 0.760117
6.3196e-13 1
0.153342 0.846659
0.515762 0.484979
0.450416 0.549757
0.0229767 0.977023
0.349015 0.651025
0.444024 0.556493
0.370459 0.629665
0.499661 0.500902
0.011353 0.988647
0.468386 0.532019
0.0465569 0.953443
0.330157 0.66995
0.216456 0.783551
0.0751513 0.924849
0.382196 0.617875
0.130645 0.869355
0.251161 0.748851
0.280071 0.719971
0.164729 0.835274
0.790857 0.216405
0.387763 0.612332
0.474668 0.525593
0.336285 0.663843
0.306084 0.693946
0.45623 0.544179
0.356098 0.643974
0.494263 0.506131
0.411236 0.588941
0.488086 0.512795
0.17037 0.829633
0.0807184 0.919282
0.462419 0.538034
0.404962 0.59521
0.528035 0.472681
0.176038 0.823968
0.0639439 0.936056
0.545602 0.458881
0.0972673 0.902733
0.0862379 0.913762
