0.0113208 0.988679
0.171938 0.828071
0.140009 0.859992
0.480551 0.521371
0.32909 0.670971
0.145341 0.854659
0.28915 0.710911
0.0439141 0.956086
0.318506 0.681617
0.0332736 0.966726
0.905984 0.0941594
0.451655 0.550201
0.368372 0.631876
0.468459 0.532362
0.413058 0.587343
0.219675 0.780334
0.508097 0.499674
0.155874 0.844127
0.444094 0.557295
0.277611 0.722448
0.0810882 0.918912
1 3.26079e-09
0.23055 0.769626
5.13677e-11 1
0.39993 0.600406
0.498686 0.506199
0.182386 0.817616
0.254795 0.745219
0.392836 0.607339
0.192884 0.807119
0.323568 0.676485
0.312627 0.68751
0.0598637 0.940136
0.249369 0.750651
0.782551 0.217688
0.362781 0.637455
0.225682 0.774333
0.243621 0.756412
0.380421 0.619966
0.260074 0.73995
0.235386 0.764727
0.374394 0.625837
0.351606 0.648473
0.0757908 0.924209
0.419525 0.581202
0.150582 0.849419
0.0917892 0.908211
0.00571039 0.99429
0.45802 0.543347
0.425202 0.575328
0.802552 0.197538
0.988909 0.0113234
0.187661 0.812341
0.0169079 0.983092
0.340144 0.660011
0.239516 0.760548
0.177131 0.82287
0.431636 0.56937
0.295118 0.704937
0.488408 0.51417
0.124327 0.875673
0.208522 0.791488
0.0278614 0.972139
0.357182 0.642989
0.386567 0.613787
0.773157 0.227651
0.0704728 0.929527
0.0545417 0.945458
0.92248 0.0775446
0.0492264 0.950774
0.102647 0.897353
0.910251 0.0898614
0.300657 0.699371
0.213736 0.786273
0.523413 0.496783
0.108115 0.891885
0.0385959 0.961404
0.283339 0.716718
0.118934 0.881066
0.474528 0.527278
0.134844 0.865156
0.166425 0.833579
0.0651861 0.934814
0.462815 0.538219
0.0863974 0.913603
0.0224521 0.977548
0.16119 0.838812
0.808168 0.192579
0.113545 0.886455
0.406329 0.593871
0.203318 0.79669
0.33453 0.665567
0.27144 0.72861
0.097209 0.902791
0.198096 0.801909
0.265743 0.734283
0.129553 0.870447
0.346289 0.653873
0.438856 0.561887
0.306591 0.693457
