0.200085 0.799921
0.0983523 0.901648
0.0390376 0.960962
0.219663 0.780397
0.278106 0.721925
0.114392 0.885608
0.394694 0.605508
0.463151 0.537195
0.458314 0.542737
0.250744 0.749314
0.087528 0.912472
0.450626 0.55001
0.244387 0.755653
0.0550879 0.944912
0.0658187 0.934181
0.801835 0.200214
0.289076 0.710998
0.189556 0.810447
0.283611 0.716444
0.0604478 0.939552
0.238982 0.761053
0.34676 0.653318
0.0820856 0.917914
0.323542 0.676505
0.017143 0.982857
0.519496 0.485888
0.305888 0.694203
0.493091 0.5075
0.262155 0.73787
0.0712341 0.928766
0.4994 0.502962
0.0281351 0.971865
0.049788 0.950212
0.103734 0.896266
0.15647 0.843531
0.400224 0.600094
0.205257 0.794752
0.364257 0.63588
0.151028 0.848973
0.809839 0.190171
0.444264 0.556244
0.0226742 0.977326
0.311446 0.688664
0.256724 0.743288
0.267485 0.732538
0.194812 0.805194
0.109037 0.890963
0.335057 0.665021
0.425365 0.575108
0.17307 0.826932
0.340711 0.659334
0.272654 0.72737
0.0766557 0.923344
0.38234 0.617871
0.210611 0.7894
0.124844 0.875156
0.00601172 0.993988
0.412632 0.587585
0.486475 0.514004
0.511005 0.49053
0.352754 0.647343
0.300088 0.699968
0.406323 0.593935
0.0444531 0.955547
0.431354 0.568658
0.145707 0.854294
0.16205 0.837952
0.140362 0.859638
0.923445 0.0765983
0.473596 0.527012
0.135166 0.864835
0.167553 0.832449
0.815604 0.184828
0.000454111 0.999546
0.38891 0.611373
0.0115794 0.988421
0.479106 0.521849
0.376275 0.623855
0.505967 0.49523
0.921753 0.078887
0.438234 0.562114
0.294523 0.705535
0.531212 0.482239
0.329121 0.670929
0.370069 0.630013
0.358391 0.641753
0.0929431 0.907057
0.119626 0.880374
0.224691 0.775421
0.468478 0.53188
0.184109 0.815893
0.418493 0.582075
0.178533 0.821469
0.317516 0.682568
0.130034 0.869966
0.033624 0.966376
0.233405 0.766636
0.215157 0.784901
0.229274 0.770889
1 3.57595e-11
