0.68744 0.312729
0.675267 0.324773
0.660849 0.339199
0.856866 0.143353
0.693113 0.309095
0.663881 0.336169
0.647285 0.352815
0.685632 0.314464
0.854717 0.145371
0.666233 0.333831
0.635642 0.369449
0.684673 0.315401
0.635202 0.376425
0.650001 0.350267
0.658011 0.342061
0.850804 0.14927
0.962329 0.0382379
0.679034 0.320989
0.688839 0.311349
0.951261 0.0488079
0.635808 0.367811
0.85006 0.150005
0.66707 0.332965
0.867033 0.133528
0.680801 0.319234
0.85531 0.144795
0.853514 0.14658
0.680129 0.319931
0.665026 0.335027
0.683933 0.316118
0.674049 0.325981
0.96208 0.038486
0.665724 0.334307
0.656383 0.343689
0.668287 0.331739
0.681694 0.318393
0.961175 0.0390193
0.949938 0.0509851
0.690113 0.310077
0.645453 0.354611
0.636302 0.365661
0.856308 0.143785
0.858636 0.141445
0.677891 0.322138
0.67698 0.323056
0.663267 0.336777
0.654288 0.345808
0.672046 0.327975
0.689427 0.31073
0.848823 0.151383
0.642767 0.357384
0.653601 0.34647
0.682423 0.317667
0.649096 0.351018
0.636151 0.366429
0.641381 0.358734
0.661641 0.338406
0.851876 0.148243
0.646699 0.353392
0.637307 0.364017
0.683325 0.316756
0.650711 0.349513
0.643356 0.356709
0.691959 0.309173
0.658949 0.341153
0.867271 0.133468
0.662325 0.337705
0.636752 0.364678
0.954369 0.0456653
0.638572 0.362049
0.670019 0.330003
0.644857 0.355295
0.643925 0.356195
0.667652 0.332377
0.674745 0.325309
0.861871 0.138175
0.690983 0.309569
0.640792 0.359351
0.848697 0.151929
0.642051 0.35804
0.640124 0.360078
0.635421 0.371336
0.660059 0.340021
0.688019 0.312059
0.655639 0.344432
0.686201 0.313904
0.64599 0.354104
0.651313 0.34884
0.648434 0.351665
0.671087 0.32893
0.672883 0.327147
0.651865 0.348215
0.637958 0.362787
0.652451 0.347712
0.675977 0.324051
0.639299 0.361031
0.668924 0.3311
0.655069 0.345053
0.656969 0.343073
0.950439 0.0496741
