0.304505 0.695863
0.431482 0.572145
0.18812 0.8119
0.0998032 0.9002
0.268815 0.731387
0.251166 0.74894
0.245516 0.754571
0.344194 0.656773
0.492221 0.509324
0.0394067 0.960598
0.933864 0.0663407
0.901246 0.0988696
0.352083 0.64944
0.0330262 0.966978
0.220165 0.7799
0.37034 0.631276
0.759383 0.242112
0.475858 0.526444
0.16369 0.836317
0.563256 0.436975
0.066082 0.933922
0.275646 0.724565
0.138288 0.861717
0.985219 0.0149143
0.462768 0.543621
0.0862259 0.913782
0.213592 0.786454
0.898856 0.101397
0.528321 0.472028
0.336212 0.664581
0.500824 0.500701
0.35842 0.642702
0.169736 0.830271
0.262985 0.737125
0.0728341 0.927171
0.106203 0.893801
0.175794 0.824217
0.984045 0.0159817
0.545752 0.454429
0.0460294 0.953979
0.257144 0.742981
0.0266158 0.97339
0.633845 0.366877
0.112853 0.887151
0.364582 0.637072
0.938381 0.0622319
0.468263 0.535621
0.157198 0.842808
0.239308 0.760757
0.824297 0.175911
0.320824 0.679577
0.329544 0.670911
0.392817 0.610222
0.131913 0.868093
0.626556 0.373607
0.418201 0.584068
0.0134388 0.986571
0.144634 0.85537
0.410176 0.59198
0.37781 0.623703
0.15086 0.84915
0.424609 0.578362
0.0795581 0.920447
0.440343 0.565141
0.620492 0.37965
0.226273 0.773781
0.0593967 0.940606
0.639963 0.365083
0.296769 0.703501
0.0201114 0.979892
0.610101 0.389924
0.399856 0.603036
0.76513 0.235281
0.519381 0.480954
0.289568 0.710761
0.0527196 0.947284
0.574887 0.425353
0.553927 0.446294
0.00432594 0.995686
0.18219 0.817827
0.282405 0.717915
0.386283 0.616319
0.200534 0.799496
0.456104 0.554409
0.535175 0.465108
0.510214 0.491424
0.119132 0.880873
0.0930635 0.906941
0.232823 0.767248
0.591581 0.408483
0.206985 0.793061
0.487708 0.514047
0.194137 0.805893
0.311772 0.688577
0.584858 0.415254
0.570306 0.429952
0.125461 0.874543
0.601204 0.398893
0.82233 0.178464
0.481321 0.52038
