0.327462 0.67259
0.103772 0.896228
0.501786 0.498524
0.333851 0.666191
0.273836 0.72619
0.549269 0.457888
0.226351 0.773654
0.0719588 0.928041
0.191241 0.80876
0.391477 0.608622
0.152683 0.847317
0.292327 0.707682
0.373329 0.626727
0.82119 0.179466
0.267596 0.73244
0.147078 0.852922
0.439197 0.561074
0.0826794 0.917321
0.0932794 0.906721
0.0231365 0.976863
0.26154 0.738478
0.114368 0.885632
0.202505 0.797499
0.561899 0.455549
0.196834 0.803168
0.109021 0.890979
0.0118567 0.988143
0.279997 0.720028
0.445839 0.554715
1 1.31794e-13
0.0286209 0.971379
0.017492 0.982508
0.185598 0.814403
0.0395902 0.96041
0.0985228 0.901477
0.397398 0.602713
0.255525 0.744481
0.316088 0.683944
0.286054 0.713962
0.163716 0.836285
0.806092 0.193932
0.417051 0.583234
0.410303 0.589898
0.526183 0.474814
0.51571 0.484846
0.050455 0.949545
0.404061 0.5962
0.174588 0.825413
0.158236 0.841765
0.483265 0.516979
0.460078 0.540077
0.232361 0.767649
0.00620036 0.9938
0.298331 0.701698
0.496298 0.504248
0.169178 0.830823
0.0340904 0.96591
0.921914 0.0782726
0.0879652 0.912035
0.141537 0.858463
0.00054335 0.999457
0.340448 0.659633
0.0665409 0.933459
0.21426 0.785744
0.801703 0.199695
0.423841 0.576522
0.243872 0.756138
0.180053 0.819948
0.814668 0.185557
0.489594 0.510776
0.474911 0.525222
0.537543 0.464608
0.454489 0.545894
0.135952 0.864048
0.928767 0.071401
0.304339 0.695712
0.385462 0.614689
0.467074 0.533207
0.531958 0.468857
0.238197 0.76181
0.430841 0.56957
0.0773398 0.92266
0.130476 0.869524
0.36012 0.639936
0.249664 0.750347
0.0612031 0.938797
0.220296 0.779711
0.125024 0.874976
0.366995 0.633078
0.0558136 0.944186
0.50807 0.492508
0.379428 0.620753
0.0450241 0.954976
0.321854 0.678184
0.11966 0.88034
0.310408 0.689614
0.52068 0.479556
0.208327 0.791677
0.353568 0.646549
0.347041 0.653179
