0.258806 0.741207
0.523587 0.476727
0.468802 0.531705
0.253022 0.746983
0.811594 0.188457
0.201112 0.79889
0.540843 0.459574
0.53006 0.470144
0.30001 0.700013
0.44739 0.552911
0.160246 0.839755
0.21254 0.787463
0.476176 0.524338
0.35901 0.64107
0.110984 0.889016
0.832678 0.173794
0.572816 0.442629
0.264757 0.735262
0.305933 0.694096
0.389415 0.610683
0.247239 0.752771
0.294192 0.705827
0.189516 0.810488
8.62102e-13 1
0.453576 0.546552
0.0945498 0.90545
0.421873 0.578443
0.0189226 0.981077
0.395858 0.604385
0.323386 0.676675
0.149001 0.850999
0.235576 0.764427
0.440522 0.559695
0.132577 0.867423
0.100065 0.899935
0.489922 0.510255
0.143483 0.856517
0.0311502 0.96885
0.49636 0.503848
0.229681 0.770324
0.171753 0.828249
0.0372056 0.962794
0.054995 0.945005
0.127194 0.872806
0.353127 0.646918
0.434712 0.56557
1 1.82665e-11
0.428646 0.571723
0.94128 0.0662939
0.0778847 0.922115
0.0607616 0.939238
0.460238 0.540299
0.4846 0.515811
0.55544 0.448044
0.0890417 0.910958
0.138012 0.861988
0.402765 0.597575
0.105538 0.894462
0.506672 0.493459
0.0250581 0.974942
0.801956 0.198489
0.270674 0.729336
0.0722253 0.927775
0.218147 0.781856
0.383198 0.616938
0.409796 0.590404
0.341208 0.658869
0.932382 0.0676711
0.282754 0.717266
0.154642 0.845358
0.183623 0.816381
0.0490868 0.950913
0.415682 0.584534
0.241385 0.758622
0.16602 0.833981
0.121791 0.87821
0.0432447 0.956755
0.0126622 0.987338
0.311854 0.688178
0.11638 0.88362
0.347024 0.653032
0.365029 0.635056
0.2767 0.723312
0.195366 0.804638
0.820449 0.179663
0.223881 0.776124
0.513417 0.486972
0.083478 0.916522
0.371205 0.628915
0.329234 0.670834
0.335147 0.664916
0.288607 0.71141
0.0665116 0.933488
0.54593 0.454375
0.00643448 0.993566
0.177569 0.822434
0.921824 0.0784173
0.377137 0.622935
0.317556 0.682466
0.206878 0.793122
