0.880089 0.119937
0.7166 0.283445
0.701451 0.298613
0.712974 0.287044
0.706702 0.293341
0.718934 0.281104
0.72324 0.276842
0.720154 0.279945
0.970695 0.02933
0.967961 0.0320486
0.702011 0.298108
0.719331 0.280704
0.717566 0.282474
0.964317 0.0359323
0.964588 0.0354667
0.700059 0.300044
0.870435 0.129917
0.880718 0.119383
0.699565 0.300575
0.714577 0.285457
0.878025 0.121985
0.873532 0.126485
0.715259 0.284754
0.697627 0.3041
0.967497 0.0325131
0.700521 0.299542
0.715686 0.284323
0.966678 0.0333522
0.874344 0.125722
0.711657 0.288366
0.871098 0.12897
0.703959 0.296088
0.710538 0.289475
0.721556 0.278497
0.709959 0.290066
0.965733 0.0342834
0.723732 0.276384
0.702401 0.297627
0.703292 0.29676
0.965196 0.0348354
0.722731 0.277332
0.71342 0.286595
0.700957 0.299134
0.712568 0.287442
0.875431 0.124577
0.705231 0.294794
0.875004 0.125011
0.879495 0.120526
0.71852 0.281512
0.873978 0.126041
0.871343 0.128711
0.967157 0.0328583
0.71705 0.282969
0.870518 0.129755
0.87608 0.123933
0.878862 0.12115
0.706289 0.293771
0.711077 0.288948
0.702897 0.297182
0.707805 0.292247
0.72419 0.276086
0.969112 0.0309027
0.707379 0.292634
0.708502 0.291584
0.721163 0.27887
0.887298 0.118707
0.725743 0.275564
0.969774 0.0302416
0.964315 0.037312
0.966199 0.0338128
0.697999 0.302276
0.697531 0.304605
0.724723 0.275788
0.705934 0.29408
0.881019 0.119043
0.69861 0.301667
0.709367 0.290649
0.722265 0.277825
0.708921 0.291144
0.697854 0.302642
0.876468 0.123546
0.877373 0.122632
0.878496 0.121513
0.720804 0.279219
0.971341 0.0287346
0.719653 0.280381
0.872722 0.127322
0.968468 0.031536
0.704651 0.295422
0.87205 0.12798
0.881635 0.118745
0.873269 0.126775
0.716095 0.283917
0.7141 0.285911
0.69926 0.300972
0.970487 0.0295528
0.712062 0.287948
0.718146 0.281867
0.876972 0.12303
0.704304 0.295711
