0.981029 0.0189726
0.980428 0.019575
0.980695 0.0193064
0.981702 0.0183303
0.980142 0.0198723
0.981463 0.0185424
0.98067 0.0193305
0.980564 0.0194398
0.981619 0.0183894
0.981013 0.018988
0.980178 0.0198301
0.980632 0.0193701
0.981526 0.0184824
0.980474 0.0195274
0.980516 0.0194862
0.981113 0.0188909
0.981815 0.0182986
0.980891 0.01911
0.981193 0.0188095
0.981315 0.0186881
0.981658 0.0183547
0.980031 0.0200341
0.981568 0.01844
0.981044 0.0189581
0.981484 0.0185199
0.980389 0.0196138
0.980407 0.0195958
0.980194 0.0198122
0.980354 0.0196524
0.980283 0.0197196
0.980738 0.019263
0.981441 0.0185662
0.981226 0.0187766
0.980924 0.0190777
0.980752 0.0192486
0.980834 0.0191666
0.980721 0.0192794
0.980798 0.019203
0.981061 0.0189418
0.981504 0.0185028
0.981096 0.0189056
0.980956 0.0190454
0.981364 0.0186394
0.980584 0.0194181
0.98155 0.0184578
0.98087 0.0191308
0.980011 0.0201527
0.980079 0.019936
0.980941 0.0190627
0.980016 0.0200897
0.981294 0.0187096
0.98049 0.0195134
0.981177 0.0188242
0.980341 0.0196728
0.981129 0.0188755
0.981638 0.0183701
0.980549 0.0194545
0.980298 0.0197084
0.980461 0.0195419
0.981346 0.0186575
0.981749 0.0183086
0.980531 0.0194702
0.980856 0.0191453
0.981759 0.0183059
0.981384 0.0186213
0.980227 0.0197774
0.981156 0.0188455
0.98077 0.0192301
0.98133 0.0186724
0.980317 0.0196946
0.981422 0.0185832
0.980052 0.0199869
0.980648 0.0193535
0.980252 0.0197518
0.981142 0.0188601
0.981588 0.0184218
0.9801 0.01991
0.980601 0.0194004
0.981275 0.0187273
0.980972 0.0190299
0.981604 0.0184044
0.980369 0.019637
0.980067 0.0199534
0.980815 0.0191857
0.980002 0.0214034
0.98091 0.0190921
0.980992 0.0190089
0.98108 0.0189227
0.980118 0.0198945
0.981211 0.0187922
0.98021 0.0197942
0.980008 0.0207113
0.980615 0.0193865
0.981261 0.0187418
0.981407 0.0186005
0.980267 0.0197354
0.980159 0.0198493
0.981242 0.0187607
0.981861 0.0182921
0.980445 0.0195599
