0.89472 0.105284
0.891711 0.108403
0.980484 0.0195184
0.980679 0.0193232
0.758118 0.242072
0.892506 0.107524
0.751464 0.248545
0.755525 0.244493
0.751197 0.248811
0.750176 0.249835
0.750393 0.249621
0.893391 0.106615
0.747748 0.252279
0.893928 0.106074
0.744125 0.256653
0.894195 0.105814
0.89111 0.109259
0.979023 0.0210027
0.752241 0.247766
0.89734 0.102692
0.753751 0.246265
0.97836 0.0217085
0.982205 0.017816
0.749534 0.250486
0.744018 0.257872
0.898547 0.102285
0.981132 0.0188752
0.892289 0.107755
0.757522 0.242545
0.746002 0.25402
0.747374 0.25267
0.746905 0.253138
0.74817 0.25186
0.744562 0.255576
0.895569 0.10444
0.892695 0.10732
0.749873 0.250137
0.891915 0.108109
0.896474 0.103544
0.756525 0.24351
0.749326 0.250701
0.893745 0.106264
0.753979 0.246028
0.750707 0.249297
0.748581 0.251426
0.979937 0.0200685
0.744059 0.257115
0.980257 0.0197479
0.897876 0.102294
0.897614 0.102458
0.892908 0.107111
0.755785 0.244237
0.746214 0.253842
0.894994 0.10501
0.755983 0.244052
0.757016 0.243031
0.893167 0.10684
0.980916 0.0190898
0.745067 0.254997
0.744815 0.255289
0.979551 0.0204593
0.745597 0.254504
0.756263 0.243758
0.754937 0.245087
0.745221 0.254834
0.758493 0.241826
0.982433 0.0176352
0.753165 0.246837
0.75283 0.247176
0.756719 0.243318
0.757846 0.242259
0.895256 0.10475
0.751971 0.248031
0.754359 0.245654
0.746623 0.253462
0.747986 0.252041
0.757354 0.242723
0.895856 0.104152
0.981931 0.018085
0.897 0.103023
0.754615 0.245392
0.758802 0.241725
0.759702 0.241648
0.979195 0.0208193
0.751733 0.248272
0.896178 0.103831
0.748985 0.251029
0.753506 0.246511
0.891268 0.108847
0.896684 0.103331
0.745834 0.254226
0.981357 0.0186497
0.752642 0.247362
0.755162 0.244859
0.750896 0.249119
0.894542 0.10546
0.981596 0.0184092
0.978339 0.0219706
0.747118 0.252904
0.744292 0.256085
