0.0168175 0.983183
0.0886868 0.911313
0.406312 0.593823
0.306715 0.693303
0.00562825 0.994372
0.162599 0.837402
0.922038 0.077995
0.394217 0.605861
0.301315 0.698725
0.0942716 0.905728
0.277797 0.722355
0.211162 0.788844
0.252108 0.747911
0.80236 0.197759
0.318082 0.681973
0.0444166 0.955583
0.228321 0.771688
0.486074 0.514391
0.0665271 0.933473
0.54864 0.470621
0.284512 0.715503
0.519047 0.483709
0.81131 0.188818
0.18949 0.810511
0.0112295 0.988771
0.329661 0.670374
0.383357 0.616727
0.419772 0.580525
1 8.34209e-12
0.240521 0.759484
0.0223507 0.977649
0.451563 0.548812
0.246462 0.753552
0.234491 0.765514
0.0720213 0.927979
0.184011 0.81599
0.378146 0.621929
0.372075 0.628096
0.0278861 0.972114
0.157028 0.842974
0.0830989 0.916901
3.42558e-13 1
0.111528 0.888472
0.178577 0.821424
0.16786 0.832142
0.778931 0.222741
0.0775402 0.92246
0.0499367 0.950063
0.257711 0.742305
0.134653 0.865348
0.341334 0.658751
0.335455 0.664589
0.445428 0.554708
0.400327 0.599775
0.465823 0.534452
0.12904 0.87096
0.205639 0.794363
0.173169 0.826832
0.426321 0.573785
0.055461 0.944539
0.264564 0.735555
0.439498 0.560826
0.271546 0.728543
0.0334084 0.966592
0.781912 0.219775
0.28991 0.710108
0.295548 0.704481
0.22242 0.777591
0.0609853 0.939015
0.216788 0.78322
0.140337 0.859664
0.194903 0.805098
0.504232 0.496643
0.413127 0.587311
0.365563 0.634535
0.105671 0.894329
0.926037 0.0740602
0.151597 0.848404
0.34713 0.652962
0.145953 0.854048
0.51054 0.49084
0.117251 0.882749
0.495554 0.505629
0.433229 0.566922
0.471673 0.528699
0.0389152 0.961085
0.388905 0.611194
0.312552 0.687487
0.458804 0.541966
0.537735 0.471683
0.359211 0.640877
0.531246 0.475283
0.353143 0.646941
0.324064 0.675963
0.200265 0.799736
0.990747 0.0094572
0.123149 0.876852
0.479539 0.520839
0.909221 0.090966
0.0999674 0.900033
