0.326453 0.673584
0.00636312 0.993637
0.822008 0.178485
0.201778 0.798246
0.513162 0.487299
0.534521 0.467492
0.420818 0.579512
0.295295 0.704736
0.241889 0.758158
0.0126401 0.98736
0.183146 0.816863
0.165461 0.83454
0.278063 0.721959
0.441417 0.558971
0.131095 0.868905
0.0364288 0.963571
0.119904 0.880096
0.399374 0.600762
0.256026 0.743981
0.10892 0.891081
0.356144 0.644006
0.0814001 0.9186
0.471102 0.529351
0.214456 0.785554
0.177172 0.822832
0.457828 0.542464
0.350276 0.649796
0.386587 0.613585
0.413059 0.587069
0.272335 0.727693
0.142447 0.857553
0.2366 0.763431
0.333069 0.666972
1.03763e-13 1
0.246383 0.753657
0.307217 0.692826
0.483526 0.517107
0.159645 0.840356
0.427555 0.572704
0.28404 0.71597
0.266343 0.733673
0.406505 0.59366
0.559697 0.456142
0.808362 0.191729
0.0307224 0.969278
0.171379 0.828625
0.103449 0.896551
0.114396 0.885604
0.189283 0.810733
0.220324 0.779679
0.519637 0.48093
0.373657 0.626487
0.344394 0.655635
0.148185 0.851815
0.801634 0.199786
0.125479 0.874521
0.0924972 0.907503
0.0248492 0.975151
0.571647 0.453378
0.0591078 0.940892
0.478065 0.522308
0.260859 0.739164
0.36783 0.632253
0.497553 0.503009
0.36191 0.638128
0.250782 0.749244
0.526505 0.473678
0.208224 0.791785
0.136758 0.863243
0.465156 0.535607
0.393118 0.606981
0.0189251 0.981075
0.300944 0.699085
0.491511 0.508992
0.231585 0.768425
0.0869753 0.913025
0.379819 0.62034
0.0534895 0.946511
0.921493 0.0809138
0.313697 0.686409
1 1.26311e-12
0.289899 0.710119
0.503749 0.496885
0.433679 0.566732
0.0702415 0.929758
0.812062 0.18807
0.0478687 0.952131
0.320641 0.679498
0.933137 0.067132
0.0758317 0.924168
0.548972 0.460581
0.927201 0.0729018
0.0979602 0.90204
0.225908 0.774098
0.153919 0.846082
0.338626 0.661423
0.04217 0.95783
0.0646755 0.935324
0.450339 0.549824
0.19536 0.804662
