0.598867 0.401309
0.62895 0.371075
0.623455 0.376625
0.834354 0.174291
0.848067 0.151968
0.590251 0.410786
0.586946 0.417367
0.636306 0.363728
0.941941 0.0581552
0.841081 0.15895
0.640647 0.359377
0.653045 0.34716
0.644358 0.355704
0.631552 0.368505
0.645394 0.354679
0.588745 0.412452
0.598006 0.402158
0.947152 0.0528689
0.612037 0.388061
0.950598 0.0494141
0.607479 0.39267
0.954197 0.0469724
0.587448 0.414872
0.650115 0.350047
0.657431 0.34497
0.650958 0.349193
0.648047 0.352008
0.943269 0.0567784
0.850374 0.149662
0.643396 0.356683
0.94942 0.0506019
0.586878 0.458872
0.837943 0.162122
0.614746 0.385333
0.634781 0.36524
0.605499 0.394656
0.629765 0.370306
0.613001 0.387127
0.651842 0.348271
0.84307 0.156943
0.610355 0.38974
0.646781 0.353356
0.945099 0.0549493
0.603566 0.396492
0.845371 0.154655
0.639722 0.360335
0.601414 0.39879
0.840015 0.160027
0.604672 0.395556
0.618469 0.381568
0.606303 0.393745
0.613852 0.386222
0.627686 0.372391
0.608756 0.391409
0.622542 0.37756
0.59306 0.407306
0.594101 0.406256
0.58655 0.471036
0.64175 0.358317
0.617181 0.382921
0.649038 0.351039
0.621364 0.378651
0.595219 0.404875
0.596096 0.404054
0.655443 0.345487
0.838991 0.161037
0.853881 0.146571
0.851793 0.148255
0.626609 0.37345
0.624666 0.375353
0.842435 0.157592
0.836498 0.163646
0.61613 0.383991
0.619767 0.380293
0.654624 0.345835
0.602695 0.397465
0.592162 0.408304
0.642534 0.357477
0.633937 0.366094
0.637347 0.362697
0.948513 0.0514964
0.609447 0.39064
0.852692 0.14738
0.943792 0.0562443
0.835089 0.166182
0.953414 0.0470329
0.835902 0.164181
0.632741 0.367279
0.849163 0.150863
0.94599 0.0540413
0.630796 0.369243
0.638788 0.361299
0.9518 0.0482655
0.600496 0.399674
0.846493 0.15352
0.597191 0.402963
0.591146 0.409359
0.625383 0.374651
0.611143 0.388912
0.844082 0.155938
