0.885031 0.114983
0.72943 0.270628
0.976562 0.0234511
0.732413 0.267599
0.742898 0.257324
0.89118 0.109668
0.971941 0.0281467
0.736758 0.263259
0.727238 0.272837
0.742267 0.257831
0.89062 0.109708
0.881643 0.120807
0.889506 0.110512
0.725156 0.274901
0.738482 0.261541
0.884192 0.115829
0.738162 0.261851
0.884483 0.115539
0.972612 0.0274075
0.729097 0.270983
0.730209 0.269803
0.974131 0.0258756
0.731025 0.268993
0.882553 0.117472
0.742798 0.257411
0.73394 0.266071
0.725828 0.274204
0.734292 0.265719
0.732822 0.267202
0.733542 0.266512
0.72488 0.275193
0.728056 0.272076
0.733119 0.266901
0.977022 0.0229981
0.727529 0.272483
0.723625 0.277304
0.981598 0.0229939
0.723801 0.276986
0.888316 0.111688
0.972238 0.0277985
0.975762 0.0242442
0.735577 0.264428
0.734937 0.26507
0.97168 0.0287483
0.887875 0.112137
0.74099 0.259031
0.735247 0.26477
0.975418 0.0245896
0.724544 0.275586
0.973772 0.0262331
0.887287 0.11272
0.738973 0.261071
0.739607 0.260414
0.734568 0.265443
0.886949 0.113057
0.725453 0.274606
0.731585 0.268434
0.974888 0.0251196
0.739298 0.260756
0.886286 0.113722
0.733378 0.26663
0.737383 0.262626
0.881661 0.118746
0.889156 0.110855
0.741949 0.2581
0.72624 0.273785
0.886592 0.113413
0.882248 0.117782
0.881827 0.118267
0.740661 0.259412
0.728768 0.271302
0.740364 0.259648
0.883149 0.116865
0.743257 0.257069
0.885904 0.114103
0.741682 0.25839
0.744308 0.25683
0.887538 0.112469
0.728461 0.271625
0.730616 0.269421
0.741278 0.25878
0.889716 0.110392
0.974517 0.0254874
0.732128 0.267898
0.88538 0.11463
0.724123 0.276131
0.888835 0.111178
0.737077 0.262946
0.976173 0.0238327
0.72698 0.273135
0.737781 0.26224
0.739904 0.26013
0.736132 0.263886
0.731279 0.26874
0.729722 0.270316
0.723906 0.276811
0.973372 0.0266585
0.884779 0.115226
0.726542 0.273522
0.73643 0.263578
