0.409018 0.591396
0.45049 0.549775
0.921867 0.0784115
0.0072511 0.992749
0.065843 0.934157
0.304832 0.695188
0.3798 0.620324
0.499271 0.501435
0.223881 0.776127
0.356203 0.644041
0.827363 0.172688
0.251004 0.749009
0.180661 0.81934
0.109162 0.890838
0.285701 0.714336
0.933385 0.0670659
0.174763 0.825238
0.145313 0.854687
0.0337579 0.966242
0.258008 0.742011
0.510075 0.490197
0.532554 0.467638
0.133334 0.866666
0.557066 0.443023
0.541173 0.459046
0.0969781 0.903022
0.547053 0.453036
0.455845 0.544765
0.115256 0.884744
0.48983 0.510931
0.474767 0.526037
0.186612 0.813389
0.278967 0.721085
0.463633 0.537376
0.192638 0.807364
0.0721603 0.92784
0.0466994 0.953301
0.599226 0.400881
0.157172 0.842828
0.579807 0.420314
0.838494 0.161832
0.615225 0.390328
0.482339 0.51811
0.162996 0.837005
0.000468083 0.999532
0.0908016 0.909198
0.468494 0.531863
0.567684 0.432404
0.0271336 0.972866
0.244008 0.756004
0.802189 0.198139
0.0531359 0.946864
0.349874 0.650309
0.272096 0.727936
0.401291 0.598863
0.317627 0.682473
0.361544 0.638635
0.204847 0.795156
0.0846229 0.915377
0.103084 0.896916
0.217388 0.782622
0.336838 0.66324
0.367309 0.632803
0.519464 0.480672
0.605816 0.394598
0.311277 0.688758
0.525152 0.474963
0.330258 0.669801
0.230466 0.769545
0.121306 0.878694
0.0204968 0.979503
1 7.53875e-10
0.237142 0.762871
0.430384 0.570141
0.818426 0.18202
0.15124 0.848761
0.139317 0.860683
0.943538 0.0567917
0.16886 0.831141
0.437841 0.562974
0.386659 0.613581
0.265112 0.734907
0.444261 0.556269
0.211053 0.788953
0.0139143 0.986086
0.0784109 0.921589
0.059469 0.940531
0.393447 0.606966
0.298534 0.701507
0.343611 0.656538
0.416918 0.583745
0.198708 0.801295
0.373742 0.626378
0.423453 0.576809
0.127319 0.872681
0.590052 0.410045
0.292062 0.707979
0.323855 0.676239
0.573958 0.426158
0.0402009 0.959799
