0.120647 0.879353
0.246644 0.753369
0.324431 0.675602
0.0298766 0.970123
0.00608333 0.993917
0.737603 0.263056
0.304866 0.695174
0.132724 0.867277
0.374167 0.625983
0.0657532 0.934247
0.0357529 0.964247
0.071859 0.928141
0.487851 0.512501
0.317958 0.682093
0.284985 0.715058
0.330625 0.669452
0.194506 0.805496
0.930055 0.0702138
0.802003 0.198475
0.518542 0.481715
0.355111 0.644967
0.732816 0.267849
0.223662 0.776343
0.25253 0.747485
0.567427 0.433004
0.0476672 0.952333
0.0597243 0.940276
0.0416393 0.958361
0.511626 0.488644
0.50269 0.497659
0.217898 0.782107
0.258708 0.741301
0.151226 0.848774
0.812754 0.187485
0.0536739 0.946326
0.479538 0.521116
0.02396 0.97604
0.586265 0.419678
0.577373 0.423615
0.291542 0.708509
0.240914 0.759092
0.212105 0.787898
0.400481 0.599699
0.438091 0.562177
0.126659 0.873341
0.422546 0.577926
0.265111 0.734902
0.430156 0.570214
0.163765 0.836237
0.342741 0.657333
0.235116 0.764891
0.271467 0.72855
0.407077 0.593139
0.311544 0.688484
0.20049 0.799512
0.8218 0.178948
0.463245 0.537072
0.0779603 0.92204
0.182635 0.817367
0.381091 0.619011
0.138804 0.861196
0.921984 0.0780985
0.336728 0.663338
0.974542 0.0254886
0.0964367 0.903563
0.0841062 0.915894
0.17641 0.823591
0.114643 0.885357
1 5.15487e-12
0.0120433 0.987957
0.144964 0.855037
0.102609 0.897391
0.523389 0.476852
0.361175 0.638912
0.552112 0.448012
0.559113 0.441169
0.0180105 0.981989
0.278218 0.721815
0.494995 0.505277
0.0903026 0.909697
0.29836 0.701676
0.229264 0.77074
0.10864 0.89136
0.471449 0.52927
0.188629 0.811373
0.538103 0.461992
0.387154 0.612969
0.414824 0.585676
2.11004e-13 1
0.446997 0.553339
0.367542 0.63263
0.455911 0.54463
0.348842 0.651291
0.157441 0.842559
0.206299 0.793703
0.393635 0.606565
0.885942 0.114086
0.54301 0.457087
0.170057 0.829946
0.530209 0.470013
