0.981918 7.08891e-17 0.189308
0.893865 8.12581e-30 0.448337
0.55343 3.99546e-17 0.832896
0.523188 3.77713e-17 0.852217
0.985637 7.84627e-17 0.168877
0.801597 2.33293e-29 0.597864
0.248425 1.97761e-17 0.968651
0.918226 7.30964e-17 0.396057
0.413543 2.98555e-17 0.910485
0.657701 2.33293e-29 0.753279
0.481374 3.47526e-17 0.876515
0.639386 5.08991e-17 0.768886
0.719534 5.72793e-17 0.694457
0.308972 2.45961e-17 0.951071
0.648594 4.68249e-17 0.761134
0.969579 1.25705e-29 0.244779
0.887479 7.06488e-17 0.460847
0.973891 7.03096e-17 0.227016
0.832002 3.13106e-17 0.554773
0.753346 8.12581e-30 0.657624
0.710914 2.13344e-29 0.703279
0.459614 3.65881e-17 0.888119
0.512907 1.25705e-29 0.858444
0.533355 3.85053e-17 0.845892
0.77785 5.61565e-17 0.62845
0.950809 7.56902e-17 0.309778
0.376545 2.99753e-17 0.926398
0.139041 5.23252e-18 0.990287
0.215281 1.25747e-29 0.976552
0.294439 1.25705e-29 0.95567
0.437022 3.15506e-17 0.899451
0.860685 4.942e-18 0.509137
0.425378 2.13344e-29 0.905016
0.940496 6.78987e-17 0.339804
0.745013 5.93076e-17 0.66705
0.880969 8.12581e-30 0.473173
0.611461 4.41441e-17 0.791274
0.197728 1.25705e-29 0.980257
0.912323 5.2385e-18 0.409471
0.159798 1.15366e-17 0.98715
0.0911443 6.58012e-18 0.995838
0.563317 4.48435e-17 0.826241
0.935136 2.33293e-29 0.354288
0.33692 2.43238e-17 0.941533
0.264154 1.90704e-17 0.964481
0.945726 6.82762e-17 0.324966
0.502531 3.628e-17 0.864559
0.573144 2.33293e-29 0.819455
0.769807 1.25705e-29 0.638276
0.582803 2.19325e-17 0.812614
0.846566 4.86093e-18 0.532283
0.401449 2.30509e-18 0.915881
6.12381e-17 2.17081e-29 1
0.630137 4.54924e-17 0.776484
0.0607778 4.38782e-18 0.998151
0.989139 5.67957e-18 0.146984
0.279523 1.25705e-29 0.960139
0.666741 8.12581e-30 0.745289
0.992389 1.25705e-29 0.123143
0.900142 6.49853e-17 0.435596
0.448425 3.23738e-17 0.89382
0.955714 5.48765e-18 0.294297
1 1.25705e-29 1.14543e-20
0.702255 5.06989e-17 0.711926
0.90629 6.54292e-17 0.422656
0.728114 2.7401e-17 0.685456
0.761627 5.49853e-17 0.648016
0.997932 7.94415e-17 0.0642854
0.977998 1.25705e-29 0.208615
0.232132 1.67586e-17 0.972684
0.793768 4.55777e-18 0.60822
0.363636 8.12581e-30 0.931541
0.693499 2.13344e-29 0.720458
0.601946 8.12581e-30 0.798537
0.960485 7.64605e-17 0.278333
0.592446 4.27714e-17 0.80561
0.867558 3.26487e-17 0.497336
0.492041 3.55226e-17 0.870572
0.323125 2.57227e-17 0.946356
0.736593 5.86373e-17 0.676336
0.96511 2.13344e-29 0.261844
0.839343 6.05959e-17 0.543603
0.179268 1.25705e-29 0.9838
0.853679 4.90177e-18 0.520799
0.929633 3.49847e-17 0.368488
0.824551 4.73452e-18 0.565788
0.684685 2.13344e-29 0.728839
0.350426 2.78961e-17 0.93659
0.470574 3.39729e-17 0.88236
0.675744 5.37934e-17 0.737136
0.389119 2.13344e-29 0.921187
0.816997 5.89827e-17 0.576641
0.809341 4.64718e-18 0.58734
0.995341 8.12581e-30 0.0964125
0.62093 4.48277e-17 0.783866
0.785861 5.67349e-17 0.618403
0.543445 4.32615e-17 0.839445
0.116443 8.40651e-18 0.993197
0.92398 3.4772e-17 0.382442
0.874324 2.33293e-29 0.485343
