0.268573 2.38562e-29 0.963259
0.521602 0.85341 0.00296202
0.897867 2.53006e-29 0.440268
0.683599 2.06383e-29 0.729858
0.453744 2.33501e-17 0.891132
0.854329 0.522654 0.00246291
0.538629 1.51666e-17 0.842543
0.798571 1.19224e-17 0.6019
0.541259 0.841891 8.84209e-05
0.834394 0.551969 0.00479544
0.772792 2.17601e-17 0.63466
0.299521 0.954777 0.00888674
0.870956 0.493689 0.00581145
0.765946 0.644056 0.000357244
0.484416 0.875339 0.00425502
0.734107 2.19145e-17 0.679034
0.48899 1.28851e-29 0.872289
0.886827 0.463844 0.0114348
0.708341 0.706296 0.00118001
0.217507 1.43326e-29 0.976059
0.585992 3.01557e-17 0.810317
0.18266 0.983819 0.00719876
0.615598 3.16793e-17 0.78806
0.691047 0.723763 0.00167781
0.630215 1.77455e-17 0.776421
0.336619 1.01864e-17 0.941641
0.416826 1.17369e-17 0.908986
0.90431 0.427957 0.00361206
0.397651 3.13167e-29 0.917537
0.24762 0.969203 0.000959103
0.785778 2.21258e-17 0.618508
0.0645497 0.998191 0.000617943
0.55973 0.829064 0.000679764
1 2.42637e-29 7.47615e-20
0.59868 0.801942 0.0251599
0.655757 0.755349 0.0158674
0.94572 4.86676e-17 0.324984
0.327356 0.945574 0.0103303
0.953495 0.30343 0.00332701
0.12857 0.992356 0.0175191
0.292172 2.73333e-29 0.956366
0.243699 1.63334e-29 0.969851
0.501008 0.865639 0.00400548
0.708855 2.06383e-29 0.705355
0.781469 0.625025 0.000726744
0.9238 0.385948 0.000237787
0.92147 2.59466e-17 0.388448
0.811521 2.28507e-17 0.584323
0.938406 0.346857 0.00135771
0.747055 0.665369 0.00117195
0.909903 4.68245e-17 0.414822
0.579217 0.815721 0.00187978
0.824427 4.24258e-17 0.565968
0.437529 0.899502 0.00124017
0.670712 1.09109e-29 0.741718
0.357864 0.934218 0.00430796
0.570467 2.93568e-17 0.821321
0.800568 0.600202 0.00131192
0.849409 1.43326e-29 0.527735
6.1283e-17 2.59786e-29 1
0.991597 2.79212e-17 0.129365
0.873945 2.46084e-17 0.486026
0.657463 3.38337e-17 0.753487
0.981033 2.76238e-17 0.19384
0.38405 0.924124 0.00255739
0.357409 1.83926e-17 0.933948
0.746558 2.10214e-17 0.665321
0.673443 0.73962 0.0162439
0.377817 1.28851e-29 0.92588
0.721351 2.06383e-29 0.69257
0.726143 0.688557 0.0015464
0.600843 1.69184e-17 0.799367
0.411713 0.911966 0.00247294
0.617633 0.786497 0.0194453
0.158584 8.16089e-18 0.987345
0.435423 6.50069e-18 0.900226
0.124113 2.57764e-29 0.992268
0.314815 4.70006e-18 0.949153
0.957765 2.50276e-29 0.287553
0.522457 2.68862e-17 0.852665
0.816047 0.578245 0.00310209
0.189365 5.33211e-18 0.981907
0.968928 2.42637e-29 0.247343
0.759647 2.139e-17 0.650336
4.63447e-05 1.00138 7.45648e-05
0.837098 2.53006e-29 0.547052
0.471566 2.42672e-17 0.881831
0.462135 0.887184 0.000807824
0.636827 0.771271 0.0164078
0.0827906 4.26048e-18 0.996567
0.50593 1.42459e-17 0.862574
0.696423 1.28851e-29 0.717631
0.861799 2.42664e-17 0.507251
0.933524 2.42637e-29 0.358515
0.885805 1.32247e-17 0.464057
0.643941 3.31378e-17 0.765076
0.554622 2.85414e-17 0.832102
0.211953 0.977538 0.0051722
0.272962 0.962309 0.00692196
0.971653 0.244328 0.013198
