0.962704 6.50407e-17 0.270555
0.947752 2.68519e-29 0.319009
0.56715 3.83169e-17 0.823614
0.773388 2.68519e-29 0.633933
0.994966 6.72203e-17 0.100214
0.494987 2.68519e-29 0.8689
0.596776 2.68519e-29 0.802408
0.061831 1.49602e-17 0.998087
0.859203 3.47863e-17 0.511634
0.473449 1.25521e-29 0.880821
0.32723 2.21078e-17 0.944945
0.997764 6.74094e-17 0.0668283
0.832274 5.62288e-17 0.554365
0.931763 3.7724e-17 0.363068
0.97634 2.68519e-29 0.21624
0.6987 2.68519e-29 0.715414
0.577067 2.33635e-17 0.816696
0.313091 2.68519e-29 0.949723
0.781133 5.27737e-17 0.624365
0.671884 2.68519e-29 0.740656
0.252318 1.80199e-29 0.967644
0.644356 4.3533e-17 0.764725
0.902977 6.10055e-17 0.429689
0.908929 2.68519e-29 0.416951
0.354285 2.39357e-17 0.935137
0.505577 2.02222e-17 0.862781
0.428519 2.89509e-17 0.903533
0.392614 2.65252e-17 0.919703
0.845935 5.71517e-17 0.533286
0.516135 3.48703e-17 0.856507
0.818209 3.31266e-17 0.57492
0.957845 2.68519e-29 0.287285
0.757551 1.62959e-29 0.652776
0.896941 6.05977e-17 0.442151
0.484311 3.27202e-17 0.874896
0.803719 5.42996e-17 0.595009
0.914797 1.80199e-29 0.403914
0.689855 2.79299e-17 0.723948
0.34091 2.3032e-17 0.940096
1 1.80199e-29 8.721e-17
0.547034 2.68519e-29 0.83711
0.971957 1.62959e-29 0.235158
0.707439 2.68519e-29 0.706774
0.942553 6.36793e-17 0.334056
0.380117 1.80199e-29 0.924938
0.367336 2.48174e-17 0.930088
6.1233e-17 4.12406e-29 1
0.451333 2.68519e-29 0.892356
0.852606 5.76025e-17 0.522554
0.118481 4.79688e-18 0.992956
0.182297 1.80199e-29 0.983244
0.724572 4.89524e-17 0.689199
0.991774 6.70047e-17 0.128
0.74128 2.96499e-17 0.671196
0.416801 1.80199e-29 0.908998
0.952856 2.68519e-29 0.303424
0.58695 2.68519e-29 0.809623
0.662799 2.68519e-29 0.748797
0.462456 3.12437e-17 0.886642
0.653629 4.41595e-17 0.756815
0.878425 5.93468e-17 0.477881
0.218764 1.47798e-17 0.975778
0.765521 1.80199e-29 0.643411
0.884694 3.58183e-17 0.466173
0.980523 3.92192e-17 0.196402
0.536828 2.17344e-17 0.843691
0.29859 2.01729e-17 0.954382
0.78876 5.3289e-17 0.614701
0.988274 2.68519e-29 0.152693
0.825287 5.57568e-17 0.564713
0.141481 5.72811e-18 0.989941
0.606394 2.45509e-17 0.795164
0.839152 3.39745e-17 0.543897
0.796306 2.68519e-29 0.604894
0.404811 1.80199e-29 0.9144
0.865699 5.8487e-17 0.500565
0.200964 1.00225e-17 0.979599
0.926183 3.70456e-17 0.377075
0.625518 4.22603e-17 0.780209
0.0927366 6.26533e-18 0.995691
0.872104 5.89197e-17 0.489321
0.93721 3.79445e-17 0.348767
0.557152 2.68519e-29 0.83041
0.680921 4.60033e-17 0.732357
0.52658 3.5576e-17 0.850126
0.984513 6.65141e-17 0.175313
0.716065 1.80199e-29 0.698034
0.811018 3.24392e-17 0.585021
0.9674 3.86942e-17 0.253255
0.235894 1.59371e-17 0.971779
0.283629 2.68519e-29 0.958934
0.634956 4.28979e-17 0.772549
0.162579 6.58229e-18 0.986695
0.440027 2.97284e-17 0.897985
0.268231 1.81218e-17 0.963355
0.749475 2.68519e-29 0.662032
0.732977 4.95203e-17 0.680253
0.920513 3.72685e-17 0.390712
0.615982 4.1616e-17 0.78776
0.890846 6.01859e-17 0.454305
