0.888106 4.5058e-17 0.45964
0.775814 3.4119e-17 0.630962
6.12374e-17 2.47388e-29 1
0.458135 2.63062e-17 0.888883
0.469773 2.69745e-17 0.882787
0.56674 1.89139e-29 0.823897
0.982904 4.32264e-17 0.184118
0.67295 3.86409e-17 0.739688
0.943795 4.15065e-17 0.330531
0.9487 1.98659e-29 0.316178
0.726367 1.21476e-29 0.687307
0.315342 1.88013e-29 0.948978
0.062086 3.56499e-18 0.998071
0.384057 1.94851e-17 0.923309
0.626041 3.17622e-17 0.77979
0.958135 5.50163e-17 0.286316
0.992818 2.59489e-29 0.119631
0.900215 2.13029e-29 0.435446
0.422061 2.42348e-17 0.906568
1 2.59489e-29 6.57654e-21
0.700082 3.07884e-17 0.714063
0.682072 2.99964e-17 0.731285
0.616361 2.71065e-17 0.787464
0.300609 1.32203e-17 0.953747
0.219964 1.21476e-29 0.975508
0.933622 1.89139e-29 0.35826
0.606644 1.24385e-29 0.794974
0.237169 1.20328e-17 0.971468
0.2855 2.13029e-29 0.958379
0.79132 1.88013e-29 0.611402
0.635612 1.88013e-29 0.772008
0.98975 5.02149e-17 0.142814
0.91181 4.00998e-17 0.410613
0.329718 1.88013e-29 0.94408
0.119035 5.23496e-18 0.99289
0.95348 1.21476e-29 0.301455
0.813801 2.1128e-17 0.581144
0.576899 1.88013e-29 0.816816
0.73492 3.72861e-17 0.678154
0.645078 3.2728e-17 0.764117
0.975303 2.59489e-29 0.22087
0.65447 3.32045e-17 0.756088
0.202035 1.21476e-29 0.979378
0.821087 3.43651e-17 0.570803
0.79893 4.58747e-17 0.601424
0.370905 1.88013e-29 0.928671
0.842308 4.83655e-17 0.538996
0.759771 3.17988e-17 0.650191
0.881894 1.21476e-29 0.471448
0.0931715 4.09752e-18 0.99565
0.967011 4.04725e-17 0.254734
0.446295 2.26428e-17 0.894886
0.183161 9.29264e-18 0.983083
0.998049 1.24385e-29 0.0624389
0.357473 1.36419e-29 0.933924
0.869124 4.4095e-17 0.494594
0.717708 3.64129e-17 0.696345
0.535776 1.24385e-29 0.84436
0.767862 1.21476e-29 0.640615
0.514451 2.59489e-29 0.85752
0.163283 1.21476e-29 0.986579
0.938768 1.21476e-29 0.34455
0.269911 1.54983e-17 0.962885
0.962644 4.02897e-17 0.270769
0.596837 2.62479e-17 0.802363
0.409613 2.352e-17 0.912259
0.917447 3.83981e-17 0.397859
0.849194 2.13029e-29 0.528081
0.525185 2.66453e-17 0.850988
0.556541 2.82361e-17 0.83082
0.708939 3.5968e-17 0.705269
0.396945 1.98659e-29 0.917843
0.481205 1.88013e-29 0.876608
0.855935 2.22219e-17 0.517083
0.586917 1.89139e-29 0.809647
0.875555 1.88013e-29 0.483119
0.906069 3.79219e-17 0.42313
0.751601 3.81325e-17 0.659617
0.986436 4.33817e-17 0.164148
0.14211 6.24976e-18 0.989851
0.343747 1.88013e-29 0.939062
0.995606 1.98659e-29 0.0936416
0.253823 1.28777e-17 0.967251
0.979191 4.96793e-17 0.202938
0.663767 2.13029e-29 0.747939
0.828276 3.4666e-17 0.560321
0.783628 3.97574e-17 0.62123
0.928341 5.33055e-17 0.371729
0.806412 1.98659e-29 0.591354
0.862574 4.37627e-17 0.505931
0.743325 3.26901e-17 0.668931
0.691123 3.03944e-17 0.722737
0.971238 1.21476e-29 0.23811
0.492473 2.06116e-17 0.870328
0.546219 1.98659e-29 0.837642
0.894197 2.13029e-29 0.447673
0.503549 2.55475e-17 0.863967
0.835348 4.79658e-17 0.549722
0.434274 1.88013e-29 0.900781
0.922948 4.05897e-17 0.384925
