0.562201 1.59784e-20 0.827001
0.505317 0.851265 0.148572
6.12414e-17 6.69165e-29 1
0.978175 6.59686e-17 0.207785
0.844615 0.521051 0.137113
0.402516 0.90235 0.169221
0.524583 3.56891e-17 0.851359
0.623473 0.769147 0.144527
0.878951 2.39548e-29 0.476912
0.27277 1.83958e-17 0.962079
0.601363 0.786611 0.144936
0.805564 2.39548e-29 0.592509
0.680776 4.63154e-17 0.732492
0.530922 0.835783 0.144672
0.177928 1.2105e-17 0.984044
0.464918 2.39548e-29 0.885354
0.0930828 6.33273e-18 0.995658
0.543631 3.6985e-17 0.839325
0.000219932 0.991173 0.148175
0.857583 0.519425 0.00334501
0.921422 6.21412e-17 0.388562
0.238522 0.95988 0.170414
0.950102 6.40754e-17 0.31194
0.790333 5.33005e-17 0.612678
0.45205 0.877925 0.161797
0.529767 0.849857 0.00442706
0.648654 4.413e-17 0.761084
0.935716 6.31052e-17 0.352754
0.413731 0.912349 0.0112349
0.243533 8.2351e-16 0.969893
0.161745 0.977535 0.143867
0.163366 0.993604 0.000151599
0.942655 0.336318 0.00142905
0.13931 3.37724e-17 0.990249
0.712805 2.39548e-29 0.701362
0.744194 5.06299e-17 0.667964
0.326622 2.43779e-29 0.945155
0.4835 0.878444 0.00102932
0.399235 2.43779e-29 0.916849
0.615087 4.14818e-17 0.788459
0.664895 4.48409e-17 0.746937
0.374461 0.91692 0.147598
0.721279 0.694806 0.00202357
0.300226 2.43779e-29 0.953868
0.893253 6.02415e-17 0.449555
0.820375 2.39548e-29 0.571827
0.0922219 0.98617 0.151634
0.909842 0.417738 0.0106183
0.82588 0.552934 0.119612
0.505088 3.43628e-17 0.863068
0.75729 0.639588 0.144297
0.62462 0.782578 0.00168078
0.228874 0.975129 0.00366015
0.443589 2.43779e-29 0.89623
0.597852 4.06738e-17 0.801606
0.425977 0.890923 0.164968
0.000386952 1.00446 0.00262827
0.554582 0.82054 0.145542
0.864262 2.39548e-29 0.503041
0.974778 0.237618 0.00604688
0.643563 0.752474 0.14681
0.356982 0.936572 0.000475622
0.376092 2.55868e-17 0.926582
0.665881 0.748046 0.0065825
0.696842 4.74084e-17 0.717225
0.83531 5.68289e-17 0.549779
0.485323 1.22898e-26 0.874335
0.779602 0.612057 0.140228
0.589354 0.810305 0.00023402
0.747407 0.66615 0.000853236
0.352001 2.43779e-29 0.936
0.801851 0.583117 0.140031
0.341703 0.928916 0.161515
0.789211 0.619439 0.00400645
0.681312 0.72276 0.130173
0.631943 2.39548e-29 0.775015
0.888689 0.462222 0.0037449
0.0321872 1.00132 0.000707608
0.703265 0.70006 0.126536
0.956643 0.291993 0.000742509
0.203743 0.970178 0.141662
0.990365 2.39548e-29 0.138478
0.731546 0.671379 0.133376
1 2.36738e-29 9.19769e-20
0.580194 2.39548e-29 0.814478
0.212115 1.44309e-17 0.977245
0.421739 2.86923e-17 0.906717
0.964496 6.56178e-17 0.264096
0.578487 0.803591 0.147737
0.308973 0.952943 0.00317893
0.867007 0.481809 0.14539
0.928678 0.376342 0.000482491
0.774912 5.22605e-17 0.632069
0.309143 0.939505 0.15913
0.759735 5.16873e-17 0.650232
0.907061 6.17103e-17 0.421
0.849989 2.39548e-29 0.5268
0.728469 4.95601e-17 0.685079
0.269846 0.951144 0.162027
0.476791 0.864651 0.1633
