0.594301 0.805467 0.00314464
0.78746 9.49315e-30 0.616365
0.946139 0.327204 0.000580984
0.000329171 1.00046 0.000150399
0.237714 2.90441e-18 0.971335
0.15453 9.49315e-30 0.987988
0.894163 1.0925e-17 0.447741
0.453244 0.891695 0.00558406
0.429323 1.11342e-29 0.903151
0.716261 0.69902 0.00237732
0.383434 0.924115 0.000290886
0.780585 0.625606 0.0255175
0.745214 9.49315e-30 0.666826
0.292094 0.957452 0.0123139
0.391018 1.04524e-29 0.920383
0.862353 0.510232 0.00185273
0.143223 0.990373 0.0170387
0.547796 0.83716 0.000787445
0.981706 9.08396e-30 0.190404
0.429607 0.903866 0.000760775
0.250249 0.968665 0.00308282
0.598862 1.31555e-29 0.800852
0.502534 0.865255 0.00125983
0.812338 0.585809 0.00589364
0.21191 1.04524e-29 0.977289
0.466033 9.49315e-30 0.884767
0.518041 1.11342e-29 0.855356
0.932056 1.04524e-29 0.362314
0.583235 1.31555e-29 0.812303
0.480601 0.877405 0.00453826
0.179743 0.984 0.0082282
0.406685 0.914083 0.00145835
0.0686239 0.998034 0.00220512
0.501049 6.12186e-18 0.865419
0.906547 1.32486e-17 0.422105
0.881329 1.288e-17 0.472503
0.21809 0.976484 0.00331104
0.99188 8.93335e-30 0.127176
0.285456 1.67912e-29 0.958392
0.925136 0.381324 0.00208882
0.845099 0.535444 0.0212216
0.329663 9.49315e-30 0.944099
0.567387 1.11342e-29 0.823451
0.907919 0.419995 0.000315211
0.760587 0.648992 0.0264868
0.854851 1.24931e-17 0.518874
0.746702 0.664978 0.0245871
0.686867 0.727248 0.000171116
0.307925 4.50012e-18 0.951411
0.717291 8.93335e-30 0.696773
0.841584 1.22992e-17 0.540126
0.350593 5.12368e-18 0.936528
0.262171 9.49315e-30 0.965022
0.53482 7.81604e-18 0.844966
1 9.08396e-30 1.3668e-19
0.659316 9.63547e-18 0.751866
0.351643 0.936668 0.00716319
0.77341 9.4496e-18 0.633906
0.64435 9.41675e-18 0.764731
0.875624 0.484093 0.0264324
0.674173 1.04524e-29 0.738574
0.184433 1.04524e-29 0.982845
0.919313 1.34352e-17 0.393526
0.615342 0.789038 0.00298151
0.671171 0.741747 0.00029547
0.828485 8.93335e-30 0.560011
0.815055 1.09413e-29 0.579383
0.524243 0.851853 0.00480637
0.963115 0.278724 0.0072509
0.826147 0.564542 0.0370871
0.614083 9.49315e-30 0.789242
0.319977 0.947725 0.0105831
0.688713 1.04524e-29 0.725034
0.629298 1.32831e-17 0.777164
0.410497 1.67912e-29 0.911862
0.773029 0.640275 0.000304014
0.483759 9.49315e-30 0.875201
0.868085 1.26865e-17 0.496416
6.12443e-17 4.22362e-29 1
0.0640009 1.00115 2.90577e-05
0.9441 1.04524e-29 0.32966
0.120943 1.04524e-29 0.992659
0.956934 1.11342e-29 0.290306
0.893753 0.450882 0.00148476
0.655805 0.755786 0.00073151
0.569472 0.82256 0.00241669
2.8908e-05 1.00099 0.00320137
0.801364 8.93335e-30 0.598177
0.447824 1.11342e-29 0.894122
0.371092 5.42326e-18 0.928596
0.794248 0.607702 0.0295558
0.0806571 1.04524e-29 0.996742
0.969988 9.49315e-30 0.243153
0.731269 1.11342e-29 0.68209
0.55134 6.73633e-18 0.834281
0.703154 8.93335e-30 0.711038
0.73212 0.681306 0.0333449
0.635053 0.773104 0.00226502
0.75933 1.11342e-29 0.650706
0.701829 0.713028 0.00211657
