0.291156 1.85221e-17 0.956676
0.951061 6.05026e-17 0.309002
0.759124 5.61237e-17 0.650946
0.483382 3.57375e-17 0.875409
0.990393 7.32218e-17 0.138283
0.890522 5.66514e-17 0.454939
0.276332 1.75791e-17 0.961062
0.582089 2.31731e-29 0.813125
0.964606 7.13154e-17 0.263695
0.871317 2.31731e-29 0.49072
0.857936 2.31731e-29 0.513756
0.137436 1.01609e-17 0.990511
0.333541 2.49683e-17 0.942736
0.914366 5.81682e-17 0.404888
0.791621 5.03597e-17 0.611012
0.995892 1.89308e-29 0.0905487
0.319677 2.36344e-17 0.947527
0.742276 2.31731e-29 0.670094
0.571615 2.75694e-29 0.820522
0.632629 1.89308e-29 0.774455
0.733704 5.49238e-17 0.679469
0.908601 6.71748e-17 0.417665
0.960246 7.0993e-17 0.279154
0.829664 2.31731e-29 0.558263
0.807209 2.75694e-29 0.590266
0.775567 5.73393e-17 0.631265
0.622776 4.66199e-17 0.7824
0.946214 6.99556e-17 0.323543
0.998178 6.35e-17 0.0603371
0.670923 1.89308e-29 0.741527
0.814809 6.02406e-17 0.579729
0.39905 2.31731e-29 0.916929
0.652003 1.89308e-29 0.758217
0.725051 2.75694e-29 0.688695
0.936155 5.95543e-17 0.351589
6.12372e-17 7.91473e-29 1
0.347059 2.20785e-17 0.937843
0.987269 1.89308e-29 0.15906
0.930925 5.92216e-17 0.365211
0.941243 2.31731e-29 0.337729
0.245408 1.56119e-17 0.96942
0.980429 2.31731e-29 0.196871
0.689397 2.75694e-29 0.724384
0.411629 2.75694e-29 0.911352
0.177163 1.12704e-17 0.984181
0.386385 2.85663e-17 0.922338
0.698472 4.44339e-17 0.715638
1 7.39321e-17 8.72014e-17
0.0600759 3.82178e-18 0.998194
0.983943 7.2745e-17 0.178481
0.517452 2.75694e-29 0.855712
0.884257 2.31731e-29 0.467
0.528552 3.36243e-17 0.848901
0.539507 3.43212e-17 0.841981
0.115141 8.61925e-18 0.993349
0.836935 5.32423e-17 0.547303
0.87786 6.4902e-17 0.478918
0.423986 3.17389e-17 0.905669
0.494871 3.70452e-17 0.868967
0.506213 3.74254e-17 0.862409
0.612803 4.53058e-17 0.790236
0.592456 3.76896e-17 0.805603
0.471814 2.75694e-29 0.881698
0.680203 2.31731e-29 0.733024
0.550296 2.31731e-29 0.834969
0.767397 5.67353e-17 0.641173
0.195309 1.24247e-17 0.980742
0.750753 5.55047e-17 0.660583
0.844058 6.2403e-17 0.536252
0.9027 6.67385e-17 0.43027
0.212663 2.75694e-29 0.977126
0.157958 1.16782e-17 0.987446
0.707441 4.50045e-17 0.706773
0.920021 6.80191e-17 0.391868
0.448268 3.31414e-17 0.893899
0.661518 2.75694e-29 0.749929
0.851059 5.41409e-17 0.52507
0.26113 1.6612e-17 0.965304
0.799471 3.82425e-15 0.600705
0.360394 2.66447e-17 0.9328
0.642371 4.0865e-17 0.766394
0.460155 2.75694e-29 0.887839
0.373478 2.7612e-17 0.927639
0.716286 2.75694e-29 0.697807
0.60269 4.45581e-17 0.797976
0.229413 2.31731e-29 0.973329
0.976722 7.22112e-17 0.214507
0.0901485 6.74836e-18 0.995928
0.305523 1.94361e-17 0.952185
0.896675 5.70428e-17 0.442688
0.96881 7.16262e-17 0.247805
0.993279 7.34352e-17 0.115743
0.864693 5.50082e-17 0.5023
0.92552 6.84256e-17 0.378699
0.561022 2.31731e-29 0.827801
0.955715 7.15432e-17 0.294295
0.972854 7.19252e-17 0.231419
0.436148 3.26493e-17 0.899875
0.822329 5.23132e-17 0.569013
0.783648 5.79368e-17 0.621205
