0.605487 2.77387e-17 0.795855
0.00955995 0.993385 0.1171
0.720514 3.00864e-29 0.693441
0.951467 4.35888e-17 0.30775
0.915016 0.407776 0.00115976
0.965112 7.22423e-17 0.261837
0.512116 0.850495 0.124451
0.879026 3.00864e-29 0.476773
0.649042 0.748689 0.144012
0.781925 0.61154 0.127006
0.201462 0.983085 0.000332191
0.785329 5.87849e-17 0.619078
0.534868 4.00369e-17 0.844936
0.76908 5.75685e-17 0.639153
0.627569 0.768809 0.131901
0.749514 0.663385 0.0041965
0.934651 0.352662 0.0707147
0.460175 0.879625 0.133954
0.759899 0.635499 0.148117
0.587473 0.800512 0.125051
0.588504 1.85546e-29 0.808494
0.264026 0.958153 0.120433
0.570321 0.824793 0.00240325
0.95576 0.302138 0.00447207
0.489517 0.87501 0.00466459
0.318677 7.94057e-18 0.947863
0.801303 3.67095e-17 0.598259
0.604436 0.786116 0.140727
0.971714 0.257306 0.0128207
0.623084 0.78404 0.003982
0.516198 1.85546e-29 0.856469
0.237006 5.90556e-18 0.971508
0.752763 2.31227e-29 0.658292
0.687584 0.732348 0.00010567
0.724696 0.677548 0.142854
0.571115 2.08757e-29 0.82087
0.406693 0.905775 0.127757
0.88444 0.470259 0.00658615
0.83281 2.07514e-17 0.553559
0.390709 2.9246e-17 0.920514
0.320395 0.940393 0.127205
0.843365 0.519352 0.145832
6.12824e-17 2.39851e-29 1
0.553285 1.85546e-29 0.832992
0.864049 6.46773e-17 0.503408
0.413182 3.09282e-17 0.910649
0.687945 2.08757e-29 0.725763
0.564429 0.816656 0.125528
0.800339 0.587543 0.130337
0.343543 2.57155e-17 0.939137
0.320866 0.951165 0.00283603
0.496789 1.19302e-29 0.867871
0.672862 0.727318 0.141921
0.484836 0.866272 0.123805
0.655295 2.31227e-29 0.755373
0.265742 1.98918e-17 0.964044
0.192569 0.975547 0.117024
0.367526 2.75107e-17 0.930013
0.978728 2.43872e-17 0.205163
0.697317 0.703737 0.143308
0.719914 0.69655 0.00117564
0.848542 6.35166e-17 0.529128
1 4.58122e-17 3.28545e-19
0.134993 1.68162e-29 0.990847
0.432934 0.893206 0.131274
6.26485e-05 0.995551 0.11383
0.54112 0.832892 0.129455
0.821572 0.5525 0.158919
0.00144883 1.00577 0.00031203
0.894186 2.22807e-17 0.447696
0.816989 2.31227e-29 0.576653
0.292787 1.85546e-29 0.956178
0.937867 2.31227e-29 0.346996
0.228506 0.966902 0.119664
0.671572 3.07662e-17 0.740939
0.862288 0.488322 0.141464
0.62206 1.55e-17 0.78297
0.34973 0.929388 0.125769
0.438751 0.901128 0.00126351
0.374877 0.928421 0.000829461
0.704325 1.25402e-29 0.709877
0.831144 0.566146 0.000405285
0.0173554 1.00186 0.000200988
0.90892 1.85546e-29 0.41697
0.736719 3.00864e-29 0.676199
0.434978 1.25402e-29 0.900441
0.456029 1.1363e-17 0.889965
0.638737 2.31227e-29 0.769425
0.86288 0.512266 0.00399786
0.293651 0.94951 0.126327
0.923605 2.30137e-17 0.383346
0.990538 7.41455e-17 0.13724
0.206199 1.54348e-17 0.97851
0.891349 0.436911 0.146585
0.172631 4.3015e-18 0.984987
0.793894 0.61391 0.00185779
0.138319 0.985288 0.109722
0.382197 0.916542 0.126737
0.0900161 4.12384e-18 0.99594
0.476681 1.18776e-17 0.879077
