0.872929 1.95297e-29 0.487847
0.267895 5.14981e-30 0.963448
0.71735 8.62553e-30 0.696713
0.635796 1.38061e-29 0.771857
0.118025 1.42311e-29 0.993011
0.99556 1.23467e-29 0.0941266
0.20035 1.10908e-29 0.979724
0.766858 1.37281e-29 0.641817
0.218197 9.27461e-30 0.975905
0.92661 1.37281e-29 0.376023
0.327501 8.98371e-30 0.944851
0.897686 1.78249e-29 0.440636
0.725884 9.07927e-30 0.687817
0.70871 1.38061e-29 0.7055
0.819281 1.75965e-29 0.573393
0.479938 2.22446e-29 0.877303
0.432583 9.66035e-30 0.901594
0.853433 1.20248e-29 0.521203
0.381923 9.07927e-30 0.924194
0.812141 1.10908e-29 0.583461
0.673091 1.37281e-29 0.739559
0.535143 9.07927e-30 0.844761
0.885468 2.02693e-29 0.464701
1 5.14981e-30 5.93211e-21
0.60679 1.42311e-29 0.794862
0.982754 1.53196e-29 0.18492
0.0615604 9.07927e-30 0.998103
6.12374e-17 2.78334e-29 1
0.966581 1.75965e-29 0.256361
0.456622 9.27461e-30 0.889661
0.420236 9.27461e-30 0.907415
0.513546 1.78249e-29 0.858062
0.283386 9.07927e-30 0.959006
0.975011 1.23467e-29 0.222155
0.750822 1.93665e-29 0.660505
0.952675 9.07927e-30 0.303991
0.298433 8.98371e-30 0.954431
0.355208 1.38061e-29 0.934787
0.251881 8.98371e-30 0.967758
0.407673 9.27461e-30 0.913128
0.921015 7.69722e-30 0.389528
0.444704 9.07927e-30 0.895678
0.596906 9.27461e-30 0.802311
0.77468 1.37281e-29 0.632354
0.368696 9.2157e-30 0.92955
0.313115 9.27461e-30 0.949715
0.782404 1.37281e-29 0.622771
0.758883 1.78249e-29 0.651227
0.502519 9.27461e-30 0.864566
0.161989 9.27461e-30 0.986793
0.691102 2.02693e-29 0.722757
0.491318 9.27461e-30 0.87098
0.73432 1.38061e-29 0.678803
0.970883 1.37281e-29 0.239556
0.833245 1.75965e-29 0.552903
0.947726 1.75965e-29 0.319086
0.341503 5.14981e-30 0.939881
0.891626 1.78249e-29 0.452772
0.804867 5.14981e-30 0.593455
0.937443 9.07927e-30 0.348139
0.654656 1.20248e-29 0.755927
0.586918 1.38061e-29 0.809647
0.663925 2.02693e-29 0.747799
0.235325 9.27461e-30 0.971917
0.545755 1.78249e-29 0.837945
0.524418 2.22446e-29 0.851461
0.860008 9.07927e-30 0.51028
0.826318 9.27461e-30 0.563205
0.846793 1.37281e-29 0.531923
0.942651 1.75965e-29 0.333779
0.576792 9.07927e-30 0.816891
0.989661 2.2398e-29 0.143426
0.986314 9.27461e-30 0.164878
0.879227 1.62249e-29 0.476403
0.79 1.37281e-29 0.613107
0.616576 1.38061e-29 0.787296
0.140963 9.27461e-30 0.990015
0.978975 1.23467e-29 0.203979
0.394894 1.75965e-29 0.918727
0.99803 5.14981e-30 0.0627325
0.682158 2.2398e-29 0.731205
0.566573 9.07927e-30 0.824011
0.90367 1.78249e-29 0.428228
0.797476 1.10908e-29 0.60335
0.699951 1.10908e-29 0.714191
0.992744 5.14981e-30 0.120243
0.0923757 9.27461e-30 0.995724
0.64528 2.2398e-29 0.763946
0.181668 9.27461e-30 0.98336
0.957465 1.75965e-29 0.288548
0.626238 1.37281e-29 0.779632
0.84006 1.53196e-29 0.542493
0.742642 1.37281e-29 0.669689
0.962117 1.10908e-29 0.272636
0.866504 9.07927e-30 0.499169
0.556207 1.38061e-29 0.831044
0.932084 9.07927e-30 0.362241
0.468377 1.23467e-29 0.883529
0.90953 1.42311e-29 0.415638
0.915321 9.07927e-30 0.402726
