0.912904 1.2936e-29 0.408174
0.848592 4.80604e-17 0.529048
0.748815 3.86538e-17 0.662779
0.484624 1.01298e-29 0.874722
0.781005 1.58619e-29 0.624525
0.507685 1.16613e-29 0.861543
0.332929 1.88556e-17 0.942952
0.662721 1.46666e-17 0.748867
0.411846 2.33251e-17 0.911253
0.0892161 1.42466e-29 0.996012
0.386269 2.18766e-17 0.922386
0.894984 5.06879e-17 0.446098
0.53023 1.42466e-29 0.847854
0.944959 1.42466e-29 0.32719
0.563019 1.01298e-29 0.826444
0.995691 1.01298e-29 0.092736
0.998086 2.7986e-17 0.0618402
0.971993 1.42466e-29 0.23501
0.715522 1.66146e-29 0.69859
0.228129 1.42466e-29 0.973631
0.346468 1.42466e-29 0.938062
0.907051 5.13713e-17 0.421021
0.194024 1.42466e-29 0.980997
0.841459 7.84986e-09 0.540322
0.519039 1.16613e-29 0.85475
0.796647 1.76306e-17 0.604445
0.901056 1.27309e-29 0.433703
0.989973 2.77585e-17 0.141257
0.939925 1.30236e-29 0.34138
0.698387 1.5456e-17 0.715721
0.275229 1.55878e-17 0.961379
0.826862 1.58619e-29 0.562405
0.552208 1.42466e-29 0.833706
0.869256 1.92374e-17 0.494363
0.949863 1.58619e-29 0.312665
0.819433 1.58734e-29 0.573175
0.21136 2.17887e-29 0.977408
0.680844 1.30236e-29 0.732429
0.975945 1.01298e-29 0.218017
0.448888 2.5423e-17 0.893588
0.436733 1.58619e-29 0.899591
0.924085 4.77012e-17 0.382186
0.986756 2.08603e-29 0.162209
0.399171 1.01298e-29 0.916877
6.12354e-17 4.03929e-29 1
0.644021 3.64745e-17 0.765008
0.773044 3.69084e-17 0.634352
0.723959 1.60219e-17 0.689843
0.811948 1.30236e-29 0.583729
0.156634 4.39197e-18 0.987657
0.244258 5.52056e-17 0.96971
0.732329 1.66146e-29 0.680951
1 4.77443e-17 2.49374e-20
0.584231 3.30882e-17 0.811588
0.604795 1.44016e-29 0.796381
0.740656 1.63914e-17 0.671884
0.929512 1.2936e-29 0.368791
0.875899 1.42466e-29 0.482495
0.992964 1.01298e-29 0.118417
0.624688 1.38249e-17 0.780874
0.756958 1.32851e-29 0.653464
0.319018 1.32851e-29 0.947749
0.136096 1.41022e-29 0.990696
0.671873 1.30236e-29 0.740666
0.424348 2.40332e-17 0.905499
0.888769 1.30236e-29 0.458356
0.934793 1.66146e-29 0.355193
0.541296 1.42466e-29 0.840832
0.862492 1.52525e-29 0.50607
0.882389 1.01298e-29 0.470521
0.634432 1.40406e-17 0.772978
0.983338 1.27309e-29 0.181789
0.290159 1.41022e-29 0.956979
0.57371 1.44016e-29 0.819059
0.959178 1.58619e-29 0.282804
0.460881 1.66146e-29 0.887462
0.788859 1.78293e-16 0.614575
0.260026 1.66146e-29 0.965602
0.834215 1.30236e-29 0.55144
0.804344 1.30236e-29 0.594164
0.979731 4.67765e-17 0.200316
0.175829 9.95818e-18 0.984421
0.653418 1.44607e-17 0.756997
0.855592 6.48466e-30 0.517651
0.954609 1.42466e-29 0.297861
0.37319 1.42466e-29 0.927755
0.689676 1.42466e-29 0.724118
0.359954 7.96611e-18 0.93297
0.614811 1.36063e-17 0.788675
0.96789 5.4817e-17 0.251374
0.114006 2.52305e-18 0.99348
0.496225 2.8104e-17 0.868194
0.765052 1.32851e-29 0.643968
0.706997 1.56465e-17 0.707217
0.918541 1.58619e-29 0.395325
0.304712 1.32851e-29 0.952445
0.0594967 3.36963e-18 0.998229
0.594592 6.49309e-30 0.804028
0.472839 1.04644e-17 0.881149
0.963615 1.58619e-29 0.267294
