0.942163 1.69431e-29 0.335154
0.789277 2.1029e-29 0.614037
0.748207 1.69431e-29 0.663465
0.678169 2.48609e-29 0.734906
0.554872 2.95756e-29 0.831936
0.731137 5.77468e-17 0.68223
0.870389 2.48609e-29 0.492365
0.756603 1.59252e-29 0.653875
0.260061 1.7314e-19 0.965592
0.863586 5.74946e-19 0.504202
0.660014 1.69431e-29 0.751253
0.970569 6.46172e-19 0.240822
0.332626 2.21451e-19 0.943059
0.385859 2.48609e-29 0.922558
0.812792 1.74657e-29 0.582555
0.0596702 4.71288e-18 0.998218
0.228287 2.1029e-29 0.973594
0.211596 1.40874e-19 0.977357
0.156774 1.04375e-19 0.987635
0.492355 3.27793e-19 0.870394
0.13638 1.59252e-29 0.990657
0.856674 6.76619e-17 0.515859
0.622898 1.11958e-17 0.782303
0.290054 9.06791e-30 0.95701
0.995521 2.48609e-29 0.0945375
0.936896 6.23754e-19 0.349607
0.584557 1.06136e-29 0.811353
0.989553 7.8157e-17 0.144167
0.773105 5.14707e-19 0.634278
0.632277 1.13643e-17 0.774742
0.47018 3.71358e-17 0.882571
0.17593 1.17128e-19 0.984403
0.603907 1.74657e-29 0.797055
0.957074 6.37188e-19 0.289844
0.24441 2.1029e-29 0.969672
0.974748 1.69431e-29 0.223306
0.524228 2.48609e-29 0.851578
0.544759 2.48609e-29 0.838593
0.83527 5.56095e-19 0.549839
0.304582 1.49962e-29 0.952486
0.503145 3.34977e-19 0.864202
0.992679 1.78421e-17 0.120786
0.574703 1.03295e-17 0.818362
0.3729 2.48264e-19 0.927872
0.849655 1.59252e-29 0.527339
0.908591 6.04909e-19 0.417686
0.704934 2.48609e-29 0.709273
0.669101 1.74657e-29 0.743171
0.96173 1.72858e-17 0.273998
0.398554 1.74657e-29 0.917145
0.613451 2.48609e-29 0.789733
0.739687 2.48609e-29 0.672951
0.423337 2.81843e-19 0.905972
0.275194 9.06791e-30 0.961389
0.722456 4.80987e-19 0.691417
0.534539 9.60763e-18 0.845144
0.481376 3.20484e-19 0.876514
0.952241 1.50701e-29 0.305348
0.641588 1.15317e-17 0.767049
0.986172 6.5656e-19 0.165724
0.194081 2.14912e-29 0.980986
0.594243 1.06136e-29 0.804286
0.920299 7.26872e-17 0.391215
0.318797 9.06791e-30 0.947823
0.346246 2.30519e-19 0.938144
0.90255 1.62221e-17 0.430585
0.447184 2.48609e-29 0.894442
1 7.89821e-17 3.79491e-17
0.764891 1.69431e-29 0.64416
0.0894633 2.48609e-29 0.99599
0.931497 1.49962e-29 0.36375
0.805081 5.35996e-19 0.593165
0.98255 6.65196e-19 0.185997
0.896346 1.49962e-29 0.443354
0.966216 6.43274e-19 0.257735
0.781234 5.20119e-19 0.624238
6.12372e-17 8.75308e-29 1
0.797232 1.67549e-29 0.603673
0.696133 4.63462e-19 0.717913
0.458787 2.1029e-29 0.888546
0.883599 5.88271e-19 0.468244
0.71377 4.75204e-19 0.70038
0.87706 1.69431e-29 0.480381
0.827912 1.74657e-29 0.560857
0.359676 2.8408e-17 0.933077
0.947295 6.30677e-19 0.320362
0.513764 3.42047e-19 0.857931
0.842514 4.41347e-16 0.538675
0.687184 4.57504e-19 0.726483
0.564856 3.76062e-19 0.82519
0.820404 1.59252e-29 0.571784
0.114209 7.60366e-20 0.993457
0.914516 6.08854e-19 0.40455
0.435351 2.89842e-19 0.900261
0.650802 4.33282e-19 0.759248
0.998012 7.88251e-17 0.0630264
0.978744 7.73033e-17 0.205085
0.890029 5.92551e-19 0.455903
0.925939 2.48609e-29 0.377674
0.411058 2.73669e-19 0.911609
