0.895677 2.26565e-29 0.444706
0.245531 0.970038 0.00136535
0.270476 1.94493e-29 0.962727
6.12689e-17 2.0377e-29 1
0.830357 2.2106e-29 0.557232
0.854986 0.519191 0.000594598
0.562337 2.2106e-29 0.826908
0.284768 0.959201 0.00759135
0.545922 3.71611e-17 0.837836
0.875311 0.484593 0.00251173
0.0869076 0.996777 0.00752431
1 1.94493e-29 8.72523e-17
0.632718 0.774756 0.00325096
0.944768 1.94493e-29 0.327739
0.387519 0.922764 0.00191321
0.19028 1.1495e-17 0.98173
0.802747 1.8093e-29 0.59632
0.361149 2.10051e-29 0.932508
0.703359 0.711569 0.0008156
0.167024 0.986898 0.00773313
0.687116 4.67722e-17 0.726548
0.918289 0.397676 0.00276653
2.58542e-05 1.00397 0.00484038
0.971685 0.24285 0.00916385
0.410774 0.912178 0.00630353
0.8571 5.8343e-17 0.515149
0.980717 1.95014e-29 0.195433
0.745986 2.26565e-29 0.665962
0.934427 0.358782 0.000906946
0.838431 0.546368 0.00329194
0.72157 0.692962 0.0140335
0.672082 4.81784e-29 0.740476
0.0831235 5.02157e-18 0.996539
0.0421198 1.00486 0.000134228
0.882929 6.01012e-17 0.469506
0.684907 0.729597 0.000475899
0.459253 2.2106e-29 0.888305
0.401949 7.02345e-25 0.915662
0.932461 6.34728e-17 0.361271
0.33981 1.95014e-29 0.940494
0.578527 3.49494e-17 0.815663
0.47745 3.25001e-17 0.878659
0.908297 6.1828e-17 0.418327
0.381858 2.59932e-17 0.924221
0.869994 1.8093e-29 0.493063
0.816591 4.93311e-17 0.577216
0.512439 2.2106e-29 0.858724
0.470191 0.88315 0.00222901
0.339185 0.941071 0.00587594
0.363638 0.932438 0.00598225
0.491365 0.871224 0.00109099
0.625723 2.2106e-29 0.780046
0.59075 0.807745 0.00117164
0.614095 0.78957 0.00349852
0.206164 0.978846 0.00476373
0.760381 2.26565e-29 0.649477
0.843887 2.26565e-29 0.536521
0.766472 0.642787 0.00118493
0.12472 2.2106e-29 0.992192
0.159302 2.10051e-29 0.98723
0.716687 2.2106e-29 0.697395
0.451136 0.892697 0.00869569
0.807595 0.591579 0.000200082
0.317654 2.16228e-17 0.948207
0.594487 2.10051e-29 0.804105
0.610123 2.21595e-29 0.792307
0.656786 2.10051e-29 0.754077
0.00108942 1.00037 0.00180513
0.218726 1.48887e-17 0.975786
0.31348 0.949799 0.0072697
0.891349 0.455666 0.00268585
0.421561 2.26565e-29 0.9068
0.780385 0.625512 0.00200427
0.774666 1.95014e-29 0.632371
0.952356 0.308574 0.00367433
0.751817 0.659784 0.00137685
0.294553 1.87632e-29 0.955635
0.495147 1.95014e-29 0.868809
0.666615 0.745911 0.00185506
0.731383 1.95014e-29 0.681967
0.991463 6.74891e-17 0.130392
0.788793 1.8093e-29 0.614659
0.82242 0.569427 0.00150069
0.431192 0.902571 0.00663261
0.641334 2.10051e-29 0.767262
0.649062 0.761214 0.00209856
0.567508 0.823831 0.000220131
0.794368 0.60832 0.00051017
0.440641 1.95727e-29 0.897683
0.509113 0.861375 0.00221418
0.96838 2.26565e-29 0.249481
0.920641 1.95727e-29 0.39041
0.550286 0.835712 0.000732478
0.245256 1.48162e-17 0.969458
0.529868 0.848948 0.00872636
0.737294 0.676223 0.00255518
0.956996 2.2106e-29 0.2901
0.52929 3.60289e-17 0.848441
0.701874 2.26565e-29 0.712302
0.903531 0.429621 0.00357497
