0.168532 2.5527e-18 0.985696
0.919078 2.91516e-17 0.394077
0.380511 2.45838e-17 0.924776
0.725824 1.09938e-17 0.68788
1 5.30445e-18 2.61735e-21
0.588755 3.12302e-18 0.808311
0.998106 3.16583e-17 0.0615153
0.708983 1.07387e-17 0.705226
0.890677 1.25624e-29 0.454636
0.456165 1.94886e-29 0.889895
0.929781 2.94911e-17 0.368112
0.57855 8.76312e-18 0.815647
0.758472 3.42122e-17 0.651705
0.971981 1.47223e-17 0.235058
0.444081 1.94886e-29 0.895986
0.789668 2.5047e-17 0.613534
0.884709 1.34004e-17 0.466143
0.859739 3.02593e-15 0.510733
0.536088 1.70038e-17 0.844162
0.40669 1.0737e-29 0.913566
0.774283 2.4559e-17 0.63284
0.30935 9.81205e-18 0.950948
0.804657 2.55224e-17 0.59374
0.665287 1.0737e-29 0.746588
0.324351 1.88723e-29 0.945937
0.608759 9.22067e-18 0.793356
0.846675 2.68551e-17 0.53211
0.502725 2.26763e-17 0.864446
0.908001 2.88003e-17 0.418969
0.637625 1.13936e-29 0.770347
0.959135 3.04222e-17 0.282947
0.598836 2.70115e-17 0.800872
0.557618 2.95785e-18 0.830098
0.146693 2.22191e-18 0.989182
0.546934 8.28424e-18 0.837176
0.277961 1.0737e-29 0.960592
0.338896 1.88723e-29 0.940824
0.995729 3.15829e-17 0.0923267
0.646979 3.43186e-18 0.762508
0.717455 1.08671e-17 0.696605
0.92448 2.9323e-17 0.381232
0.819136 2.59816e-17 0.573599
0.913587 5.90243e-17 0.406643
0.750433 2.38025e-17 0.660946
0.0640834 2.03262e-18 0.997945
0.766429 1.16089e-17 0.642329
0.993016 1.0737e-29 0.117983
0.78203 2.48047e-17 0.623241
0.700428 4.52527e-17 0.713723
0.853227 2.70629e-17 0.52154
0.99004 3.14024e-17 0.140787
0.683075 1.0737e-29 0.730348
6.12379e-17 2.67366e-29 1
0.945017 4.26266e-17 0.32702
0.811948 2.57536e-17 0.58373
0.878633 1.33084e-17 0.477499
0.261513 1.68956e-17 0.9652
0.18901 1.0737e-29 0.981975
0.628106 9.51372e-18 0.778128
0.983372 1.48948e-17 0.181603
0.656211 9.93943e-18 0.754577
0.902321 5.82964e-17 0.431066
0.2939 1.8988e-17 0.955836
0.514002 2.7265e-18 0.857789
0.73411 1.13936e-29 0.67903
0.419382 1.33021e-17 0.90781
0.940057 1.25624e-29 0.341018
0.367007 1.88723e-29 0.930218
0.122877 1.86118e-18 0.992422
0.431845 1.36974e-17 0.901948
0.833148 1.0737e-29 0.55305
0.742316 1.12436e-17 0.670049
0.797203 1.0737e-29 0.603711
0.949851 6.13672e-17 0.312704
0.618504 2.78987e-17 0.785782
0.975939 1.47822e-17 0.218042
0.826214 3.72678e-17 0.563356
0.872453 4.62788e-18 0.488698
0.491356 1.5585e-17 0.870959
0.986816 3.13002e-17 0.161847
0.934973 2.96558e-17 0.354719
0.353111 2.28135e-17 0.935582
0.22681 1.02307e-17 0.973939
0.244482 1.0737e-29 0.969654
0.896543 4.04401e-17 0.442957
0.468032 1.0737e-29 0.883712
0.568169 8.60588e-18 0.822912
0.963565 3.05627e-17 0.267475
0.979753 1.484e-17 0.200211
0.479768 1.25624e-29 0.877395
0.208405 1.60822e-29 0.978043
0.839958 1.0737e-29 0.542651
0.674232 1.02124e-17 0.73852
0.866157 1.13936e-29 0.499772
0.96785 1.46597e-17 0.251528
0.393734 2.5438e-17 0.919224
0.0961379 3.04933e-18 0.995368
0.954564 1.44585e-17 0.298006
0.691808 1.88723e-29 0.722082
0.525113 1.66557e-17 0.851033
