0.926828 1.68766e-29 0.375485
0.987314 3.19702e-30 0.158782
0.703939 3.19702e-30 0.71026
0.587547 3.19702e-30 0.80919
0.453541 3.19702e-30 0.891235
0.322941 3.19702e-30 0.946419
0.976838 3.19702e-30 0.213982
0.998179 3.19702e-30 0.0603281
0.512 3.19702e-30 0.858985
0.946861 3.82823e-17 0.321642
0.91609 3.25584e-29 0.400974
0.308599 1.24769e-17 0.951192
0.848362 5.49544e-17 0.529417
0.377668 2.44643e-17 0.925941
0.730733 3.19702e-30 0.682663
0.2939 3.19702e-30 0.955836
0.804901 3.25584e-29 0.59341
0.489096 3.16822e-17 0.87223
0.115795 4.68166e-18 0.993273
0.597859 2.36457e-17 0.801601
0.350685 3.19702e-30 0.936494
0.81247 5.22089e-17 0.583003
0.428943 2.75636e-17 0.903332
0.995905 4.02651e-17 0.0904105
0.86182 3.4844e-17 0.507214
0.618111 1.28566e-29 0.786091
0.921541 3.19702e-30 0.38828
0.0905297 3.19702e-30 0.995894
0.834393 3.19702e-30 0.55117
0.637875 3.19702e-30 0.77014
0.789382 1.28566e-29 0.613903
0.973005 6.30284e-17 0.230784
0.88099 5.66119e-17 0.473134
0.608051 1.28566e-29 0.793898
0.214403 3.25584e-29 0.976745
0.647618 1.68766e-29 0.761966
0.278864 1.12747e-17 0.960331
0.951563 3.19702e-30 0.307453
0.628043 1.28566e-29 0.778179
0.748097 3.02461e-17 0.66359
0.694787 4.50063e-17 0.719216
0.712947 3.19702e-30 0.701218
0.336899 3.19702e-30 0.941541
0.960554 1.68766e-29 0.278092
0.76501 3.09299e-17 0.644019
0.84142 5.40691e-17 0.540382
0.968983 6.27679e-17 0.247128
0.676213 1.68766e-29 0.736706
0.868342 3.19702e-30 0.495965
0.94204 3.80874e-17 0.3355
0.138335 8.96092e-18 0.990386
0.403627 3.25584e-29 0.914924
0.545215 3.50352e-17 0.838296
0.88717 2.45393e-30 0.461442
0.990413 3.19702e-30 0.138141
0.390695 1.57961e-17 0.92052
0.534296 2.11317e-17 0.845297
0.827214 3.25584e-29 0.561887
0.23127 9.3504e-18 0.97289
0.577146 1.68766e-29 0.816641
0.739472 4.75181e-17 0.673187
0.685557 3.19702e-30 0.728019
0.159022 3.19702e-30 0.987275
1 1.28566e-29 1.23003e-20
0.773249 3.1263e-17 0.634102
0.781385 3.19702e-30 0.624049
0.364197 2.35916e-17 0.931322
0.899069 3.19702e-30 0.437807
0.910515 5.89805e-17 0.413477
0.819914 2.45393e-30 0.572487
0.756614 4.86195e-17 0.653862
0.523221 3.38927e-17 0.852197
0.477398 3.19702e-30 0.878687
0.500637 3.24298e-17 0.865657
0.893187 3.25584e-29 0.449686
0.657276 4.25764e-17 0.75365
0.937113 3.25584e-29 0.349027
0.441315 3.19702e-30 0.897352
0.984002 3.19702e-30 0.178155
0.874709 3.25584e-29 0.484649
0.178487 1.15619e-17 0.983942
0.196778 3.19702e-30 0.980448
0.721887 2.91864e-17 0.692011
0.964856 3.19702e-30 0.262778
0.956125 1.28566e-29 0.292958
0.666803 1.28566e-29 0.745234
0.993288 6.43423e-17 0.11567
0.980515 6.35149e-17 0.196442
6.12361e-17 3.38915e-29 1
0.41637 2.69712e-17 0.909195
0.56662 3.19702e-30 0.823979
0.932026 3.25584e-29 0.362391
0.855133 3.19702e-30 0.518409
0.247552 1.00087e-17 0.968875
0.797189 1.28566e-29 0.60373
0.555992 1.68766e-29 0.831188
0.465587 3.19702e-30 0.885002
0.904845 3.25584e-29 0.425741
0.263424 1.06504e-17 0.96468
0.0603186 3.87604e-18 0.998179
