0.533692 6.24018e-18 0.845679
0.199447 0.978327 0.0837113
0.719796 0.6928 0.0558753
0.274379 2.64153e-29 0.961622
0.738207 8.63146e-18 0.674574
0.49493 0.872475 0.00164879
0.641053 7.49549e-18 0.767497
0.271794 0.961456 0.0665134
0.413289 4.83237e-18 0.9106
0.839419 9.81488e-18 0.543485
0.707122 8.26801e-18 0.707091
0.570654 6.67236e-18 0.82119
0.921481 1.33125e-29 0.388423
0.49515 2.49948e-29 0.868807
0.299365 2.49948e-29 0.954139
0.36945 2.69755e-29 0.929251
0.582143 0.818956 6.93776e-05
0.818024 0.573298 0.0567666
0.632749 0.772965 0.0539415
0.867751 2.74774e-29 0.497
0.503182 0.863009 0.0548158
0.684354 0.727578 0.0604166
0.125229 3.15685e-29 0.992128
0.60629 7.08903e-18 0.795243
0.811174 9.48463e-18 0.584805
0.239531 0.96943 0.0726819
0.866364 0.499963 0.0315284
0.0205931 1.00232 0.000241633
0.849983 0.526341 0.0450689
0.796876 9.31746e-18 0.604142
0.782608 9.15062e-18 0.622515
0.323549 2.74774e-29 0.946211
0.000177307 0.998799 0.0578515
0.391546 2.64153e-29 0.920158
0.552411 1.33125e-29 0.833572
0.521684 0.852149 0.0544932
0.455057 5.32074e-18 0.890462
0.135651 0.989629 0.0665759
0.699711 0.72064 0.00107122
0.248183 2.90187e-18 0.968713
0.853767 1.33125e-29 0.520656
0.971916 0.240943 0.00395513
0.0834375 9.75591e-19 0.996513
0.8923 0.451094 0.0556881
0.330012 0.942889 0.0540659
0.610708 0.790731 0.0541578
0.43084 0.908377 0.003665
0.908034 1.06172e-17 0.418896
0.924478 0.383266 0.000307626
0.475273 5.55712e-18 0.879838
0.963518 2.74774e-29 0.267645
0.651998 0.756947 0.0560643
0.223804 0.976787 0.0329215
6.1255e-17 3.15685e-29 1
0.623791 1.33125e-29 0.781591
0.622955 0.786666 0.00405977
0.762233 0.645828 0.0575183
0.841322 0.54743 0.0035295
0.456603 0.888469 0.0581302
0.383814 0.922802 0.0575315
0.799228 0.599334 0.0577599
0.990085 1.15765e-17 0.140472
0.703462 0.709451 0.0621553
0.544254 0.837596 0.0580229
0.00106104 1.00147 0.00102082
0.588545 3.15884e-29 0.808465
0.434466 5.07998e-18 0.900688
0.191519 2.23934e-18 0.981489
0.514615 1.33125e-29 0.857421
0.669346 0.741673 0.0680028
0.346803 2.88333e-29 0.937938
0.881507 1.0307e-17 0.472172
0.949215 2.88333e-29 0.314628
0.722815 2.49948e-29 0.691041
0.433908 0.900101 0.0585335
0.977705 2.69755e-29 0.209985
0.65796 7.69318e-18 0.753053
0.220704 2.64153e-29 0.975341
0.30321 0.952284 0.0588259
0.407233 0.911957 0.0557177
0.894996 3.15884e-29 0.446075
0.935206 1.09349e-17 0.354104
0.674672 2.68991e-29 0.738118
0.751739 0.66505 0.0018114
1 7.38973e-17 4.46112e-17
0.355701 0.933565 0.0608361
0.590288 0.806113 0.0613509
0.476536 0.877985 0.0566788
0.73623 0.67517 0.0545656
0.90997 0.41636 0.00306959
0.825505 2.64153e-29 0.564395
0.938427 0.34772 0.00348507
0.778832 0.625877 0.0541123
0.753193 8.80669e-18 0.657799
0.566717 0.822727 0.05452
0.691084 8.08048e-18 0.722774
0.879423 0.475675 0.0399536
0.954517 0.300257 0.00157337
0.767994 8.97975e-18 0.640457
0.16009 2.69755e-29 0.987102
