0.146957 4.00209e-18 0.989143
0.426368 1.64042e-29 0.90455
0.771948 1.74732e-17 0.635685
0.291251 6.59253e-18 0.956647
0.33484 1.7259e-29 0.942275
0.928032 1.63941e-29 0.372501
0.966838 6.70428e-30 0.255392
0.900392 1.7259e-29 0.435079
0.748065 8.18081e-30 0.663626
0.888685 1.64042e-29 0.458518
0.857631 2.38936e-29 0.514266
0.474393 1.0738e-17 0.880313
0.979076 6.8978e-17 0.203493
0.603889 1.64457e-17 0.797068
0.837666 1.89607e-17 0.546183
0.975156 1.65255e-29 0.221521
0.0643445 1.74836e-29 0.997928
0.948386 2.58274e-17 0.317118
0.971079 1.64042e-29 0.238757
0.226081 1.74836e-29 0.974108
6.12342e-17 3.57969e-29 1
0.401381 1.65255e-29 0.915911
0.943464 1.64042e-29 0.331476
0.93843 1.64042e-29 0.345468
0.787358 7.69181e-30 0.616496
0.613754 1.67144e-17 0.789497
0.375475 1.63941e-29 0.926832
0.69744 8.18081e-30 0.716643
0.306164 6.93009e-18 0.951979
0.809561 1.64042e-29 0.587036
0.679637 1.85086e-17 0.733549
0.962427 1.65255e-29 0.271539
0.911731 1.7259e-29 0.410787
0.756127 1.74836e-29 0.654424
0.989698 1.65255e-29 0.143168
0.794839 1.79913e-17 0.60682
0.670565 1.82615e-17 0.741851
1 7.04521e-17 1.04854e-20
0.462651 1.04722e-17 0.88654
0.876546 1.7259e-29 0.481318
0.531 1.65255e-29 0.847372
0.541868 1.47567e-17 0.840464
0.957883 7.34207e-30 0.287159
0.995582 1.64042e-29 0.0938976
0.508791 1.64042e-29 0.86089
0.243312 1.74836e-29 0.969948
0.66138 1.80114e-17 0.750051
0.823838 2.24356e-17 0.566825
0.922695 2.51278e-17 0.38553
0.688598 8.18081e-30 0.725143
0.123207 1.7259e-29 0.992381
0.723261 1.96966e-17 0.690575
0.779707 8.18081e-30 0.626145
0.563135 1.7259e-29 0.826365
0.714772 7.69181e-30 0.699357
0.348624 1.7259e-29 0.937263
0.706161 1.59841e-17 0.708051
0.207917 8.18081e-30 0.978147
0.906101 6.38367e-17 0.423062
0.917269 2.07626e-17 0.398268
0.953195 1.64042e-29 0.302357
0.593926 1.34436e-17 0.80452
0.642658 1.45467e-17 0.766153
0.320651 7.258e-18 0.947197
0.49749 1.35482e-17 0.86747
0.894595 2.02493e-17 0.446878
0.844422 8.18081e-30 0.535678
0.259811 7.07544e-18 0.965659
0.731638 1.99247e-17 0.681694
0.450757 1.0203e-17 0.892646
0.864029 1.7259e-29 0.503441
0.816748 1.84873e-17 0.576994
0.982813 2.38936e-29 0.184603
0.519975 1.41605e-17 0.854181
0.1889 1.74836e-29 0.981996
0.739905 7.69181e-30 0.672711
0.65208 1.77581e-17 0.75815
0.168685 1.7259e-29 0.98567
0.830821 7.69181e-30 0.556539
0.764084 8.18081e-30 0.645117
0.275811 7.51116e-18 0.961212
0.362185 8.19813e-18 0.932106
0.633128 1.7242e-17 0.774047
0.851083 2.38936e-29 0.525031
0.986367 1.74836e-29 0.16456
0.486007 1.32354e-17 0.873955
0.998041 7.03141e-17 0.062561
0.882674 1.7259e-29 0.469985
0.38856 1.74836e-29 0.921423
0.0964923 5.50592e-17 0.995334
0.413978 1.12739e-17 0.910287
0.802237 1.64042e-29 0.597006
0.992779 1.64042e-29 0.119957
0.583805 1.74836e-29 0.811894
0.573546 1.65255e-29 0.819173
0.870341 1.74836e-29 0.49245
0.438621 9.92828e-18 0.898672
0.93328 1.64042e-29 0.359149
0.623489 1.74836e-29 0.781832
0.552578 1.65255e-29 0.833461
