0.491153 1.30839e-17 0.871073
0.168052 1.37884e-29 0.985778
0.207878 1.37884e-29 0.978155
0.50223 2.29352e-17 0.864734
0.912916 1.37884e-29 0.408147
0.963668 4.40075e-17 0.267102
0.54512 2.48939e-17 0.838358
0.586122 4.38643e-17 0.810223
0.381072 1.81232e-29 0.924545
0.79496 5.16084e-17 0.606661
0.863773 3.94456e-17 0.503882
0.534611 2.45802e-29 0.845098
0.889081 4.06014e-17 0.45775
0.672313 1.81232e-29 0.740267
0.972112 7.27511e-17 0.234516
0.990125 2.32646e-29 0.140186
0.188481 8.60728e-18 0.982077
0.843964 3.8541e-17 0.5364
0.954587 4.35928e-17 0.297933
0.749084 5.60601e-17 0.662475
0.757031 1.81232e-29 0.653379
0.605957 2.45802e-29 0.795498
0.983507 2.32646e-29 0.180871
0.146202 1.37884e-29 0.989255
0.901222 1.81232e-29 0.433358
0.934852 4.26916e-17 0.355038
0.244119 6.50312e-18 0.969745
6.12333e-17 2.77018e-29 1
0.764839 3.49277e-17 0.644222
0.653886 4.24499e-17 0.756593
0.420109 1.81232e-29 0.907474
0.479886 1.37884e-29 0.877331
0.226325 1.69377e-17 0.974052
0.837211 2.23026e-17 0.54688
0.690247 1.83876e-17 0.723574
0.787584 3.59664e-17 0.616207
0.625427 1.37884e-29 0.780283
0.555534 1.47989e-17 0.831494
1 1.515e-29 2.72595e-17
0.407403 1.99274e-29 0.913248
0.959199 2.32646e-29 0.282733
0.816477 1.15427e-29 0.577377
0.716181 1.81232e-29 0.697915
0.979885 7.33328e-17 0.199565
0.444703 1.37884e-29 0.895678
0.732907 1.81232e-29 0.680329
0.0639172 2.91889e-18 0.997955
0.945003 7.07223e-17 0.327061
0.876572 1.15427e-29 0.481271
0.830396 5.39088e-17 0.557174
0.850638 2.26602e-17 0.525752
0.46843 1.81232e-29 0.883501
0.576012 4.31077e-17 0.817441
0.809417 6.05753e-17 0.587235
0.432529 3.23697e-17 0.90162
0.644502 1.81232e-29 0.764602
0.699003 1.81232e-29 0.715118
0.394358 2.9513e-17 0.918957
0.918583 6.87451e-17 0.395228
0.367459 1.67806e-17 0.93004
0.353478 1.99274e-29 0.935443
0.882871 1.81232e-29 0.469616
0.513166 1.81232e-29 0.858289
0.681348 4.42328e-17 0.73196
0.949883 1.37884e-29 0.312605
0.634999 1.81232e-29 0.772513
0.309315 8.23988e-18 0.95096
0.986941 7.38609e-17 0.161082
0.663158 1.81232e-29 0.74848
0.741028 1.81232e-29 0.671474
0.772559 5.01541e-17 0.634943
0.707643 5.29587e-17 0.70657
0.0958117 7.17037e-18 0.995399
0.802253 2.13713e-17 0.596985
0.261181 1.81232e-29 0.96529
0.857238 3.91472e-17 0.514921
0.907127 1.81232e-29 0.420856
0.89521 4.08813e-17 0.445644
0.995772 7.45218e-17 0.0918567
0.998122 2.32646e-29 0.0612618
0.72462 1.81232e-29 0.689149
0.615737 4.60806e-17 0.787952
0.823458 3.76046e-17 0.567378
0.924111 1.15427e-29 0.382125
0.929559 4.24499e-17 0.368674
0.324482 1.37884e-29 0.945892
0.565827 1.81232e-29 0.824524
0.293741 2.45802e-29 0.955885
0.277672 2.45802e-29 0.960676
0.939984 1.81232e-29 0.341218
0.780136 1.37884e-29 0.62561
0.870211 1.81232e-29 0.49268
0.993083 7.43205e-17 0.117418
0.596103 1.15427e-29 0.802908
0.339187 1.37884e-29 0.940719
0.52395 2.45802e-29 0.851749
0.967957 7.24402e-17 0.251115
0.122418 7.94728e-18 0.992479
0.976081 1.37884e-29 0.217406
0.456698 1.81232e-29 0.889622
