0.515794 1.25796e-29 0.856713
0.16845 1.25796e-29 0.98571
0.792192 1.25796e-29 0.610272
0.589022 1.54876e-29 0.808117
0.82072 1.77957e-17 0.571331
0.935788 2.02907e-17 0.352563
0.548231 1.25796e-29 0.836327
0.705928 1.59748e-29 0.708284
0.526806 1.14228e-17 0.849985
0.55867 2.15169e-29 0.82939
0.99241 2.15185e-17 0.122969
0.469916 1.54876e-29 0.882711
0.61783 1.54876e-29 0.786311
0.188898 1.12655e-29 0.981997
0.420466 1.12655e-29 0.907308
0.309006 1.09622e-29 0.95106
0.394253 8.5486e-18 0.919002
0.0961013 1.12655e-29 0.995372
0.969633 2.10246e-17 0.244566
0.338674 7.34347e-18 0.940904
0.568949 1.12655e-29 0.822373
0.813744 1.12655e-29 0.581223
0.663264 1.43816e-17 0.748385
0.481673 1.12655e-29 0.876351
0.367042 1.25796e-29 0.930204
0.244273 5.50613e-18 0.969706
0.981952 1.25796e-29 0.189132
0.885128 1.12655e-29 0.465347
0.879085 1.12655e-29 0.476665
0.714163 1.19125e-29 0.699979
0.226638 1.25796e-29 0.973979
0.746394 1.25796e-29 0.665505
0.841052 1.12655e-29 0.540955
0.777318 1.68546e-17 0.629108
0.636378 1.37986e-17 0.771377
0.293565 2.47897e-17 0.955939
0.697578 1.51256e-17 0.716509
0.995361 1.62883e-29 0.0962056
0.722355 1.54876e-29 0.691522
0.919643 7.7658e-17 0.392756
0.997943 2.16384e-17 0.0641001
0.433193 1.12655e-29 0.901301
0.645482 1.54876e-29 0.763776
0.754249 1.25796e-29 0.656589
6.12345e-17 2.79375e-29 1
0.762009 1.25796e-29 0.647567
0.806664 1.74909e-17 0.59101
0.784804 1.70169e-17 0.619744
0.799483 2.48197e-29 0.600688
0.930499 1.25796e-29 0.366295
0.537608 2.15169e-29 0.843195
0.985674 2.13724e-17 0.16866
0.208201 4.51442e-18 0.978086
1 2.15169e-29 1.15027e-17
0.654429 1.25796e-29 0.756123
0.866778 2.5007e-29 0.498695
0.827605 1.25796e-29 0.561312
0.989168 1.25796e-29 0.146785
0.965191 2.09283e-17 0.261547
0.914113 1.19125e-29 0.40546
0.946043 1.25796e-29 0.32404
0.598745 5.05602e-17 0.80094
0.872978 7.37174e-17 0.48776
0.277672 6.02078e-18 0.960676
0.0640703 1.43562e-29 0.997945
0.504636 2.15169e-29 0.863332
0.608375 1.31914e-17 0.79365
0.738455 1.56551e-29 0.674302
0.978033 8.25887e-17 0.208452
0.94097 1.54876e-29 0.338489
0.146602 1.12655e-29 0.989196
0.854119 1.72396e-29 0.520078
0.324025 7.02585e-18 0.946048
0.951009 1.12655e-29 0.309162
0.445662 1.12655e-29 0.895201
0.902768 2.28956e-29 0.430127
0.925125 1.25796e-29 0.379663
0.73046 1.19125e-29 0.682956
0.672005 1.45711e-17 0.740547
0.627168 1.54876e-29 0.778884
0.834378 1.25796e-29 0.551192
0.860487 1.20049e-29 0.509472
0.261268 2.20624e-17 0.965266
0.122819 1.12655e-29 0.992429
0.955871 2.07262e-17 0.293785
0.38078 1.12655e-29 0.924666
0.407486 8.83552e-18 0.913212
0.847628 1.12655e-29 0.530591
0.457942 1.43562e-29 0.888982
0.896967 1.25796e-29 0.442098
0.579076 1.25561e-17 0.815273
0.680619 1.47579e-17 0.732637
0.493304 1.12655e-29 0.869857
0.891097 2.00861e-17 0.453814
0.973918 2.11175e-17 0.226899
0.689139 1.62883e-29 0.724629
0.908483 1.25796e-29 0.417923
0.353036 1.12655e-29 0.93561
0.769708 1.25796e-29 0.638396
0.960604 2.16529e-17 0.277921
