0.998009 7.93583e-17 0.0630742
0.992676 1.15149e-29 0.120808
0.978888 5.60277e-17 0.204399
0.60782 1.15149e-29 0.794075
0.938571 5.81266e-17 0.345087
0.119685 9.51694e-18 0.992812
0.957829 5.48225e-17 0.287337
0.486814 2.78633e-17 0.873506
0.345273 1.15149e-29 0.938502
0.817076 4.67663e-17 0.57653
0.617936 3.53683e-17 0.786229
0.656723 4.06715e-17 0.754132
0.948453 6.34375e-17 0.316917
0.830744 1.15149e-29 0.556655
0.666089 4.45515e-17 0.745872
0.555062 1.15149e-29 0.831809
0.922831 7.33804e-17 0.385204
0.0624672 4.17813e-18 0.998047
0.917359 5.25061e-17 0.39806
0.254715 1.15149e-29 0.967016
0.9862 6.42302e-17 0.165558
0.220798 1.36742e-17 0.97532
0.894392 1.15149e-29 0.447283
0.532906 3.56435e-17 0.846174
0.982637 1.15149e-29 0.185538
0.781424 1.15149e-29 0.624001
0.675192 1.15149e-29 0.737642
0.438085 2.50743e-17 0.898934
0.766474 1.15149e-29 0.642275
0.75104 5.97201e-17 0.660257
0.684141 3.91576e-17 0.729349
0.202844 1.25623e-17 0.979211
0.850661 1.15149e-29 0.525715
0.869896 4.97895e-17 0.493236
0.474919 1.15149e-29 0.880029
0.597568 1.15149e-29 0.801818
0.900295 5.15294e-17 0.43528
0.974967 1.15149e-29 0.222351
0.888398 1.39716e-29 0.459074
6.12345e-17 1.27654e-29 1
0.316676 7.64071e-17 0.948534
0.758829 4.34324e-17 0.65129
0.803104 4.59666e-17 0.595839
0.933433 5.78084e-17 0.358752
0.823942 1.15149e-29 0.566674
0.412633 1.15149e-29 0.910897
0.837471 6.65929e-17 0.546481
0.995517 1.15149e-29 0.0945863
0.94358 5.40069e-17 0.331145
0.911781 5.64675e-17 0.410678
0.962325 5.50797e-17 0.271903
0.73512 1.39716e-29 0.677937
0.386397 9.32295e-17 0.922332
0.5766 3.8566e-17 0.817027
0.286511 1.15149e-29 0.958077
0.399649 2.67306e-17 0.916668
0.450576 3.57029e-17 0.892738
0.857146 5.30839e-17 0.515073
0.928189 7.3548e-17 0.37211
0.565917 3.50478e-17 0.824462
0.462859 2.64922e-17 0.886432
0.372924 1.15149e-29 0.927862
0.966678 5.53289e-17 0.255996
0.876145 6.94242e-17 0.482048
0.647263 1.39716e-29 0.762266
0.989556 6.12842e-17 0.144148
0.71865 4.45067e-17 0.695372
0.701726 4.34586e-17 0.712447
0.425423 1.15149e-29 0.904995
0.953207 5.9033e-17 0.302319
0.810115 4.63679e-17 0.58627
0.627827 3.59344e-17 0.778353
0.882314 5.05002e-17 0.470662
0.359162 2.40226e-17 0.933275
1 6.1931e-17 6.54075e-17
0.544049 1.15149e-29 0.839054
0.58715 1.15149e-29 0.809478
0.142886 1.15149e-29 0.989739
0.743141 5.88852e-17 0.669135
0.184045 1.0534e-17 0.982918
0.726949 1.15149e-29 0.686692
0.637589 1.15149e-29 0.770376
0.71027 1.15149e-29 0.703929
0.093685 7.44951e-18 0.995602
0.844116 6.71212e-17 0.536161
0.498575 1.15149e-29 0.866846
0.970895 5.55703e-17 0.239506
0.301732 2.01814e-17 0.953393
0.238081 1.15149e-29 0.971245
0.906096 1.15149e-29 0.423071
0.164166 1.15149e-29 0.986433
0.788757 4.88485e-17 0.614705
0.773996 4.43006e-17 0.63319
0.510154 3.15944e-17 0.860083
0.331149 1.15149e-29 0.943578
0.521595 2.98541e-17 0.853193
0.693029 1.15149e-29 0.720909
0.863564 4.94271e-17 0.504239
0.795985 5.32396e-17 0.605316
0.270865 6.5354e-17 0.962617
