0.685157 4.51811e-17 0.728395
0.890972 2.80827e-29 0.454058
0.58874 4.61979e-17 0.808322
0.884923 2.80827e-29 0.465737
0.628554 4.9716e-17 0.777766
0.86006 1.26607e-29 0.510193
0.578487 1.61654e-29 0.815692
0.481254 3.17352e-17 0.876581
0.872635 2.04681e-29 0.488374
0.284625 1.61654e-29 0.958639
0.598811 1.61654e-29 0.80089
0.458047 2.62619e-17 0.888928
0.503751 2.80827e-29 0.863849
0.236716 2.80827e-29 0.971579
0.657363 1.61654e-29 0.753574
0.370088 2.92724e-17 0.928997
0.925439 2.04681e-29 0.378898
0.853621 3.61359e-17 0.520894
0.492592 2.80827e-29 0.87026
0.514809 3.39479e-17 0.857305
0.76898 2.80827e-29 0.639273
0.547268 4.32866e-17 0.836958
0.728741 1.26607e-29 0.684789
0.0622144 4.8819e-18 0.998063
0.79164 2.80827e-29 0.610988
0.163265 2.04681e-29 0.986582
0.827127 1.61654e-29 0.562016
0.992529 4.20162e-17 0.122005
0.840569 6.64856e-17 0.541704
0.568172 4.49401e-17 0.82291
0.119123 7.85531e-18 0.992879
0.269132 2.80827e-29 0.963103
0.314364 2.46678e-17 0.949302
0.936172 2.04681e-29 0.351541
0.813255 2.80827e-29 0.581907
0.997972 7.83099e-17 0.0636562
0.737051 2.04681e-29 0.675838
0.396369 3.11027e-17 0.918091
0.930847 5.33696e-17 0.365409
0.694138 5.49035e-17 0.719842
0.914294 7.23169e-17 0.405051
0.978355 2.04681e-29 0.206932
0.965606 2.19766e-29 0.260011
0.961036 4.0683e-17 0.276425
0.946481 7.48628e-17 0.322758
0.753287 5.95819e-17 0.657692
0.608849 4.81575e-17 0.793286
0.434026 1.61654e-29 0.9009
0.446138 1.61654e-29 0.894964
0.956321 6.30625e-17 0.292318
0.409144 1.65853e-17 0.91247
6.12405e-17 3.19995e-29 1
0.66675 1.97416e-29 0.745281
0.745261 1.61654e-29 0.666773
0.974287 1.61654e-29 0.22531
0.383359 1.97416e-29 0.923599
0.908601 2.04681e-29 0.417666
0.328733 2.57953e-17 0.944423
0.989349 6.52404e-17 0.145565
0.557783 4.41183e-17 0.829987
0.98589 2.19766e-29 0.167395
0.776659 1.61654e-29 0.629922
0.79897 2.80827e-29 0.601371
0.536551 4.21026e-17 0.843868
0.676016 1.61654e-29 0.736887
0.469745 3.71549e-17 0.882802
0.847139 2.44218e-29 0.531372
0.76122 6.02093e-17 0.648494
0.970026 7.61169e-17 0.243002
0.982231 4.15802e-17 0.187678
0.720277 2.80827e-29 0.693687
0.902805 2.04681e-29 0.430049
0.525767 2.80827e-29 0.850629
0.820237 1.61654e-29 0.572024
0.95146 2.80827e-29 0.307772
0.878834 6.95122e-17 0.477127
0.702998 1.61654e-29 0.711192
0.0932701 1.61654e-29 0.995641
0.919902 2.04681e-29 0.392148
0.34277 2.68968e-17 0.939419
0.421693 1.7094e-17 0.906739
0.29968 2.04681e-29 0.95404
0.784211 2.04681e-29 0.620494
0.806158 1.61654e-29 0.5917
0.183026 1.43619e-17 0.983108
1 2.44218e-29 1.33783e-20
0.253202 1.26607e-29 0.967413
0.618749 4.0802e-17 0.785589
0.71171 1.26607e-29 0.702473
0.356578 2.79803e-17 0.934266
0.142133 1.12421e-17 0.989848
0.201714 2.04681e-29 0.979444
0.995431 7.81105e-17 0.0954859
0.896935 2.80827e-29 0.442163
0.219566 2.04681e-29 0.975598
0.647861 4.27218e-17 0.761758
0.941376 7.4459e-17 0.337358
0.833911 6.59589e-17 0.5519
0.866395 2.80827e-29 0.499359
0.63825 5.0483e-17 0.769829
