0.888485 0.458929 2.33155e-06
7.49566e-06 0.703344 0.710863
0.499877 1.42916e-07 0.866097
0.788479 4.40011e-08 0.615062
0.835622 0.549316 4.43968e-06
0.232462 0.919667 0.316504
0.3013 0.95353 2.88476e-07
0.655608 0.353041 0.667497
0.680582 0.444875 0.582193
0.415259 0.909705 1.54812e-06
0.791409 0.305211 0.529649
0.432007 0.536962 0.724673
0.844242 3.95267e-08 0.535962
0.566022 0.410168 0.715147
0.976987 0.213331 4.35036e-06
0.185823 5.8249e-07 0.982583
0.816669 2.70848e-07 0.577107
0.332015 0.822726 0.461428
1.6321e-06 0.668804 0.743443
0.570497 0.578456 0.583061
0.923522 0.268597 0.273829
0.513703 0.798541 0.313784
0.752007 0.580482 0.312305
0.560248 1.50331e-08 0.828325
0.777344 0.629078 1.43663e-06
0.204315 0.521725 0.830575
0.837566 0.26947 0.475272
0.345952 0.882811 0.317763
0.286069 5.63998e-08 0.958209
0.395906 0.7742 0.494213
0.536012 0.683006 0.496261
0.603651 0.797251 3.50589e-06
0.957023 0.290065 2.64854e-05
0.359112 0.635276 0.683793
0.579993 0.749855 0.318342
0.590128 2.64513e-08 0.80731
0.15777 0.987476 8.24443e-07
0.918836 3.57182e-07 0.39464
0.707044 0.511677 0.488144
0.43545 0.841251 0.32045
0.252508 0.725144 0.640964
0.561673 0.827362 1.2187e-06
0.935072 0.354469 1.47666e-06
0.488532 0.60916 0.624816
0.678806 0.734319 8.36904e-07
0.912081 0.410013 1.38973e-07
0.326385 2.86453e-07 0.945237
0.678133 5.421e-08 0.734939
0.360688 0.932687 1.10908e-06
0.238782 1.03281e-07 0.971073
0.168217 0.580442 0.7978
0.745635 0.666357 1.41329e-06
0.320626 0.470713 0.822347
0.700146 0.640184 0.316174
0.515323 0.856997 4.35577e-07
0.842029 0.451933 0.294561
0.601809 0.498887 0.62372
0.530663 1.49351e-07 0.847583
0.619264 1.96557e-08 0.785183
0.487582 0.740171 0.463228
0.638224 0.696143 0.328809
0.366923 1.00871e-05 0.930251
0.435608 1.2682e-08 0.900137
0.762805 2.89172e-08 0.646629
0.204812 0.852539 0.481067
0.862977 0.50525 6.56548e-06
9.12561e-05 0.61311 0.790444
0.792016 0.516188 0.326009
4.62209e-07 1 9.43684e-07
0.403216 2.89486e-07 0.915105
0.817167 0.398382 0.416571
0.942716 4.91609e-08 0.333596
1.71138e-07 8.75183e-08 1
0.123525 1.1266e-08 0.992342
0.984277 1.91829e-07 0.176633
0.73992 0.350704 0.574051
6.2557e-07 0.948449 0.316932
0.466121 0.884722 4.86778e-08
1.28367e-06 0.750304 0.661093
0.895914 5.19733e-07 0.444227
0.870446 7.73445e-08 0.492264
0.964426 2.64241e-08 0.264355
0.670835 0.589812 0.4496
0.451174 0.418031 0.78861
1 1.01729e-07 1.27849e-08
0.872057 0.298486 0.387872
0.384888 0.703155 0.597914
0.642186 0.766556 6.43236e-06
0.807762 0.589511 1.18406e-06
0.764221 0.456535 0.455573
0.70765 2.1851e-07 0.706563
0.885096 0.368081 0.284867
8.61499e-08 0.885657 0.46434
0.712741 0.701429 4.6504e-07
0.000188908 0.800855 0.599246
0.235822 0.971797 4.39153e-07
0.647467 2.5574e-07 0.762094
0.610883 0.638401 0.468274
0.46853 4.19465e-08 0.883447
0.735782 7.09227e-08 0.677219
