0.187643 6.40702e-18 0.982237
0.94759 1.68324e-29 0.31949
0.617147 2.10723e-17 0.786848
0.965975 1.36593e-29 0.258636
0.752168 2.03901e-29 0.658971
0.435315 2.64412e-17 0.900278
0.701107 1.39742e-29 0.713056
0.224825 1.36559e-17 0.974399
0.842576 2.87695e-17 0.538578
0.290185 9.90828e-18 0.956971
0.921991 3.14811e-17 0.387212
0.989268 1.68324e-29 0.146113
0.79946 2.72974e-17 0.60072
0.997952 1.63933e-29 0.0639685
0.961556 2.01814e-29 0.274607
0.122146 4.17064e-18 0.992512
0.95236 1.63933e-29 0.304975
0.274698 9.37948e-18 0.961531
0.525001 1.7464e-29 0.851101
0.806962 1.39742e-29 0.590603
0.91098 1.39742e-29 0.412451
0.399102 1.68324e-29 0.916906
0.791842 1.63933e-29 0.610726
0.932567 1.68324e-29 0.360996
0.206725 1.7253e-17 0.978399
0.386586 1.39742e-29 0.922253
0.514254 1.75591e-17 0.857638
0.423401 1.44569e-17 0.905943
0.607322 5.06863e-17 0.794456
0.835678 1.63933e-29 0.54922
0.53567 4.47063e-17 0.844427
0.735575 2.5116e-17 0.677443
0.145774 4.97743e-18 0.989318
0.0956289 3.26522e-18 0.995417
0.333707 1.68324e-29 0.942677
0.957021 2.06235e-29 0.29002
0.636583 1.97559e-29 0.771208
0.674089 2.06235e-29 0.73865
0.0637852 2.17793e-18 0.997964
0.727122 6.06846e-17 0.686508
0.760308 4.61814e-17 0.649562
0.9427 1.97559e-29 0.33364
0.821503 2.03901e-29 0.570204
0.743924 1.63933e-29 0.668264
0.305108 2.54639e-17 0.952318
0.974375 1.39742e-29 0.224928
0.862624 2.94541e-17 0.505846
1 8.34587e-17 3.04816e-20
0.347453 2.89979e-17 0.937698
0.481159 1.39742e-29 0.876633
0.360803 1.36593e-29 0.932642
0.577207 1.63933e-29 0.816598
0.905308 3.09115e-17 0.424755
0.81428 1.39742e-29 0.580472
0.458508 1.56557e-17 0.88869
0.84937 1.68324e-29 0.527797
0.916541 5.5671e-17 0.39994
0.970247 1.39742e-29 0.242116
0.985838 1.68324e-29 0.167701
0.566962 1.97559e-29 0.823744
0.899521 3.07139e-17 0.436877
0.927332 2.06235e-29 0.37424
0.992479 6.02835e-17 0.122416
0.167419 5.71647e-18 0.985886
0.319628 1.94143e-17 0.947543
0.546223 1.68324e-29 0.83764
0.44699 1.52623e-17 0.894539
0.718562 2.45351e-17 0.695463
0.887657 1.63933e-29 0.460505
0.258696 2.15904e-17 0.965959
6.12363e-17 1.06883e-28 1
0.98218 5.96579e-17 0.187944
0.709888 1.97559e-29 0.704315
0.469924 3.92192e-17 0.882707
0.995397 8.30745e-17 0.0958393
0.784118 6.54415e-17 0.620612
0.664871 2.27018e-17 0.746958
0.556674 1.68324e-29 0.830731
0.776294 1.97559e-29 0.630371
0.411395 1.97559e-29 0.911457
0.646105 1.63933e-29 0.763249
0.503374 1.71876e-17 0.864068
0.869058 2.96738e-17 0.494711
0.89364 2.06235e-29 0.448784
0.692212 1.7464e-29 0.721694
0.875363 1.68324e-29 0.483467
0.242138 8.26776e-18 0.970242
0.626939 2.01814e-29 0.779068
0.768352 2.62352e-17 0.640027
0.373828 3.11992e-17 0.927498
0.587358 1.97559e-29 0.809327
0.828647 2.82939e-17 0.559772
0.978351 2.06235e-29 0.206953
0.683204 2.33278e-17 0.730227
0.492313 1.68099e-17 0.870419
0.881565 1.68324e-29 0.472063
0.85605 1.97559e-29 0.516893
0.655547 1.39742e-29 0.755154
0.597409 2.03984e-17 0.801937
0.937694 1.97559e-29 0.347462
