4.90232e-05 0.620365 0.380944
0.00489956 0.783032 0.216599
0.112142 0.331773 0.558659
0.159554 0.467638 0.37733
0.892438 0.0084502 0.105708
0.0760251 0.223901 0.702692
0.696861 0.00598213 0.302336
0.637738 0.00627074 0.36073
0.717178 0.00333282 0.281288
0.00167843 0.467239 0.534808
0.141647 0.423183 0.436541
0.00218035 0.422024 0.578261
0.402806 0.011587 0.592834
0.0018192 3.18293e-05 1.00248
0.000114482 0.545156 0.455471
0.17137 0.513977 0.316142
0.677818 0.000946964 0.322696
0.000187917 0.876764 0.123807
0.616859 0.00193228 0.382225
0.190077 0.569253 0.241966
0.0973541 0.285268 0.621199
0.163531 0.482513 0.35778
0.543019 0.00319346 0.455276
0.322482 0.00430071 0.677035
0.239183 0.723869 0.0382633
0.821305 0.00948336 0.176326
0.195628 0.00184555 0.805365
0.876534 0.000489068 0.123856
0.738675 0.000194901 0.26399
0.236399 0.708742 0.0572516
0.185886 0.551139 0.266011
0.00340351 0.339222 0.659971
0.000232016 0.719534 0.280913
0.842902 0.00362797 0.154815
0.200466 0.600777 0.200819
0.558451 0.00790307 0.438344
0.373876 0.00256317 0.62591
0.224909 0.673799 0.103108
0.0858261 0.252715 0.664471
0.000227003 0.37471 0.627384
0.00711513 0.90712 0.0913608
0.504675 0.00422471 0.493923
0.220256 0.65921 0.1217
0.929613 0.00794957 0.0691313
0.657743 0.00342822 0.341298
0.195526 0.586102 0.21955
0.000882955 0.291564 0.708794
1.00043 0.00111557 3.12713e-05
0.00142726 0.0680678 0.933158
0.00308417 0.14707 0.853267
0.121541 0.358764 0.522909
0.755256 0.0139732 0.240812
0.945416 0.00418567 0.052969
0.000921778 0.507176 0.494219
0.47881 0.0074462 0.517578
0.247823 0.754492 6.42289e-05
0.000751996 0.810534 0.190271
0.134818 0.400823 0.466358
0.982694 3.8851e-05 0.0192139
0.263035 0.000140587 0.741871
0.0476146 0.139215 0.817817
0.215776 0.646219 0.140597
0.00168945 0.845658 0.155109
0.777134 0.0120467 0.218322
0.530924 5.7855e-05 0.470348
0.104713 0.311812 0.585056
0.0577972 0.16956 0.775842
0.962403 0.00477089 0.0353398
0.00552151 0.939054 0.0591334
0.435505 0.000408871 0.565587
0.12684 0.37986 0.494981
0.911183 0.00711665 0.0875931
0.0413519 0.000259105 0.960778
0.165627 0.496414 0.339847
0.244099 0.738632 0.018664
0.860775 0.00711747 0.136875
0.00569186 0.689105 0.30914
0.458093 0.00628221 0.538749
0.5771 0.0190138 0.419991
6.15498e-05 0.973311 0.032077
0.101528 0.00253393 0.899728
0.0322942 0.100204 0.87083
0.00481648 0.588437 0.41114
0.231147 0.691423 0.0798778
0.226923 0.00301457 0.771997
0.149629 0.000690505 0.853049
0.150349 0.447342 0.405014
2.49457e-05 0.229103 0.772043
0.0673237 0.197545 0.738395
0.210366 0.632166 0.158672
0.000769624 1.0007 2.14527e-05
0.205851 0.618796 0.176808
7.25361e-05 0.00450967 1.0029
0.35129 0.000848512 0.649589
0.59931 0.00506438 0.399142
0.00350066 0.656263 0.343425
0.291826 0.000490497 0.709005
0.00577352 0.752467 0.246519
0.179766 0.533802 0.28974
0.800986 0.00282948 0.197455
