0.664926 0.201483 0.135888
0.0378676 0.495538 0.468866
0.593278 0.00149794 0.416169
0.810428 0.00125385 0.192046
0.00131707 0.061053 0.941318
0.0667459 0.740734 0.202763
0.0536862 0.765563 0.184068
0.00191988 0.747534 0.253679
0.839994 0.00383478 0.162617
0.671422 0.000719095 0.329693
0.135718 0.0378242 0.831518
0.375066 0.114711 0.511997
0.760854 0.221632 0.0187966
0.0692432 0.91141 0.0262703
0.029337 0.324298 0.653275
0.062042 0.786266 0.160883
0.606087 0.185302 0.21057
0.0519935 0.00359284 0.951732
0.0651594 0.892036 0.0465811
0.000705105 0.37357 0.628078
0.751993 0.196273 0.0745519
0.424736 0.11226 0.466433
0.0658176 0.830121 0.11248
0.355157 0.108081 0.538187
0.776894 0.000689824 0.227023
0.0729734 0.931862 0.00496903
0.966665 0.00397716 0.0344195
0.0402557 0.449229 0.517456
0.279339 0.0856265 0.640592
0.0131195 0.149036 0.84194
0.625135 0.00568103 0.374158
0.00204197 1.00197 0.000987778
0.0321475 0.393939 0.577986
0.508574 0.152936 0.341123
0.00012612 0.680673 0.320453
0.348736 0.00158064 0.660106
0.0656168 0.698432 0.24667
0.255538 0.00126746 0.748706
0.723977 0.225568 0.0599095
0.170278 0.0450404 0.787984
0.64449 0.196259 0.162629
0.58556 0.180856 0.237678
8.29252e-05 0.0240374 1.01378
0.532538 0.00199271 0.469016
0.0238156 0.279437 0.699644
0.933667 0.00288054 0.0667325
0.000446623 0.534369 0.46943
0.438999 0.00013119 0.570319
0.623437 0.19189 0.188077
0.000801954 0.00096804 1.00204
0.248147 0.0747525 0.682237
0.0389353 0.511742 0.452769
0.308556 0.0927472 0.60152
0.705849 0.000163736 0.299298
0.548483 0.167109 0.287247
0.0237865 0.243964 0.737891
0.746533 0.217107 0.0374807
0.0376256 0.475536 0.491474
0.0508501 0.605599 0.352812
0.00181119 0.106529 0.893553
0.873108 0.000566118 0.128734
0.743883 0.0036379 0.25746
9.22005e-05 0.486242 0.519825
0.683543 0.207076 0.112142
0.0437658 0.634214 0.324914
0.184555 0.00030452 0.816781
0.000681286 0.819591 0.1828
0.777566 0.225211 0.000148323
0.0614395 0.874165 0.0659842
1.01493 0.000238057 0.0056242
0.528634 0.159603 0.315909
0.389283 0.00180204 0.6125
0.0291823 0.363356 0.610909
0.899726 0.00143502 0.102356
0.000246698 0.1846 0.816203
0.2122 0.0671418 0.727391
0.0504643 0.583894 0.372943
0.000466176 0.888779 0.113395
1.00007 0.00344102 0.000299574
4.4701e-05 0.953337 0.0496922
0.46522 0.134082 0.403563
0.441148 0.118849 0.442766
0.00368659 0.220579 0.781685
0.0382335 0.425225 0.542699
0.0415607 0.532187 0.430021
0.058048 0.809752 0.134263
0.482173 0.00506494 0.51952
0.702385 0.216744 0.0887501
0.0606336 0.968494 0.000167309
0.0583124 0.67656 0.273648
0.0625879 0.852394 0.0883272
0.0474396 0.65514 0.302588
0.331461 0.099027 0.57127
0.566805 0.172634 0.262098
0.39775 0.124672 0.486674
0.485686 0.148598 0.371412
0.0481586 0.56156 0.395934
0.0628753 0.718703 0.225159
0.00250886 0.627162 0.374822
0.0940661 5.33979e-05 0.907818
