0.000318354 0.310723 0.697322
0.199318 0.742545 0.0606208
0.0739293 0.268384 0.659412
0.00223599 0.334023 0.67706
0.182463 0.646619 0.178648
0.0174467 0.610463 0.410021
0.0602586 0.203922 0.738916
0.191183 0.705814 0.107368
0.030951 0.844609 0.227831
0.0252065 0.0725737 0.905433
0.018702 0.474891 0.522974
0.132643 0.447649 0.42819
0.089833 0.345144 0.567406
0.190389 0.813756 0.000829125
0.0400397 0.856697 0.217901
0.121029 0.409877 0.474985
0.138675 0.496217 0.370073
0.0281921 0.640587 0.344846
0.0004018 0.252727 0.759262
0.0354167 0.122605 0.843516
0.141621 0.507638 0.355154
0.211549 0.797239 0.000102118
0.0110304 0.0305293 0.960178
0.00703432 0.358793 0.659513
0.173184 0.623341 0.207064
0.0390316 0.0971214 0.873839
0.178513 0.858884 0.0356179
0.204876 0.756211 0.0435043
0.0774026 0.281702 0.643206
0.0415536 0.131727 0.830657
0.105926 0.377649 0.518489
0.0251046 0.519928 0.47003
0.15342 0.703487 0.157362
0.0832413 0.294943 0.625483
0.0146911 0.0405308 0.946852
0.178652 0.660854 0.164778
0.108866 0.388495 0.50472
0.128387 0.599683 0.281846
0.174921 0.633974 0.194194
0.127812 0.437323 0.440775
0.168608 0.601068 0.237081
0.0243365 0.432098 0.562256
0.162322 0.576699 0.266372
0.144763 0.522015 0.337172
0.149004 0.693701 0.17773
0.000338178 2.5489e-05 1.00069
0.0308117 0.743382 0.267627
0.0284007 0.0838307 0.889559
0.0264158 0.673437 0.324471
0.0850761 0.319416 0.598036
0.0274261 0.807069 0.242382
0.17277 0.847146 0.0485742
0.081584 0.222225 0.713514
0.141915 0.669526 0.203069
0.0142634 0.578361 0.436841
0.213644 0.781122 0.0136349
0.133421 0.461259 0.413184
0.207867 0.767518 0.0296383
0.0600806 0.164682 0.785462
0.0865909 0.306665 0.611366
0.069848 0.212974 0.725889
0.0186061 0.0500308 0.934069
0.0701197 0.184683 0.760637
0.132361 0.4735 0.399649
0.118839 0.423474 0.460202
0.0539078 0.154773 0.797884
0.104127 0.366969 0.534473
0.0186431 0.391117 0.600713
0.186316 0.681675 0.137491
0.0362396 0.70215 0.29179
0.0213463 0.0607349 0.920209
0.181835 0.670573 0.151147
0.078668 0.174122 0.772998
4.37908e-05 0.192708 0.815993
0.049047 0.861647 0.210901
0.187893 0.693214 0.123352
0.150057 0.543518 0.308864
0.0501019 0.143385 0.813502
0.193478 0.718923 0.0912108
0.170731 0.613942 0.219173
0.137639 0.483935 0.386249
0.066341 0.929319 0.198136
0.101723 0.549186 0.364816
0.0733114 0.245348 0.685985
0.147393 0.532116 0.323397
0.0938501 0.355679 0.553718
0.0777549 0.256066 0.67419
0.0690998 0.192802 0.751073
0.164344 0.769203 0.0861532
0.00751275 0.0212799 0.972025
0.157257 0.565702 0.28162
0.0688268 0.234161 0.700111
0.116924 0.400083 0.488137
0.154067 0.554403 0.295813
0.166061 0.587826 0.252748
0.00382762 0.0110897 0.985728
0.158665 0.740997 0.113677
0.0945287 0.332289 0.581078
0.0323737 0.108931 0.860343
0.19588 0.729178 0.0774121
