0.165516 0.0470218 0.791945
0.697074 0.000627518 0.303734
0.896151 0.00109776 0.105645
0.732463 0.00407912 0.270429
0.612373 0.146693 0.244998
0.00537734 0.789108 0.209773
0.770339 0.00310938 0.231753
0.809389 0.175651 0.0161362
0.0113722 0.516269 0.478765
0.000435006 1.00307 0.00351591
0.783283 0.159881 0.0661552
0.532272 0.000676889 0.470644
0.79802 0.00902654 0.202924
0.738532 0.171675 0.094322
0.269437 0.000809207 0.731448
0.423989 0.11117 0.471613
0.00688938 0.65358 0.345579
0.00910602 0.473021 0.52344
0.298666 0.0803014 0.623671
0.00381133 0.536558 0.461355
0.507254 0.12591 0.373999
0.669645 0.154869 0.178142
0.00478043 0.234823 0.764932
0.836653 0.00154166 0.167917
9.94041e-05 0.875533 0.128495
0.0203831 0.764419 0.229923
0.277327 0.0746687 0.649949
0.00271621 0.586583 0.411749
0.332506 0.00153573 0.66865
0.0022966 0.631382 0.369296
0.00924022 0.950405 0.0438176
0.084374 0.0315752 0.88863
0.000505604 0.269312 0.731509
0.402351 0.104366 0.498384
0.571919 0.138686 0.295614
0.553629 0.132511 0.318068
0.0078438 0.742205 0.256024
0.22586 0.0599804 0.717171
0.687928 0.161736 0.156184
0.00866604 0.913739 0.0818638
4.86688e-05 0.697695 0.303831
0.490586 0.0884605 0.425322
0.59614 0.141496 0.266413
0.642652 0.00112703 0.358468
0.129513 0.0347501 0.838122
0.451679 0.112708 0.440597
0.00652758 0.195318 0.809222
0.772861 0.181948 0.0511255
0.994192 9.21464e-05 0.0119756
0.224708 0.00156229 0.782658
0.00270288 0.144566 0.86007
0.0123458 0.980778 0.0127831
0.486147 0.00462691 0.517947
0.013891 0.880437 0.112672
0.447325 0.00135272 0.554712
0.490899 0.118451 0.392278
0.925929 0.00478545 0.0765837
0.151135 0.00135294 0.853345
0.00841712 0.558676 0.43998
0.0122348 0.806853 0.187983
0.0168852 0.931122 0.0630287
0.0100995 0.8252 0.168869
0.528972 0.12728 0.349382
1.00377 0.00220211 0.00100605
0.576234 0.11252 0.318831
0.822896 0.182442 8.70531e-05
0.0102913 0.965877 0.0278893
0.00986211 0.717871 0.280525
0.00866063 0.676598 0.322389
0.71917 0.167517 0.117379
0.704489 0.161593 0.135404
0.87174 0.000522233 0.130365
0.648492 0.164499 0.197933
0.00695798 0.997305 0.000174569
0.00831914 0.898966 0.0963623
0.325014 0.0884435 0.58986
0.590869 0.000572745 0.411831
0.00362325 0.302083 0.697532
3.04517e-05 1.97575e-05 1.00667
0.0105201 0.862115 0.130665
0.0190412 0.495605 0.499256
0.0105147 0.388124 0.609576
0.472114 0.118573 0.415004
0.000174286 0.454715 0.54738
0.394596 0.000216327 0.610547
0.629939 0.155294 0.221658
0.00263027 0.424523 0.57543
0.255315 0.0682956 0.678378
0.00534696 0.362025 0.637428
0.75565 0.17674 0.072078
0.380919 0.0934876 0.528288
0.00292861 0.331809 0.668615
0.0522701 0.00052358 0.949106
0.19835 0.0523046 0.752281
0.354119 0.0976895 0.55343
0.00696513 0.606121 0.390211
0.0112847 0.846318 0.146773
0.961933 0.00175592 0.0410203
0.789584 0.188029 0.0314782
0.000984519 0.0637154 0.938791
