0.3242 0.0568763 0.622787
0.0045179 0.169207 0.830599
0.000293357 0.694713 0.305416
0.45144 0.075006 0.475489
0.654512 0.108935 0.241203
0.000961839 0.207199 0.796054
0.0171754 0.874956 0.120178
0.81113 0.134749 0.0563036
0.540164 0.0922555 0.370049
0.97873 1.66296e-05 0.0229615
0.746653 0.000993803 0.253453
0.466447 0.000926593 0.53451
0.00567805 0.778227 0.219112
0.00276527 0.641308 0.357808
0.652944 0.00027453 0.347861
0.00572084 0.548462 0.449426
0.00914875 0.891786 0.102901
0.00693826 0.761055 0.236445
0.790961 0.00138102 0.208636
0.843922 0.141976 0.0190301
0.00785155 0.828674 0.166999
0.000288305 0.400648 0.599963
0.747358 0.125901 0.128426
0.827631 0.139347 0.0368808
0.000356918 0.00117563 1.00658
2.67409e-05 0.35838 0.643533
0.861428 0.140407 0.000269776
0.433322 0.0725295 0.496032
0.0044483 0.743975 0.253908
0.913162 0.000357088 0.0878303
0.698082 0.00101391 0.301549
0.00644408 0.572097 0.426192
0.944409 0.00133228 0.0556532
0.0056565 0.965439 0.0320801
0.00495921 0.862443 0.134381
0.00305203 0.707575 0.291649
0.764425 0.129903 0.109258
0.711561 0.125515 0.167875
0.127171 0.0214414 0.855863
0.242618 0.0401129 0.720787
0.633266 0.108353 0.262651
0.00227335 0.526594 0.472332
0.00265344 0.659787 0.339382
0.00099612 0.131108 0.87303
0.395657 0.0639502 0.543829
0.349283 0.0611034 0.594082
0.237922 0.000178473 0.762384
0.193133 0.0340324 0.777417
0.16212 0.029052 0.813507
0.34896 5.11111e-05 0.653328
0.000747066 0.237464 0.762431
0.593568 1.99753e-05 0.406891
9.27237e-05 0.97931 0.0211737
0.796306 0.133489 0.073589
0.00049412 0.796814 0.203313
0.00454699 0.374711 0.623274
1.00132 0.000391932 1.45542e-05
0.000191725 0.0786743 0.928263
0.0115829 0.72402 0.273202
0.00254342 0.67841 0.321168
0.086768 0.00848785 0.907285
0.00390616 0.326624 0.672134
0.0110708 0.905869 0.0887047
0.472645 0.0782818 0.451216
0.0227284 5.69114e-05 0.985425
0.00564937 0.934181 0.0632511
0.0055081 0.454531 0.542014
0.00578935 0.426269 0.570832
0.614311 0.104374 0.284549
0.575516 0.096747 0.329754
8.23155e-06 0.593588 0.406996
0.693881 0.128808 0.18907
0.000326553 0.98928 0.0110362
0.781309 0.127294 0.0930484
0.827526 0.00167 0.172873
0.728312 0.130002 0.148179
0.405012 0.000526502 0.595395
0.000185012 0.923423 0.077333
0.507397 0.0847216 0.410872
0.000939931 0.508736 0.491987
0.679008 0.112144 0.212776
0.488407 0.080919 0.432184
0.591966 0.0997434 0.310091
0.0102289 0.845133 0.149716
0.372427 0.0624134 0.568185
0.00409791 0.812225 0.185037
0.557364 0.0955783 0.350331
0.524366 0.0865785 0.390047
0.301262 0.0551547 0.650708
0.417509 0.0698685 0.515384
0.00116157 1.00053 8.24934e-06
0.869324 0.0004986 0.132315
0.0111046 0.948591 0.0476534
0.527922 0.000599592 0.472195
0.0563172 0.000833058 0.94581
0.00460799 0.616754 0.38274
0.00706738 0.481101 0.517093
0.270958 0.0435878 0.687236
0.00181473 0.268046 0.733252
0.00631006 0.29771 0.7011
