0.0387178 0.283531 0.68472
0.0776383 0.84921 0.0790557
0.0064632 0.576569 0.462437
0.0361978 0.115505 0.854509
0.0621883 0.666412 0.278842
0.053839 0.444395 0.51589
0.0779213 0.884159 0.0405735
0.0426965 0.920296 0.055389
0.0421968 0.487358 0.474483
0.0794586 0.895874 0.0297762
0.0401377 0.294321 0.673265
0.0697616 0.641733 0.305624
0.0528102 0.59878 0.352168
0.0796879 0.918719 0.00650256
0.00015326 0.390044 0.619287
0.0843918 0.207026 0.742071
0.0333291 0.262308 0.708013
0.0439409 0.144391 0.817278
0.0744662 0.677207 0.267564
0.0306162 0.323556 0.647426
0.0450948 0.37195 0.591254
0.0399629 0.900801 0.0744974
0.0513304 0.585724 0.366134
0.00364484 0.246947 0.766642
0.0391619 0.473322 0.490512
0.0117955 0.0341767 0.955064
0.000220499 0.294953 0.711303
0.0726568 0.792633 0.140563
0.0377855 0.332415 0.634976
0.0402482 0.307648 0.660674
0.0717809 0.813949 0.11721
0.0428665 0.344543 0.621306
0.0963832 0.22792 0.727442
0.0079062 0.7515 0.301726
9.07068e-05 0.141622 0.869375
0.0727786 0.759727 0.17756
0.0402225 0.408451 0.554552
0.0457949 0.550701 0.405132
0.00888684 0.024785 0.967486
0.0519091 0.160096 0.795946
0.0476514 0.15348 0.804764
0.0484215 1.00658 0.0157094
0.0571094 0.655539 0.291128
0.0679831 0.723114 0.216019
0.00264762 0.00716317 0.990836
0.0414615 0.248405 0.719794
0.0162238 0.841547 0.174349
0.0600892 0.957554 0.00126782
0.0728999 0.931222 4.18087e-05
0.0672004 0.175441 0.775094
0.0690117 0.746455 0.190802
0.0056161 0.0156436 0.980344
0.0474397 0.562222 0.392095
0.037264 0.385262 0.578685
0.0153878 0.043062 0.943532
0.073715 0.826941 0.103089
0.0549426 0.621655 0.32754
0.0458084 0.501786 0.459332
0.00294861 0.461555 0.5519
0.0668155 0.699289 0.242417
0.0540366 0.612282 0.337626
0.0347753 0.0923601 0.879551
0.021617 0.870605 0.151201
0.0789181 0.861009 0.066556
0.040496 0.358036 0.607109
0.0665669 0.735417 0.20226
0.0743173 0.837471 0.091453
0.0526329 0.525381 0.432971
0.0820509 0.872377 0.0534047
0.038597 0.396306 0.566978
0.0288119 0.0746108 0.903023
0.0664183 0.769889 0.16569
0.0759491 0.185526 0.762846
3.85212e-05 3.77251e-05 1.00051
0.0593594 0.631659 0.316446
0.0255585 0.0643885 0.91633
0.0323598 0.0836934 0.890546
0.0393542 0.104954 0.86687
0.0106893 0.786033 0.238357
0.0738428 0.433421 0.526859
0.0706 0.803673 0.12839
0.0640776 0.71061 0.229363
0.0631302 0.457748 0.504015
0.0200934 0.05383 0.929824
0.0769867 0.1923 0.754963
0.0173658 0.609822 0.387451
0.0520401 0.538119 0.419109
0.0487618 0.512708 0.446267
0.0351569 0.64288 0.330372
0.015352 0.805547 0.197814
0.0387336 0.12517 0.840931
0.00856861 0.740156 0.291576
0.0518313 0.574511 0.37932
0.0553063 0.68996 0.256157
0.0672002 0.780911 0.154021
0.000772269 0.438364 0.571511
0.0326015 0.272683 0.696662
0.04602 0.423057 0.538482
0.0414481 0.133879 0.830058
0.0775475 0.907675 0.0179479
