0.726543 0.00980037 0.268211
0.00128626 0.0762835 0.92676
0.779544 0.00252248 0.219482
0.708356 0.00697891 0.286014
0.156098 0.469951 0.375468
0.0019181 0.829687 0.169555
6.95092e-05 0.0137726 0.993932
0.249635 0.752105 0.000178269
0.412753 0.00487892 0.584277
0.00187928 0.469502 0.531147
0.391795 0.000876389 0.609682
0.000276615 0.157838 0.842834
0.625826 0.00391908 0.372156
0.000565014 0.794643 0.205329
0.000355226 0.765625 0.235687
0.930657 0.00868101 0.065463
0.00119715 0.699307 0.302313
0.230615 0.691724 0.079145
0.227098 0.672022 0.104874
0.114946 0.34386 0.542651
0.000973545 0.421148 0.581066
0.135476 0.404702 0.461291
0.0610263 0.177093 0.768385
0.982017 0.00233202 0.0178354
0.205956 0.612949 0.184013
0.000122583 0.504527 0.496524
0.749153 0.00182865 0.25029
0.794543 3.46085e-05 0.205965
0.0010486 0.734412 0.266663
0.0353647 0.10221 0.866413
0.825106 0.00357443 0.17296
0.18889 0.561625 0.252025
0.0392013 8.03734e-05 0.966885
0.884069 0.000170986 0.116432
0.198548 0.594493 0.208561
5.28198e-05 0.969119 0.0311655
0.916049 0.00949571 0.0809755
0.164809 0.000146184 0.83554
0.00176516 0.551061 0.450307
0.808238 0.00668115 0.189151
0.129231 0.385817 0.486941
0.862904 0.00836724 0.134019
0.097163 0.00291243 0.905229
0.00326875 0.901163 0.0980144
0.169751 0.500725 0.333543
0.29113 0.00271819 0.70949
6.56919e-05 0.210905 0.789941
0.246033 0.00405423 0.752031
0.52479 0.000246186 0.478777
0.583876 0.012669 0.4108
0.967218 0.000652918 0.0327098
0.00160665 0.249973 0.752223
0.344973 0.00695774 0.653431
0.212017 0.631565 0.159604
0.210511 0.0004894 0.789955
0.122786 0.364302 0.516028
0.149818 0.449687 0.401848
0.236822 0.708344 0.0575653
0.0458817 0.136999 0.820186
0.898341 0.00225374 0.101612
0.0020526 0.935331 0.0651825
0.0912072 0.264624 0.648891
0.64851 0.00649294 0.3478
0.319038 0.00400888 0.679689
0.0973782 0.290404 0.615529
0.565613 0.00685661 0.429803
0.437761 0.00969209 0.558748
0.21758 0.652217 0.131736
0.688789 0.0110218 0.30629
0.00157606 0.593076 0.407553
0.502576 0.00259 0.496726
0.215929 0.710665 0.0833805
0.000359215 0.373167 0.627906
0.177607 0.531274 0.292424
0.608883 0.00120005 0.391358
0.245593 0.736724 0.019504
0.541974 0.00658979 0.454162
0.000594868 0.0001642 1.00931
0.00197492 0.664679 0.336591
0.193468 0.578629 0.229166
0.484792 0.000438259 0.515639
1.00067 0.000358634 5.11818e-05
0.370305 0.00438114 0.627805
0.000678071 1.0004 4.82429e-05
0.107861 0.320973 0.573045
0.241131 0.722911 0.0384146
0.14198 0.42547 0.434523
3.36265e-05 0.628413 0.37455
0.182094 0.544408 0.275642
0.0698826 0.208508 0.724043
0.00122495 0.868392 0.13156
0.161184 0.48619 0.354272
0.948511 0.0079292 0.0476831
0.079116 0.236488 0.687948
0.46157 0.013178 0.535374
0.66683 0.00646351 0.329425
0.172726 0.517856 0.311065
0.76481 0.00198231 0.234334
0.000269275 0.307239 0.694391
0.844965 0.00646685 0.152215
