0.449746 0.0573681 0.523331
0.404957 0.103537 0.498578
0.530425 0.114366 0.358954
0.102337 0.0343509 0.864109
0.651054 0.128885 0.222012
0.716673 0.148072 0.145113
0.39502 0.0953962 0.511192
0.577192 0.0879425 0.348796
0.747685 0.155552 0.108398
0.737819 0.149124 0.119474
0.465435 0.065607 0.495056
0.508791 0.0746926 0.442219
0.844674 0.157342 9.21256e-05
0.481984 0.0690162 0.46895
0.696792 0.107958 0.23247
0.79788 0.121097 0.114504
0.728192 0.145651 0.131344
0.760796 0.117615 0.149528
0.417074 0.107295 0.484438
0.169958 0.0623141 0.773961
0.612994 0.138912 0.260888
0.799586 0.148656 0.0529273
0.173283 0.000110143 0.838588
0.08008 0.0268549 0.893723
0.14633 0.0492216 0.805412
0.649242 0.102988 0.263934
0.234101 0.0954734 0.693539
0.833766 0.154721 0.0123747
0.71278 0.112228 0.194115
0.32148 0.0844615 0.600204
0.554586 0.118299 0.33077
0.0292927 0.0101072 0.961485
0.283073 0.0856675 0.639601
0.271764 0.0775638 0.654588
0.891 0.133453 0.0709775
0.35544 0.089214 0.559426
0.0914869 0.0316789 0.878521
0.745853 0.0833678 0.385218
0.239297 0.000347453 0.785548
0.491777 0.119777 0.398659
3.85838e-05 3.38832e-05 1.00061
0.298997 0.0308034 0.698074
0.453787 0.107915 0.441503
0.26056 0.0791123 0.66906
0.135116 0.0457684 0.820285
0.114036 0.0378118 0.848913
0.0184323 0.00730235 0.975839
0.673118 0.136279 0.196195
0.180055 0.0656447 0.760748
0.212397 0.0775459 0.718401
0.541091 0.125377 0.34575
0.337449 0.00915729 0.738415
0.693626 0.137464 0.171307
0.683708 0.134704 0.183601
0.419561 0.0522941 0.544448
0.048933 0.0174652 0.935195
0.822523 0.152367 0.0255421
0.29511 0.0917649 0.626632
0.428238 0.12337 0.471324
0.624799 0.143126 0.249253
0.51904 0.112236 0.374001
0.788798 0.146319 0.0653779
0.0396107 0.0141808 0.947955
0.776477 0.160815 0.0758511
0.357329 0.0159348 0.730256
0.762929 0.156439 0.0907529
0.811785 0.150352 0.0388736
0.389139 0.047624 0.580933
0.509241 0.107126 0.386151
0.703756 0.141604 0.159002
0.579557 0.123165 0.30191
0.82515 0.12582 0.0917245
0.661047 0.134011 0.209757
0.20146 0.0704405 0.732147
0.248361 0.0735382 0.684816
0.347342 0.0441557 0.623063
0.381187 0.0928949 0.528511
0.158259 0.0539875 0.790159
0.287151 0.0026959 0.757494
0.589755 0.128515 0.288607
0.223233 0.0869189 0.704438
0.601997 0.133252 0.273168
0.260295 0.0263131 0.724669
0.0701645 0.023974 0.907295
0.47834 0.116961 0.41214
0.321738 0.0414654 0.643746
0.442416 0.105844 0.456449
0.123449 0.0437179 0.835966
0.465753 0.113578 0.426265
0.190378 0.0720606 0.747136
0.64046 0.0990648 0.285072
0.310941 0.0755925 0.615888
0.34368 0.0871058 0.573826
0.00875914 0.0032934 0.988679
0.332135 0.0885892 0.587094
0.0587943 0.0210249 0.92237
0.640272 0.127601 0.235341
0.565651 0.123005 0.317235
0.365713 0.0926245 0.546818
0.601261 0.0921781 0.323645
