0.00474366 0.281529 0.724143
0.0557978 0.165185 0.780682
0.134677 0.398111 0.469959
0.0768462 0.226173 0.698995
0.102919 0.303076 0.596588
0.189873 0.559732 0.254406
0.00918538 0.756638 0.350845
0.239741 0.711516 0.0516362
0.00614136 0.333165 0.670959
0.0941316 0.2773 0.631101
0.00602047 0.674804 0.380333
0.195306 0.583875 0.222056
0.0404927 0.118906 0.842049
0.00276159 0.00780047 0.9899
0.148439 0.431957 0.424995
1.33659e-05 0.000102439 1.00077
0.0478684 0.140336 0.813356
0.00572785 0.43361 0.575809
0.00211547 0.556979 0.457595
0.25115 0.750801 0.000106555
0.0973231 0.289534 0.614985
0.108514 0.316667 0.57855
0.000306447 0.232014 0.802334
0.157383 0.472134 0.371264
0.23513 0.76151 0.0231645
0.0156966 0.710686 0.354315
0.0297606 0.0884337 0.882899
0.168648 0.508992 0.323084
0.044809 0.129314 0.828073
0.147301 0.442912 0.411024
0.171874 0.517861 0.311011
0.00609336 0.0166674 0.978226
0.224043 0.669314 0.107897
0.119394 0.350326 0.533277
0.174737 0.613584 0.24773
0.20396 0.605663 0.192956
0.166013 0.500763 0.334229
0.00900246 0.532146 0.486501
0.202565 0.673568 0.142138
0.217571 0.647256 0.13754
0.162347 0.491051 0.348233
0.0627356 0.187181 0.750887
0.245942 0.738049 0.0169677
0.137168 0.408653 0.455762
0.0731492 0.214663 0.714706
0.209996 0.61691 0.178272
0.168757 0.590192 0.265923
0.144109 0.420091 0.440333
0.18665 0.680113 0.19596
0.194906 0.669904 0.175055
0.129596 0.386453 0.485249
0.0269004 0.0775748 0.897023
0.0886142 0.263567 0.649669
0.00212202 0.463453 0.55067
0.00344363 0.64227 0.401095
0.160591 0.479856 0.361217
0.0337513 0.875537 0.314205
0.0514455 0.153445 0.795874
0.0695817 0.203807 0.729023
0.176524 0.527665 0.296951
0.12112 0.360857 0.519305
0.0563312 0.896127 0.309768
0.180706 0.658111 0.222014
0.0851441 0.250562 0.666716
0.126503 0.3747 0.500955
0.232175 0.689479 0.0814527
0.0599281 0.177326 0.764144
0.0230697 0.505672 0.510667
0.0335175 0.0991441 0.868325
0.228543 0.67868 0.0954785
0.110434 0.32881 0.561898
0.243265 0.724077 0.0355991
0.221662 0.658025 0.123235
0.165924 0.575723 0.286644
0.000581163 0.577211 0.451212
0.0194422 0.779124 0.338005
0.000694892 0.40743 0.626577
0.0117584 0.0266255 0.964965
0.00308141 0.604495 0.420843
0.0222465 0.0660546 0.91259
0.192374 0.572083 0.238085
0.150606 0.452391 0.397952
0.210591 0.626813 0.164674
0.0800726 0.237294 0.684492
0.0143302 0.0368026 0.951836
0.209774 0.694865 0.11494
0.0688397 0.196101 0.740558
0.15418 0.462639 0.383717
0.236393 0.70047 0.0665332
0.0164484 0.046222 0.939265
0.214321 0.637659 0.150312
0.200013 0.595394 0.206623
0.183437 0.547948 0.270139
0.218363 0.722951 0.0834797
0.0378754 0.109023 0.85506
0.114042 0.339253 0.548167
0.0189622 0.0557583 0.926093
0.180237 0.538131 0.283109
0.0302746 0.832311 0.321991
0.228007 0.733437 0.0495406
