0.323192 0.00110569 0.678101
0.0155903 0.955568 0.0389059
0.0081049 0.742233 0.252726
0.0364268 0.878184 0.116843
0.00915762 0.65973 0.338239
0.733584 0.00125249 0.268021
0.000506281 0.225399 0.778568
0.136331 0.0468968 0.81934
0.555397 0.00275538 0.449028
0.00706757 0.566762 0.430864
0.372509 0.129705 0.504432
0.013084 0.538014 0.456753
0.329262 0.111572 0.562688
0.000143537 0.714285 0.291059
0.499868 0.166652 0.337702
0.414422 0.135287 0.453294
0.00095807 0.630288 0.37244
0.693696 0.00138647 0.30839
0.589847 0.191398 0.222386
0.638393 0.208169 0.159168
0.986285 0.000459301 0.0164114
0.0117722 6.09983e-05 0.990763
0.00740214 0.837474 0.157403
0.0107025 0.899416 0.0955602
0.621882 0.200726 0.180075
0.398405 0.128352 0.476608
0.0137812 0.932709 0.0618086
0.00995067 0.722741 0.273253
0.682698 0.224448 0.0998436
0.599401 0.00379876 0.404698
0.00885997 0.763067 0.231498
0.00878617 0.393017 0.60607
0.00341489 1.00007 0.000145854
0.579187 0.186782 0.236035
0.000287732 0.361855 0.649668
0.960855 0.000137117 0.0419084
0.71343 0.230572 0.0600745
0.434202 0.146545 0.423129
0.707148 0.197352 0.10464
0.0091876 0.640225 0.356048
1.00208 0.00163994 0.000143887
0.0124565 0.586346 0.41
0.544059 0.177818 0.281423
0.0113461 0.609804 0.388569
0.760614 0.247467 0.000945001
0.895174 0.00487525 0.107237
0.201385 0.0698325 0.73458
0.0965304 0.0322235 0.872655
0.647513 0.000246663 0.355321
0.000578697 0.992022 0.0103937
0.00961864 0.917625 0.0763467
0.00474845 0.252802 0.747601
0.225301 0.0764368 0.700386
0.455227 0.153305 0.396038
0.474265 0.000274027 0.528028
0.0517819 0.0190021 0.932609
0.698658 0.226388 0.0787282
0.726817 0.247546 0.0423812
0.630183 0.174389 0.213145
0.00156719 0.455646 0.546959
0.929674 0.00224171 0.0721886
0.500481 0.130665 0.376754
0.001875 0.120621 0.884671
0.0163864 0.861868 0.133819
0.653844 0.211462 0.138437
0.525153 0.175669 0.308216
0.0144462 0.818757 0.174025
0.383934 0.00171827 0.619771
0.827237 0.0029248 0.17617
0.475614 0.159518 0.368622
0.761234 0.217444 0.0263908
0.304836 0.103105 0.594406
0.606215 0.195931 0.20033
0.000259303 0.948493 0.0579059
0.00490984 0.287119 0.713854
0.170536 1.86916e-05 0.846404
0.247448 0.000965551 0.75555
0.859456 0.00534954 0.142671
0.00514946 0.175184 0.825585
0.0031788 0.478862 0.521605
0.741069 0.248384 0.0244335
0.282464 0.0952434 0.625432
0.429025 0.000455449 0.576156
0.259161 0.0869953 0.655527
0.0204968 0.971969 0.0237967
0.00606086 0.423475 0.574683
0.01109 0.508366 0.489135
0.00268144 0.320899 0.679005
4.50401e-05 0.00292348 1.00414
0.560286 0.183044 0.259115
0.505172 0.00180112 0.499075
0.796294 0.227154 0.00012124
0.351619 0.118474 0.531583
0.163835 0.0553157 0.78368
0.544205 0.141421 0.325375
0.0094655 0.782946 0.212498
0.0132231 0.803075 0.192298
0.00446214 0.690244 0.308801
0.667232 0.217413 0.120195
0.770586 0.00127765 0.23373
