0.676062 0.153584 0.175106
0.0179437 0.607074 0.434463
0.558988 0.12963 0.315066
0.00192027 0.128742 0.87397
0.451695 0.102537 0.448838
0.628809 0.145859 0.232815
0.0694035 0.207641 0.739439
0.213873 0.64748 0.142851
0.355574 0.00498316 0.651577
0.812244 0.170448 0.019051
0.828084 0.173961 9.75738e-05
0.206992 0.630002 0.168183
0.00767515 0.242914 0.765009
0.0969698 0.295793 0.612837
0.143291 0.42557 0.439667
0.663954 0.128158 0.22072
0.228335 0.68937 0.0867943
0.248812 0.747572 0.00841285
0.132045 0.396725 0.474302
0.000275907 4.09833e-05 1.0014
0.531443 0.00113504 0.496146
0.713461 0.137674 0.171381
0.509593 0.0901988 0.413706
0.234093 0.0625696 0.708305
0.659892 0.051183 0.412679
0.200778 0.0615203 0.746034
0.174337 0.522963 0.304879
0.636326 0.122982 0.258633
0.536223 0.103031 0.379423
0.422803 0.00137584 0.586646
0.583721 0.135154 0.285937
0.593642 0.0143749 0.449769
0.275511 0.0702958 0.660202
0.15684 0.473216 0.37667
0.657694 0.0405785 0.418924
0.185956 0.557766 0.260736
0.393624 0.0967659 0.518549
0.0536868 0.709146 0.401615
0.166359 0.00353731 0.834996
0.238042 0.722965 0.0438588
0.223669 0.676925 0.102622
0.00152755 0.167193 0.834498
0.750885 0.157643 0.092722
0.00226214 0.446998 0.56781
0.00620484 0.0878677 0.917775
0.108219 0.324312 0.570894
0.729164 0.157736 0.118117
0.152754 0.460539 0.389502
0.531365 0.12204 0.351162
0.000238304 0.290571 0.716495
0.501535 0.126228 0.382466
0.764725 0.160491 0.075764
0.1984 0.595194 0.210544
0.255583 0.753175 0.000644285
0.700375 0.0730066 0.403811
0.148333 0.445566 0.409655
0.368093 0.084524 0.551775
0.163188 0.489061 0.353126
0.318726 0.000857032 0.694768
0.340198 0.076503 0.586367
0.125555 0.375456 0.502334
0.474678 0.107573 0.420295
0.170015 0.510969 0.320644
0.203188 0.608648 0.193622
0.477334 0.00364438 0.531076
0.00246522 0.390471 0.620844
0.578084 0.107723 0.34666
0.766551 0.14743 0.105484
0.00800821 0.512063 0.500262
0.141916 0.0474813 0.815317
0.174167 0.0523051 0.780671
0.10365 0.0398929 0.866212
0.233428 0.707249 0.0642704
0.117079 0.349333 0.539722
0.263082 0.000535843 0.745413
0.592902 0.113031 0.316067
0.166024 0.497833 0.338767
0.0360423 0.695282 0.408002
0.423257 0.0956452 0.486189
0.0653756 0.0144121 0.923987
0.0910082 0.277741 0.638396
0.242616 0.734151 0.0260563
0.178917 0.538011 0.28827
0.70999 0.161663 0.137714
0.217722 0.659274 0.125857
0.00151028 0.357941 0.652218
0.303847 0.0815651 0.623102
0.6062 0.144289 0.257971
0.0039121 0.47296 0.532305
2.59456e-05 0.000281657 1.00024
0.0124471 0.585565 0.447603
0.615797 0.0215595 0.427933
0.0115672 0.536302 0.478944
0.650637 0.151092 0.207302
0.795346 0.167213 0.0389253
0.78103 0.164537 0.0563621
0.191266 0.574373 0.239977
0.0766218 0.236016 0.693364
0.695097 0.157627 0.152495
0.588714 0.00394247 0.471797
