0.398713 0.13355 0.469496
0.237325 0.000864271 0.764318
0.519343 0.172861 0.309883
0.647866 0.215867 0.137645
0.758084 0.00194413 0.243948
0.886575 0.00671999 0.111273
0.00449434 0.543947 0.454254
0.68326 0.227933 0.0903875
0.073087 0.000358742 0.927826
0.00529471 0.833656 0.165837
0.308319 0.101286 0.591536
0.665691 0.223116 0.113897
0.210139 0.0697771 0.724062
0.0017375 0.059349 0.94162
0.336975 0.112606 0.55295
0.714825 0.23871 0.0475896
0.000706526 0.241059 0.760233
0.00378929 0.945521 0.0539604
0.00109531 0.507894 0.492169
0.442543 0.146785 0.412122
0.915903 0.00798896 0.0815894
0.00776532 0.649204 0.347784
0.815759 0.00192807 0.18437
0.00236145 0.526945 0.473501
0.592285 0.000914013 0.410088
0.00233994 0.851363 0.148028
0.637072 0.00128547 0.363881
0.0125617 0.70699 0.284021
0.48298 0.161338 0.357378
0.853121 0.000617832 0.147602
0.00380236 0.973138 0.0258739
0.0127697 0.727499 0.263301
0.00694144 0.619429 0.376044
0.00833202 0.887683 0.109809
0.187604 0.0635556 0.75201
8.69752e-05 0.960892 0.0416312
0.261323 0.0866632 0.653413
0.000591789 0.990449 0.0101984
0.00262716 0.446884 0.552187
4.8451e-05 0.35252 0.649639
0.00981743 0.913159 0.084779
0.0134994 0.668429 0.325295
0.536154 0.178056 0.286592
0.980182 0.000101146 0.023909
0.435806 0.000190115 0.565978
0.00721268 0.373647 0.625074
0.00296165 0.299721 0.700662
0.000311146 0.637816 0.363837
0.0115086 0.394977 0.604886
0.00336265 0.332638 0.666463
0.00222032 1.00261 3.14691e-05
0.947925 0.00159536 0.0519393
4.55743e-05 8.04545e-05 1.00155
0.604406 0.20246 0.195348
0.000460192 0.816907 0.18476
0.702206 0.235599 0.0657509
0.722023 0.011915 0.280274
0.014104 0.687343 0.304117
0.109762 0.0365669 0.855137
0.0147513 0.603278 0.39328
0.573658 0.191875 0.23699
0.293179 0.00063822 0.707757
0.681585 0.00164458 0.32096
0.0161062 0.74742 0.246463
0.786601 0.000301613 0.21432
1.0011 0.00149836 7.97057e-05
0.356871 0.119845 0.527015
0.281339 0.094155 0.628038
0.00938658 0.566406 0.431719
0.547042 0.000335247 0.454332
0.556163 0.186266 0.259991
0.616992 0.205909 0.178593
0.466665 0.00305448 0.534735
0.0152556 0.927454 0.0706426
0.000729604 0.101918 0.900995
0.00559472 0.587709 0.409803
0.500568 0.167168 0.333724
0.589814 0.197963 0.214748
0.739888 0.246965 0.0145932
0.00142422 0.273896 0.725627
0.236167 0.0789957 0.686049
0.373464 0.125601 0.504139
0.0162814 0.416831 0.579812
0.15468 0.0557304 0.794772
0.00275445 0.774944 0.22404
0.389102 0.00177787 0.612985
0.423349 0.140809 0.43828
0.00657062 0.197771 0.805412
0.632205 0.210534 0.158104
0.50787 0.000951018 0.492255
0.462013 0.153699 0.385348
0.751203 0.251132 0.000207415
0.00890024 0.900309 0.0967369
0.347965 6.44154e-05 0.653917
0.00779021 0.475319 0.522766
0.00165262 0.151818 0.848649
0.726682 0.242761 0.0317066
0.153628 0.000413812 0.848327
0.0039848 0.870083 0.128534
0.00333846 0.793312 0.205368
