0.0327196 0.968873 0.024695
0.00378315 0.253384 0.750137
0.728338 0.0014507 0.29055
0.0351831 0.901337 0.0957228
0.0239698 0.841017 0.1537
0.00471273 1.06773e-05 0.995735
0.158787 0.0319926 0.812522
0.887706 0.0969895 0.0219984
0.00175865 0.577021 0.424892
0.219615 0.0458555 0.74126
0.016939 1.01782 0.00285597
0.0342239 0.996291 0.00329393
0.00692089 0.527424 0.475308
0.849753 0.0590353 0.106051
0.428277 0.0559079 0.519041
0.0052832 1.00501 0.0105234
0.652853 0.0836606 0.269285
0.447356 0.0659657 0.496323
0.0172697 0.398086 0.607592
0.347313 0.0540316 0.606145
0.000420084 0.598676 0.413488
0.00420873 0.176344 0.829187
1.02169 0.01035 0.00915046
0.288853 0.0418015 0.67277
0.96516 0.00489666 0.0493301
0.538395 0.000217109 0.475525
0.704885 0.0956706 0.209685
0.58118 0.0765594 0.348696
0.0392033 0.0112131 0.951428
0.134436 0.0285019 0.839793
0.584656 0.00158631 0.417873
0.0590407 0.787305 0.215355
0.00151892 0.560804 0.441368
0.668084 0.0866942 0.251406
0.0181654 0.823568 0.170722
0.0172918 0.952098 0.04162
0.371065 0.0586103 0.579593
0.985042 0.00214171 0.0977002
0.406287 0.0513606 0.543915
0.736517 0.0951206 0.174803
0.0309791 0.858878 0.135902
0.0191575 0.741888 0.264628
0.905817 0.0982411 0.00326315
0.596758 0.0794251 0.329409
0.0131135 0.475216 0.533168
0.919438 0.0869944 0.000111984
0.690292 0.0919216 0.226404
0.0136819 0.695498 0.305946
0.635656 0.0776268 0.289282
0.463978 0.00332767 0.540144
0.312122 0.0457926 0.646229
0.0424909 0.879942 0.118322
0.817718 0.101718 0.0838825
0.873084 0.0966127 0.0370563
0.0102098 0.617506 0.385614
0.0282867 0.936147 0.0593976
0.0148771 0.808741 0.189401
0.750141 0.0934429 0.159107
0.78062 0.0991453 0.125785
0.254493 0.00136335 0.752845
0.24841 0.0526362 0.711549
0.00771256 0.284025 0.727471
0.380689 0.00886018 0.625949
0.00138491 0.465115 0.543409
0.00109713 0.217819 0.78855
0.494796 0.0663249 0.443787
0.191699 7.93933e-05 0.813272
0.00450359 0.683254 0.324536
0.676432 0.000822853 0.34312
0.517444 0.0724799 0.417947
0.708617 0.0526399 0.248143
0.0138018 0.509047 0.496312
0.0191038 0.375873 0.63481
0.477413 0.0643789 0.463902
0.82192 0.00629568 0.193545
0.00756572 0.662053 0.340753
0.0150977 0.980368 0.0142778
0.540449 0.0672888 0.393689
0.102238 0.0182895 0.881388
0.0750139 0.0206718 0.911168
0.940562 0.0707164 0.00244165
0.861217 0.09341 0.0513114
0.0263985 0.354433 0.672965
0.56319 0.0700404 0.368905
0.0097453 0.717472 0.283882
0.764344 0.0953158 0.145088
0.00455535 0.537913 0.463807
0.835836 0.110986 0.0673216
0.0201355 0.918844 0.0770446
0.000830658 0.928668 0.0961544
0.722117 0.087451 0.191755
0.620555 0.0864454 0.302122
0.0199828 0.637022 0.365939
0.196186 0.039392 0.768372
0.803241 0.0991432 0.10037
0.890497 0.00332831 0.123499
0.00210455 0.864317 0.164163
0.0366584 0.766837 0.236979
0.00525772 0.432822 0.577082
5.40871e-05 0.000144902 1.00025
