9.88174e-05 0.990542 0.0105193
0.515709 0.14821 0.338308
0.0390388 0.0131992 0.949398
0.661543 0.00172825 0.339966
0.0152695 0.923013 0.0675112
0.577047 0.0009597 0.425432
0.340105 0.100243 0.561671
0.392877 0.000386509 0.607461
0.607648 0.176027 0.221643
0.346696 0.000592879 0.65372
0.746745 0.00097493 0.25405
0.807244 0.213459 5.96289e-05
0.00223815 0.229097 0.77048
0.250703 0.0771303 0.676095
0.222585 0.0673172 0.714051
9.89786e-05 4.11486e-05 1.00085
0.0238667 0.874385 0.117403
0.00232634 0.339068 0.660365
0.00547573 0.72375 0.274158
0.00634286 0.797717 0.198677
0.319207 0.0963861 0.587623
0.00160246 0.391578 0.60757
0.358242 0.109747 0.535904
0.300391 0.000767105 0.701979
0.23184 0.000132494 0.770392
0.00102484 0.306753 0.694457
0.815792 0.00181402 0.18546
0.00546014 0.365844 0.63259
0.0176046 0.906843 0.0854633
0.569418 0.169732 0.270555
0.00747681 0.817678 0.178951
0.00351165 0.145297 0.853304
0.868648 0.00246057 0.133349
0.476137 0.1349 0.390628
0.00535723 0.595348 0.402126
0.0168704 0.954043 0.0355024
0.645222 0.18333 0.175312
0.00450689 0.265178 0.735597
0.00928328 0.778726 0.218904
0.183835 0.0625943 0.760676
0.531148 0.00172299 0.471901
3.94767e-05 0.832662 0.181327
0.430687 5.58912e-05 0.571108
0.409957 0.11694 0.476407
0.297681 0.0876733 0.616422
0.382422 0.112685 0.507199
0.0135041 0.85523 0.13733
0.00799266 0.659865 0.338651
0.00022524 0.618081 0.382662
0.705622 0.202043 0.101543
0.27438 0.0841356 0.645533
0.555206 0.154482 0.29284
0.723866 0.203262 0.0761439
0.969366 0.000103393 0.0338007
0.000183296 0.193309 0.813396
0.00105513 0.743614 0.25706
0.00561801 0.572927 0.425348
0.00402061 0.704377 0.294307
0.737275 0.209006 0.0572483
0.937074 0.00766326 0.0657976
0.00493578 0.433479 0.56533
0.0950869 0.0311784 0.875729
0.783057 0.00396087 0.218292
0.498983 0.143306 0.360184
0.00540846 0.635724 0.362619
0.685115 0.191237 0.12559
0.0279309 0.970313 0.0199362
0.449876 0.139734 0.422649
0.0119993 0.544981 0.448796
0.147927 0.000535024 0.852871
0.589739 0.175857 0.244908
0.707379 0.000120565 0.29409
0.532365 0.153657 0.316969
0.0110291 0.891886 0.101526
0.84503 4.65755e-05 0.159934
0.0120943 0.520033 0.474507
0.015736 0.938006 0.0510367
0.426896 0.123978 0.452748
0.00191184 0.499954 0.501005
0.0122978 0.837418 0.155614
1.00045 0.000298577 0.000148314
0.793705 0.198144 0.0131161
0.480479 0.000539916 0.520143
0.606895 0.151117 0.245979
0.784316 0.219385 0.000408077
0.000767378 0.0906366 0.911706
0.753395 0.222562 0.0370968
0.00032114 0.479691 0.521514
0.76856 0.214828 0.0203706
0.624046 0.182059 0.199571
0.662907 0.190609 0.151796
0.00125207 1.00014 9.52532e-05
0.00157953 0.760858 0.240111
0.00688125 0.456973 0.541362
0.145033 0.0464033 0.812727
0.617612 0.000740529 0.382667
0.00476423 0.414599 0.58394
0.688021 0.169553 0.150467
0.899077 0.00300494 0.102801
0.00707271 0.682813 0.315598
