0.0466128 0.0200776 0.938216
0.143531 0.0497553 0.809148
0.0169079 0.00696474 0.978606
0.290943 0.0970254 0.613041
0.349093 0.117727 0.535205
0.562085 0.187532 0.251278
0.245048 0.0827711 0.673731
0.55088 0.183884 0.265893
0.479743 0.121914 0.438027
0.44343 0.102062 0.512575
0.690533 0.230066 0.0802303
0.740916 0.247041 0.0129033
0.700372 0.233867 0.0669295
0.073241 0.00115078 0.941815
0.653206 0.215882 0.131434
0.570899 0.169809 0.282208
0.730921 0.243405 0.0262015
0.661985 0.219578 0.119479
0.370558 0.0824242 0.580201
0.279028 0.0546923 0.698858
0.278786 0.0938373 0.628836
0.209979 0.0293515 0.78302
0.0681201 0.0249738 0.909655
0.444933 0.149306 0.407531
0.34272 0.0750618 0.604225
0.339231 0.115695 0.548141
0.405742 0.0979164 0.535393
0.496206 0.166459 0.338814
0.432409 0.0934345 0.557
0.425427 0.142593 0.433222
0.584932 0.178289 0.255079
0.603865 0.200775 0.196035
0.612718 0.203634 0.184223
0.539 0.185593 0.281618
0.121624 0.042147 0.838006
0.714738 0.235654 0.0517305
0.193365 0.064651 0.742618
0.527996 0.177232 0.296915
0.268541 0.0897867 0.642663
0.132123 0.0449852 0.824418
0.241388 0.0107098 0.870401
0.594433 0.197366 0.209486
0.370554 0.124883 0.50691
0.0263993 0.00999995 0.965516
0.299592 0.0587623 0.677552
0.406025 0.136166 0.45932
0.498415 0.133884 0.409624
0.304594 0.0641877 0.650678
0.0966554 0.00324021 0.922622
0.330301 0.110498 0.560481
0.585013 0.193147 0.222875
0.162834 0.0546195 0.78332
0.534549 0.150968 0.343577
0.0356152 0.0124217 0.953178
0.453456 0.152195 0.396027
0.172871 0.059942 0.770017
0.671221 0.224015 0.105593
0.752239 0.25246 0.00011623
0.251188 0.0411087 0.743928
0.436333 0.110553 0.483015
0.0896828 0.0307403 0.88102
0.623476 0.206341 0.170823
0.152572 0.0522999 0.796868
0.240068 0.0230654 0.808213
0.680344 0.22705 0.0934069
0.546709 0.160399 0.318318
0.00790204 0.00275985 0.990007
0.574416 0.189756 0.237225
0.0578679 0.0206254 0.923738
0.245449 0.0186823 0.841243
0.395739 0.132471 0.472965
0.111494 0.0380797 0.851703
0.333377 0.0691019 0.628097
0.214339 0.0729286 0.714889
0.632753 0.209516 0.158931
0.311679 0.105447 0.585069
0.183788 0.0613815 0.755674
0.518225 0.173504 0.309417
0.224013 0.0774873 0.70195
0.474061 0.158767 0.368256
0.415534 0.139331 0.446112
0.384827 0.128458 0.487346
9.2318e-05 4.50373e-05 1.00047
0.204364 0.0700992 0.728008
0.221876 0.0353499 0.7612
0.643914 0.21283 0.144565
0.500125 0.144096 0.372541
0.300983 0.10222 0.599246
0.321028 0.107802 0.572299
0.435875 0.146985 0.419144
0.485513 0.162251 0.353018
0.722325 0.240521 0.0380792
0.360673 0.121826 0.519826
0.233867 0.079266 0.688727
0.21125 0.00685885 0.891227
0.463812 0.15599 0.382109
0.256576 0.0867163 0.658831
0.0779217 0.0277106 0.896413
0.102112 0.0343914 0.86453
0.506503 0.171064 0.325486
