0.23123 0.694691 0.0750407
0.211157 0.633454 0.156354
0.183909 0.547224 0.272324
0.0444301 0.13031 0.826526
0.0043209 0.613335 0.385877
0.167183 0.497674 0.338263
0.787429 0.0132697 0.205744
0.928891 0.0041099 0.0702985
0.657771 0.00363492 0.342293
0.748585 0.019803 0.246197
0.000667469 0.727139 0.273714
0.000538404 0.110787 0.890547
7.26643e-05 0.976912 0.026465
0.177687 0.529476 0.294637
0.0011812 0.496767 0.50352
0.00233336 0.892062 0.10832
0.242409 0.72502 0.0345095
0.119749 0.359208 0.521572
0.866673 0.00655342 0.129127
0.559484 0.00102725 0.442014
0.00121804 0.578595 0.422094
0.128677 0.385083 0.4873
0.00285374 0.535467 0.463669
0.674156 0.000429551 0.326766
0.537066 0.0027515 0.463439
0.971056 0.00508203 0.0277917
0.0673253 0.200771 0.733928
0.000133879 0.691091 0.312622
0.00109545 0.831525 0.172414
1.00095 0.00243828 4.83926e-05
0.437786 0.00222113 0.563045
0.191967 0.581592 0.227357
0.847033 0.00691797 0.149419
0.300668 0.00887896 0.697881
0.900403 0.00017816 0.101488
0.00952717 0.763068 0.240136
0.945217 0.00391318 0.0536186
0.147425 0.440671 0.41297
0.0829312 0.243888 0.676558
0.0569078 0.164231 0.781732
0.957945 0.0050669 0.0404467
0.00250556 0.650638 0.349405
0.0170395 0.0506483 0.9338
0.246563 0.738021 0.0168848
0.914654 0.00603944 0.0844116
0.599702 0.00597898 0.400941
0.3757 0.00717732 0.624245
0.768894 0.0165702 0.224485
0.515049 0.00809565 0.485405
0.000376599 0.203773 0.801223
0.0763851 0.226402 0.698925
0.222655 0.666761 0.113372
0.237388 0.710238 0.0540147
0.197417 0.598622 0.204548
0.329597 0.0195149 0.665036
0.0971744 0.290586 0.613964
0.000839056 8.63213e-06 1.00064
0.104339 0.312481 0.584284
0.00343156 0.918813 0.0804813
0.111477 0.334257 0.555789
0.579121 0.00336847 0.421195
0.267613 0.00120335 0.736394
0.00145192 0.949574 0.0507773
0.000384489 1.00279 8.49182e-05
0.000485037 0.451978 0.550204
0.62171 0.00242279 0.378953
0.0912151 0.265142 0.648027
0.728107 0.000165523 0.273734
0.883316 0.00715884 0.112854
0.216252 0.649116 0.135688
0.154463 0.459962 0.387799
0.688074 0.00556409 0.310587
0.102657 0.000690351 0.898849
0.707929 0.00328778 0.290799
0.00186511 0.796973 0.204055
0.808163 0.00875196 0.186158
1.43732e-05 0.000878427 1.0006
0.204055 0.61659 0.180788
0.000286359 0.285808 0.716683
0.185669 0.00813325 0.813872
0.489046 0.00126887 0.511882
0.135227 0.404272 0.461745
0.16065 0.479774 0.360646
0.639461 0.00554488 0.359743
0.00981591 0.863296 0.136189
0.141091 0.421389 0.439227
0.000446191 0.411246 0.590896
0.227039 0.680514 0.0939731
0.462105 0.00475741 0.538682
0.188458 0.563322 0.250907
0.995341 7.66154e-05 0.00606061
0.41053 0.00056801 0.590973
0.172782 0.516388 0.312844
0.350413 0.000254229 0.651664
0.140338 0.00330024 0.860506
0.823821 0.0100584 0.170854
0.251333 0.751088 7.39438e-05
0.00115381 0.35056 0.65137
0.983068 0.00632343 0.0156448
0.227787 0.0109822 0.771327
