1.32471 0.0694678 1.33723
0.88952 0.129823 1.95212
0.764471 0.0698544 2.55384
0.099283 0.916593 2.92907
0.363381 0.0735578 3.69184
0.60985 0.122528 2.51071
0.386641 1.40327 0.868654
0.726616 0.348573 1.3995
0.60036 0.41089 1.72066
0.082165 0.430287 3.94689
1.39751 0.298294 0.0694718
0.126472 1.92534 1.283
0.142124 2.43486 0.735868
0.0726407 0.159711 4.91604
1.00849 0.52957 0.213139
0.36305 0.35535 2.52598
0.122435 0.252295 4.07075
0.526589 1.08296 0.831957
0.233911 0.637061 2.4909
0.249635 1.12936 1.6423
0.466753 1.63775 0.0702552
1.65563 0.130123 0.0816823
1.46636 0.18177 0.167244
0.723349 0.883642 0.305009
0.069464 3.49376 0.573318
0.069464 0.069464 6.06946
0.650374 0.500616 1.29181
0.66939 0.285146 1.97437
0.14854 2.64374 0.234024
0.884619 0.602269 0.468094
0.069464 3.69146 0.2498
0.961069 0.688649 0.0749077
0.57028 1.18529 0.261934
2.02412 0.0695825 0.0703253
1.07175 0.0830046 1.72804
0.137793 0.677248 3.12239
0.28671 0.914706 1.97054
0.069464 2.60247 1.324
0.481498 0.722383 1.33763
0.962553 0.164179 1.38552
0.223836 0.119988 3.90407
1.13765 0.111129 1.28954
0.369376 1.73646 0.183522
0.115468 1.5671 2.01715
0.521674 1.38243 0.12167
1.22073 0.3353 0.189679
0.186577 0.205186 3.72856
0.120872 1.74302 1.52007
0.418038 0.652892 1.87276
0.620585 0.987104 0.539588
1.06873 0.39064 0.519889
0.939887 0.464006 0.797651
0.189897 2.28161 0.460695
0.201935 0.52699 2.95435
0.787441 0.982563 0.0695891
0.472864 1.28074 0.588913
0.252934 2.1388 0.196035
0.163623 1.42592 1.71084
1.14277 0.458672 0.0888338
0.493033 0.489961 2.0232
0.479531 0.237506 2.48845
0.069464 3.94761 0.0765335
0.221425 2.00074 0.776363
0.367828 0.811999 1.66869
1.37857 0.148158 0.737847
0.266313 1.29443 1.28925
0.116921 0.0729293 4.93229
0.296638 0.0694909 4.17298
0.667558 1.11453 0.0908944
0.32643 1.63672 0.715561
1.29676 0.230702 0.425325
0.431441 0.184756 2.87094
0.326109 1.02874 1.38303
0.672085 0.806506 0.857454
0.833299 0.771763 0.170375
0.421226 1.50645 0.332847
0.116449 0.391683 3.6912
0.069464 2.27897 1.81507
0.273501 0.436327 2.70668
0.536708 0.569386 1.46227
0.781829 0.681096 0.703757
0.417373 0.908069 1.28466
0.069464 1.46587 2.58591
0.866707 0.274772 1.28647
0.156143 0.806876 2.5615
0.15604 2.8879 0.0694981
0.069464 0.705089 3.71326
1.56499 0.0994481 0.535146
0.544639 0.0940445 3.01704
0.189881 1.5206 1.32746
0.798427 0.218213 1.69929
0.10207 1.13092 2.4951
0.325332 1.99066 0.0866977
0.069464 3.28104 0.967801
0.31731 0.27946 3.09545
1.77204 0.0764138 0.240261
1.14849 0.279529 0.773272
0.285711 1.85857 0.496243
0.218939 2.45442 0.0765505
0.195145 1.22005 1.91566
