0.724567 1.84339
1.76891 0.437758
1.26106 1.01544
1.58802 0.814436
1.68843 0.638865
1.23242 1.07878
0.5897 2.29397
1.35359 0.891946
0.712711 1.87693
1.71605 0.572704
0.690096 1.94789
0.794231 1.70881
1.67394 0.671194
1.97935 0.0843875
0.763254 1.755
0.736867 1.81166
0.530808 2.4272
0.563327 2.36501
1.2188 1.11236
1.03259 1.58409
0.282765 2.89586
1.75583 0.471424
0.245202 3.09957
1.09171 1.46077
1.31098 0.933011
0.427391 2.47097
0.601789 2.25638
0.613407 2.21795
1.7294 0.539222
0.576976 2.33032
0.3601 2.55252
1.53452 0.85611
0.668282 2.02288
1.86506 0.217058
0.230495 3.16468
1.74263 0.505423
0.679107 1.98505
0.258364 3.03209
0.836107 1.67731
0.306457 2.76641
1.24648 1.04636
1.85024 0.245951
1.83595 0.276019
0.508737 2.45236
1.782 0.404389
0.777864 1.73053
1.04884 1.55543
0.172894 3.26935
1.15502 1.28796
0.869321 1.67007
0.294543 2.83006
1.93332 0.11837
0.993795 1.63461
0.646753 2.10012
1.56464 0.836965
1.06387 1.52518
1.07809 1.49352
1.659 0.702438
1.89686 0.163749
1.79516 0.37142
0.397789 2.48651
0.624731 2.17885
0.270815 2.96342
0.657518 2.0613
0.345277 2.59741
0.749634 1.78225
1.88054 0.189555
0.635804 2.13954
1.11757 1.39323
1.17998 1.21692
1.19264 1.1817
1.60819 0.789222
1.64318 0.732851
0.701264 1.9118
1.95457 0.0996351
1.33082 0.91068
1.13017 1.35842
1.20554 1.1468
1.01463 1.61066
1.6264 0.761834
0.331648 2.64872
1.1048 1.42735
1.38149 0.877831
1.42123 0.870145
1.80849 0.338938
1.16745 1.25244
1.70239 0.606051
0.318823 2.70528
2.06135 0.0694753
1.27659 0.9858
0.96726 1.65496
2.01087 0.0736616
0.212832 3.22323
0.548196 2.39768
1.29308 0.958244
1.91434 0.139869
1.14266 1.32321
0.377094 2.51478
0.813033 1.69077
1.82207 0.307068
