1.34063 1.49557
1.84007 0.914668
1.25557 1.71598
0.733332 2.60101
1.85732 0.87998
0.838367 2.29342
0.898581 2.08609
2.13663 0.29843
0.556915 2.74033
0.964106 1.93113
0.466711 3.15309
0.51055 2.91181
1.87206 0.84817
0.824936 2.3417
1.80194 0.977152
0.952596 1.94772
0.850275 2.24831
0.500097 2.96413
1.75221 1.03126
1.02879 1.86978
1.00318 1.88407
1.22365 1.77609
2.07468 0.377594
1.88753 0.813995
2.19982 0.266347
1.50556 1.12096
0.530296 2.82396
2.25353 0.261983
0.476388 3.0964
1.9351 0.695837
1.97946 0.580889
0.875081 2.16127
2.05718 0.408409
0.921436 2.02375
0.5913 2.6809
0.363869 3.46295
1.91959 0.735427
0.542215 2.78079
1.90679 0.765139
1.32651 1.53602
1.05987 1.86362
0.860484 2.21191
1.35541 1.45334
1.18073 1.83051
0.713977 2.62979
2.1647 0.279679
0.571658 2.70627
0.399449 3.43532
1.54662 1.08264
0.444928 3.26418
0.428219 3.34501
1.20398 1.80514
0.814075 2.38186
0.765157 2.5314
0.800667 2.42578
1.31284 1.57376
2.04021 0.440963
1.39358 1.34379
0.414029 3.39751
1.96574 0.616063
0.777861 2.49696
0.519467 2.87065
1.40747 1.30828
0.934979 1.98875
2.00878 0.509061
0.331597 3.51485
1.27016 1.68448
1.38185 1.37883
0.33621 3.47785
1.72344 1.04852
0.909663 2.05554
2.11404 0.322598
0.748873 2.57251
1.52593 1.09819
1.82262 0.945063
1.9483 0.660886
1.45483 1.20358
1.77861 1.00657
0.985844 1.90019
1.46735 1.17741
0.435655 3.31212
0.788878 2.4636
0.887315 2.1207
1.36571 1.42403
2.09344 0.348768
1.61394 1.06157
1.57454 1.06926
1.42822 1.25917
1.13953 1.8536
1.28388 1.65144
2.02397 0.47554
0.68792 2.65354
0.487253 3.02992
1.48687 1.14554
1.44059 1.23124
1.24026 1.74682
0.61875 2.66485
1.29939 1.61006
1.99364 0.546208
0.455783 3.20663
