0.536658 2.41824
1.03907 1.57318
1.82447 0.301593
1.2513 1.03582
1.1437 1.32025
1.23714 1.06761
0.275281 2.93823
0.3095 2.75083
1.53542 0.855683
0.692895 1.93868
0.263817 3.00242
0.13884 3.29173
1.66037 0.699661
1.22326 1.10114
2.06151 0.0694746
0.361522 2.5488
0.378323 2.51259
1.3345 0.90717
0.585494 2.30638
1.5655 0.836261
1.74475 0.499976
0.239548 3.12611
1.58904 0.81329
1.38386 0.877019
0.681423 1.9771
0.333636 2.64065
0.252012 3.06552
1.71792 0.568074
0.867978 1.67017
0.225768 3.18265
0.756884 1.76721
1.758 0.465839
1.02005 1.60322
0.286624 2.87411
1.69009 0.635037
1.77116 0.432004
1.6444 0.730615
1.05635 1.54074
1.17028 1.24438
1.91607 0.137723
0.789302 1.71474
1.42261 0.870056
1.8526 0.241195
1.1835 1.20704
1.93488 0.116811
0.611785 2.22343
1.9559 0.0986461
2.01156 0.0735177
0.772242 1.73937
1.78432 0.398519
0.833169 1.67856
1.7314 0.534138
0.658974 2.05607
0.670145 2.0163
1.11649 1.39615
0.998166 1.63018
0.808989 1.69407
1.15697 1.28238
1.8109 0.333204
0.599169 2.26476
0.399012 2.48537
0.970339 1.65314
0.636022 2.13876
1.3567 0.889924
0.571091 2.34585
1.6092 0.787821
0.321304 2.69375
0.155543 3.27161
0.729419 1.83048
0.624056 2.18121
1.89876 0.160962
1.19659 1.17088
0.704642 1.90128
1.13016 1.35847
1.1024 1.43358
1.98043 0.0838701
1.79757 0.365489
1.29761 0.951399
1.08771 1.47063
1.62743 0.760157
0.554972 2.38383
1.70421 0.601692
0.298012 2.81114
1.83832 0.270891
0.742728 1.7977
0.12719 3.33324
1.31516 0.927821
0.716795 1.86506
1.86727 0.212961
1.07244 1.50645
0.208989 3.23273
0.513482 2.44807
1.20984 1.13547
0.428494 2.47077
1.26599 1.00566
1.67557 0.66766
1.88259 0.186127
0.64759 2.0971
1.28133 0.97747
0.346896 2.59195
