0.758596 0.0715274 2.54164
0.277162 0.349418 3.06726
0.0702951 3.29948 0.93933
0.427619 0.160348 3.09441
1.03323 0.367464 0.825642
0.853802 0.19959 1.57189
0.134267 1.80507 1.32857
0.966083 0.494287 0.529294
1.17091 0.0702969 1.82759
0.461024 1.41892 0.304875
0.43125 0.878002 1.28711
0.707805 0.441121 1.28444
0.142396 0.318815 3.69388
0.0702951 3.95449 0.0763735
0.237205 1.94132 0.769908
0.0704336 0.0704336 6.07043
0.145614 0.804349 2.64994
1.30219 0.0733478 1.29438
0.610155 0.134495 2.48802
0.113464 0.255391 4.21429
0.425502 0.606684 2.00714
0.351371 2.00605 0.070372
1.10624 0.415353 0.262563
0.803273 0.297883 1.34158
0.369564 0.276799 2.74923
0.815318 0.816376 0.14402
0.0702951 2.40073 1.5762
0.108198 1.09651 2.49785
0.100631 0.891019 3.00541
0.841791 0.571547 0.834819
0.0704336 1.45709 2.60002
0.157947 2.5604 0.279815
1.05468 0.550755 0.0909551
0.335655 0.9862 1.42103
0.275284 0.112194 3.7134
0.0702951 3.70739 0.232101
0.189074 1.59775 1.28484
0.170627 0.592727 3.04718
0.572339 0.401749 1.94023
0.961593 0.73601 0.0703006
1.52974 0.10922 0.554818
1.43422 0.164349 0.371615
1.00046 0.176828 1.29167
0.210916 0.701454 2.49141
0.299311 0.875658 2.00183
1.54371 0.176697 0.0846499
1.7111 0.0964115 0.148276
0.62398 1.09834 0.223575
0.223907 2.38571 0.0942989
0.897789 0.641111 0.27903
0.0702951 2.66806 1.29117
0.584411 0.569968 1.31918
0.666817 0.358928 1.61043
0.927559 0.123092 1.85149
0.655557 0.825837 0.892772
0.568626 1.29007 0.112505
0.425244 1.31034 0.855303
0.515493 1.19671 0.557455
0.0702951 2.15332 2.08259
0.0734021 0.151101 4.95321
0.735731 1.02726 0.0764312
0.12622 0.0724815 4.90749
0.501673 1.53863 0.0721102
0.166271 2.79687 0.0710831
1.23656 0.34502 0.135143
0.166113 1.44357 1.65049
0.521156 0.520732 1.72406
0.768298 0.72727 0.606531
0.189304 0.160034 3.91124
0.476565 0.689078 1.41919
0.26605 2.10179 0.181161
0.379299 0.778275 1.70782
1.17118 0.281188 0.666254
0.257269 1.07779 1.73219
0.241624 0.506429 2.70254
2.00759 0.0713508 0.0704501
0.0704336 0.710405 3.70993
0.126049 1.58173 1.83124
0.296885 1.19626 1.29444
0.226529 1.31987 1.40522
1.30391 0.215836 0.506924
0.722631 0.245932 1.92765
1.38827 0.288824 0.0717816
0.302532 1.85696 0.369663
0.200864 2.20994 0.511213
0.360954 0.0704857 3.78049
0.693694 0.913265 0.369404
1.79844 0.0703807 0.469762
1.08745 0.101233 1.4371
0.573142 1.0163 0.753477
0.193448 1.20449 1.98995
0.317862 1.65612 0.74774
0.151016 2.36348 0.783977
0.475751 0.215548 2.53648
0.0702951 3.50714 0.550425
0.566968 0.0930384 2.91965
0.379701 1.53469 0.564381
0.333046 0.424461 2.50073
0.395172 1.69921 0.139276
0.0845171 0.453093 3.84729
