1.21179 1.13037
1.56496 0.836707
0.205469 3.24037
1.28168 0.976862
0.791135 1.71247
2.01115 0.0736029
1.31515 0.927835
1.88174 0.187549
0.394265 2.49012
1.86638 0.214589
1.03507 1.58
1.67465 0.669667
1.09585 1.4504
0.577877 2.32787
0.649954 2.08857
1.64366 0.731976
0.707188 1.89347
0.627105 2.17049
1.22488 1.09712
1.75697 0.468496
0.834289 1.67807
1.01667 1.60791
1.74379 0.502442
0.774289 1.73607
0.731894 1.82409
1.38364 0.87709
0.263485 3.00425
0.275392 2.9376
1.26651 1.00464
1.70326 0.603972
1.17358 1.23499
0.31197 2.73844
1.35652 0.890039
2.06141 0.069475
1.23827 1.06499
1.05176 1.54982
0.299466 2.8033
1.68922 0.637046
1.717 0.570364
1.82356 0.303657
1.16096 1.27095
0.672547 2.00785
0.563925 2.36359
1.80996 0.335424
1.78337 0.400929
1.58839 0.814021
0.325162 2.67637
1.18623 1.19944
0.868406 1.67014
1.60857 0.788692
1.13552 1.34342
0.530942 2.42701
1.42244 0.870067
1.19893 1.16454
0.759077 1.7629
0.590901 2.29037
1.06729 1.51783
0.719299 1.85795
1.08184 1.48473
1.53497 0.855896
0.372558 2.52348
1.83744 0.272803
0.745105 1.79226
1.2521 1.0341
1.10942 1.41514
0.695415 1.93047
0.96833 1.65434
0.603419 2.25111
1.33442 0.907241
0.638595 2.12952
1.65954 0.701354
1.85166 0.243076
0.810528 1.69277
1.95512 0.0992279
0.251122 3.07008
1.12258 1.37952
1.29778 0.951148
0.683866 1.96878
1.6268 0.761194
0.508413 2.45263
0.425187 2.47142
0.339204 2.61911
0.661233 2.04798
0.615408 2.21115
0.147655 3.27706
1.77016 0.434556
1.93404 0.117643
0.548577 2.39693
1.79662 0.367813
1.14833 1.30707
0.287373 2.8699
0.995408 1.63301
0.223639 3.19021
1.97978 0.0841806
1.89789 0.162231
1.91521 0.138786
0.238146 3.13241
1.73048 0.536472
0.125428 3.34239
0.35475 2.5674
