1.17466 1.23194
0.276257 2.93455
0.715089 1.86998
1.56923 0.833098
0.605585 2.24405
0.788673 1.71553
0.560192 2.3723
1.80026 0.358878
1.69928 0.61348
1.0418 1.56838
0.728004 1.83419
0.0846821 3.83986
0.541352 2.41034
1.91059 0.144665
0.312266 2.73862
0.868019 1.67017
0.134395 3.30257
1.74322 0.503917
0.755881 1.76922
1.7143 0.577042
1.42123 0.870145
0.299815 2.80319
1.53796 0.854437
0.654833 2.07097
1.12003 1.3865
0.225759 3.18396
2.00953 0.0739525
1.16117 1.27036
1.84419 0.258433
1.14757 1.30921
2.06106 0.0694765
0.690475 1.94664
1.93009 0.121704
1.72882 0.540684
1.18814 1.19412
0.373205 2.52301
0.325356 2.67702
0.666815 2.02808
1.77182 0.430321
0.426967 2.47105
0.121504 3.36327
1.09094 1.46267
1.25904 1.01956
1.05936 1.53462
1.78599 0.394325
0.678568 1.98691
0.630874 2.15714
1.6338 0.749493
0.0760956 3.99398
0.252471 3.06486
1.24406 1.05177
0.0935958 3.68235
1.38084 0.878062
0.771429 1.74071
1.66804 0.683807
1.9519 0.101695
1.97732 0.0853899
0.355149 2.56732
0.832939 1.67866
0.287901 2.86877
1.82924 0.290813
0.264512 3.00039
0.395431 2.48944
1.00026 1.62796
1.22963 1.08549
0.702607 1.9076
1.21555 1.12065
1.2915 0.960716
0.808517 1.69447
0.239738 3.12678
1.30958 0.934812
1.87576 0.197748
1.20178 1.15686
1.81465 0.324328
1.10575 1.42486
0.339679 2.61865
0.208923 3.23379
1.89264 0.170107
1.3296 0.911888
0.971934 1.65215
1.13392 1.34793
1.65143 0.717346
0.741511 1.80054
1.07564 1.49918
1.59364 0.80796
0.152876 3.27231
1.35261 0.892609
0.59176 2.28777
1.0226 1.59954
0.102674 3.54674
1.85963 0.227355
1.75758 0.466928
0.516927 2.44458
0.643068 2.11342
0.576818 2.33075
0.618766 2.19962
1.61472 0.779899
0.111475 3.44494
1.27481 0.989028
1.68398 0.648989
