0.069464 3.62289 0.346724
0.200694 0.539115 2.91889
0.72314 0.735195 0.825709
0.33325 1.92191 0.110402
0.122809 1.60932 1.79334
0.29663 0.962983 1.73255
1.20491 0.458516 0.0694689
0.16392 2.796 0.0707969
0.662087 0.410575 1.42908
0.131122 1.84927 1.30451
1.30256 0.316764 0.0925302
0.069464 3.91897 0.0826564
0.069464 3.36979 0.810982
0.116669 0.0733571 4.92849
0.0732049 0.161556 4.91003
1.33369 0.069864 1.30046
0.349061 0.0755699 3.70182
0.0955417 0.366391 3.94471
1.12878 0.0813649 1.53304
0.156043 2.56865 0.275061
0.919947 0.234819 1.28418
1.13539 0.381797 0.281165
0.364042 0.234578 3.00564
1.3324 0.219149 0.359726
1.04253 0.138278 1.32436
0.100798 0.917501 2.90716
0.638784 1.24688 0.0698623
0.22513 1.08103 2.01313
0.28949 0.0696789 4.1945
0.195294 2.21182 0.557929
0.610818 0.962531 0.684646
0.409765 1.50377 0.41395
0.992651 0.458508 0.554922
0.069464 2.41475 1.54953
0.163915 1.54116 1.45491
0.256882 2.06578 0.286237
0.82441 0.673045 0.500014
2.01142 0.069469 0.0746587
0.542129 0.178274 2.49082
0.578994 0.575266 1.31925
0.463735 0.553058 1.95209
0.409376 0.298979 2.51391
0.29399 1.80078 0.567587
0.938307 0.113908 1.88854
0.479667 0.139744 2.91472
1.06477 0.336689 0.83156
1.57562 0.101325 0.466088
0.128789 0.682437 3.23291
0.152935 0.269946 3.72367
0.87251 0.533588 0.827965
1.48295 0.181339 0.138017
1.3952 0.142641 0.720996
0.34523 0.76863 1.98719
0.489052 0.763424 1.28538
0.778706 0.340168 1.30458
0.624399 0.0889914 2.67767
0.0698578 0.605756 3.90446
0.517989 1.37144 0.143075
0.180379 1.31888 1.80177
0.797016 0.0694801 2.51836
0.459881 1.61431 0.0764022
0.0698578 1.225 3.1143
0.25475 1.20312 1.4352
0.433166 0.691586 1.62961
0.589004 1.13662 0.284944
1.20664 0.26323 0.606458
0.302996 0.419816 2.59514
0.069464 2.68348 1.28487
0.201229 0.14384 3.90407
0.292679 2.21806 0.0694953
0.934327 0.608249 0.235267
1.67696 0.138227 0.0699993
1.77095 0.0775852 0.220616
0.108115 1.10454 2.49026
0.0697886 1.52092 2.52745
0.223491 1.4442 1.28842
0.214552 2.38199 0.120009
0.159102 0.789648 2.57181
0.713859 1.01187 0.104496
0.423855 1.33099 0.797348
0.228948 1.94133 0.84205
0.899065 0.774631 0.0741271
0.527322 1.07817 0.84205
0.370707 1.70467 0.226178
0.384905 0.875934 1.40396
1.05085 0.533377 0.111429
0.149397 2.3768 0.762211
0.069464 0.069464 6.06946
0.335299 1.57233 0.814072
0.729141 0.257611 1.80955
0.492165 1.25194 0.540193
0.33481 1.08204 1.29762
0.069464 2.1725 2.04111
0.781878 0.827905 0.212441
0.260408 0.356082 3.16461
0.682117 0.894678 0.483543
0.608301 0.344562 2.00003
0.547015 0.481181 1.72284
0.848695 0.192682 1.62861
0.240418 0.621671 2.49041
