0.535806 0.592507 1.40703
0.805153 0.753737 0.314552
0.0951063 0.933815 2.9678
0.329029 0.0700717 3.90439
0.200573 0.128246 4.2203
1.44247 0.204295 0.132893
0.139068 2.43811 0.78112
1.13173 0.296517 0.747492
0.471366 0.780985 1.29549
1.1924 0.374854 0.146867
0.069464 2.13351 2.11922
0.285353 1.82097 0.594591
0.94178 0.450885 0.849225
0.534302 0.168057 2.52493
0.766798 0.34703 1.31193
0.0784643 0.0784643 6.07846
1.09798 0.559895 0.0695952
0.238019 1.27706 1.40288
0.485195 1.49399 0.101979
0.069464 2.38 1.61149
0.422705 0.681762 1.73254
0.826155 0.872039 0.0771703
0.206734 1.15515 1.97995
0.269615 2.2025 0.0852207
1.10934 0.120237 1.29332
0.144683 2.63025 0.29936
0.0784643 0.614363 3.91307
1.31111 0.0695001 1.35224
0.713157 0.838176 0.501078
0.603687 0.418567 1.66746
0.416566 0.311736 2.48831
0.101004 1.13561 2.49882
0.188945 1.55812 1.30178
0.488832 0.507342 1.97712
0.150576 2.8319 0.0788523
1.85225 0.0694684 0.319685
0.114275 1.58972 1.98876
0.152728 0.808406 2.58285
0.686102 0.297542 1.81104
1.51162 0.134396 0.334635
0.215494 2.52789 0.0699954
0.587089 1.07806 0.454262
0.187676 2.2957 0.454774
0.129036 0.665444 3.28868
0.326148 1.5974 0.823144
0.649634 1.20713 0.0712768
0.228235 0.178077 3.71474
0.144527 0.262007 3.91307
0.872358 0.589438 0.585264
0.127786 0.0813664 4.93734
0.0981157 0.391882 3.99454
0.069464 3.98501 0.07184
1.06757 0.40051 0.475783
0.799585 0.069845 2.51105
0.378143 1.64987 0.28599
0.330433 0.801639 1.98832
1.6069 0.0854882 0.610536
0.216608 1.99184 0.847981
0.279809 1.01389 1.71695
0.459233 1.34922 0.484934
1.0045 0.51385 0.273723
0.787739 0.190594 1.94748
0.266582 0.350699 3.14341
0.93007 0.667405 0.124567
0.1246 1.94304 1.28266
1.35266 0.307952 0.072217
0.0698578 1.03882 3.54468
0.4661 0.124496 3.15147
1.34167 0.16757 0.718107
0.397361 1.43966 0.684347
0.326 1.90972 0.142973
0.620371 0.913292 0.794175
0.37209 0.900808 1.41146
0.0815428 0.169506 4.92455
0.231535 0.641376 2.49348
0.069464 3.71834 0.217542
0.425155 1.78229 0.0694766
0.545912 1.26872 0.200937
0.32015 1.13495 1.28935
0.069464 2.64636 1.29902
0.65811 0.497388 1.28645
0.689957 1.00047 0.172874
0.0698578 1.46893 2.58285
0.624023 0.08541 2.73207
0.87075 0.233408 1.35699
0.244664 2.09634 0.322835
1.05936 0.0845987 1.75151
0.197178 0.53905 2.96044
0.165215 1.41244 1.72687
0.944123 0.143342 1.5733
0.374729 0.242188 2.88941
0.069464 3.30046 0.93542
0.49839 1.15263 0.803636
0.758031 0.674699 0.86055
0.300485 0.432137 2.57959
1.70613 0.112401 0.0834599
0.119292 1.76142 1.51121
2.00841 0.0710159 0.069469
0.069464 3.51231 0.53834
1.26545 0.251721 0.421118
