0.708245 0.998352 0.129626
0.396735 0.869507 1.37776
0.594483 1.10882 0.336408
0.941187 0.635146 0.154028
0.0707613 3.30489 0.931371
0.296794 0.987539 1.67102
0.256641 0.480728 2.68585
0.47692 1.55623 0.0805046
0.534395 1.32028 0.167043
0.0709474 0.0709474 6.07095
0.657448 0.321832 1.85196
0.493291 0.127195 2.96508
0.769481 0.821774 0.27363
0.808794 0.262464 1.43642
0.258251 1.26153 1.34097
0.180582 0.150826 4.06592
0.337962 1.09107 1.29078
0.224185 2.47557 0.0706979
0.51268 0.510683 1.82468
0.385149 1.70833 0.158025
0.0920884 0.453479 3.91416
0.714725 0.744736 0.837648
0.121658 1.62049 1.80848
0.401562 1.35584 0.888779
0.510076 0.732492 1.28479
0.293076 0.336482 3.00403
0.635674 0.0861783 2.68944
0.436718 1.44948 0.370597
1.22538 0.225598 0.778388
0.262449 2.14138 0.146797
0.350208 0.39686 2.50179
0.370662 0.204878 3.16957
1.11129 0.33057 0.643156
1.28545 0.278876 0.215554
0.175536 1.65047 1.28931
1.4895 0.112227 0.666708
0.966316 0.482923 0.571892
0.956415 0.208933 1.28731
0.803005 0.0706354 2.51303
0.0707613 3.71943 0.219077
1.28387 0.0717281 1.34983
0.22016 0.677079 2.49241
0.190604 0.52964 3.08157
0.0707613 1.04134 3.54301
1.09006 0.536718 0.0747444
0.146819 2.38661 0.799122
0.643079 1.21831 0.0731557
0.86441 0.85571 0.0697729
0.0707613 2.16561 2.05918
0.153165 2.57984 0.303341
1.75782 0.0694677 0.655014
0.135833 0.256589 3.90536
0.26122 0.121912 3.72248
0.556581 0.169452 2.49138
1.05703 0.435664 0.361437
0.352917 2.00317 0.0694899
0.304264 1.86948 0.321725
0.100356 0.909342 2.96086
0.0707613 2.40789 1.56489
0.42188 0.251652 2.59852
0.595444 0.439794 1.63404
0.153283 0.794959 2.61247
0.908918 0.151292 1.67632
1.39043 0.181438 0.395595
0.0707613 1.47572 2.57635
0.860145 0.556895 0.792028
1.03585 0.0882717 1.81701
0.0707613 2.67399 1.28968
0.127904 0.662874 3.3276
1.10689 0.117593 1.30826
0.229182 1.11791 1.88245
0.350069 1.594 0.63328
0.196341 2.26785 0.422291
0.492123 1.22225 0.643982
0.652235 0.914032 0.595876
0.107285 1.10567 2.49739
0.759074 0.208115 1.9866
0.412196 0.614663 2.07175
0.0707613 3.51446 0.538033
1.69407 0.0921262 0.209971
0.62126 0.537481 1.2978
0.0825623 0.161987 4.95458
0.552 1.02283 0.869795
0.343737 0.802484 1.8976
0.162728 1.32327 2.01499
1.46703 0.251896 0.0694718
1.20542 0.382946 0.109984
0.193475 1.40458 1.48044
1.58528 0.148781 0.0978644
1.99334 0.0702516 0.07104
0.123101 0.0737292 4.91592
0.825246 0.686545 0.444514
0.159696 2.7787 0.079863
0.461042 0.669694 1.54885
0.0707613 3.98461 0.0732827
0.275921 1.75164 0.860115
0.226252 2.01856 0.682985
0.128719 1.83548 1.3344
0.357253 0.0712079 3.77868
0.732727 0.379446 1.32221
