0.806142 1.69742
1.33494 0.907605
1.69615 0.622385
0.511754 2.45054
1.13912 1.33494
1.95693 0.0986495
1.16345 1.26555
0.210513 3.23061
0.659539 2.05607
1.23924 1.06421
1.22592 1.09607
0.671818 2.0124
0.583069 2.31506
1.85446 0.238807
1.8001 0.360784
0.609804 2.23199
1.70953 0.590292
0.361263 2.55106
0.286479 2.87784
1.35697 0.890471
0.596715 2.27431
0.428331 2.47132
1.03022 1.58906
0.737268 1.81219
1.15127 1.30035
0.831044 1.6802
1.63829 0.742875
0.723199 1.84876
0.647286 2.10023
1.84038 0.267869
0.785844 1.72024
0.684255 1.9694
1.18794 1.19633
0.346567 2.59497
1.68246 0.653845
1.66834 0.68454
0.398771 2.48644
0.167251 3.2699
1.01245 1.61451
0.965528 1.6566
1.0463 1.56145
1.1144 1.40345
1.21302 1.12876
1.78714 0.392986
0.991874 1.63731
1.82668 0.298006
1.72267 0.557743
1.2824 0.976829
1.65368 0.714284
1.74852 0.491845
0.622512 2.18859
0.752145 1.77828
0.226824 3.18084
1.53276 0.85755
0.634978 2.14451
1.62195 0.770054
1.91741 0.137052
1.77423 0.425728
1.58469 0.81899
2.06202 0.0699153
1.98131 0.0841072
2.01234 0.0738888
1.20039 1.16221
1.10173 1.43692
1.42256 0.870528
1.08872 1.46967
1.81329 0.329019
0.309025 2.75593
1.86902 0.210986
0.25262 3.0651
1.93607 0.116507
1.06118 1.5322
1.2984 0.951321
1.88423 0.18459
0.297645 2.81596
0.320821 2.69845
0.768172 1.74742
1.76137 0.458738
0.709816 1.88729
0.696883 1.9276
1.56195 0.839893
0.26417 3.00334
1.60428 0.795567
0.240344 3.12493
0.552713 2.38995
0.275382 2.94059
1.73565 0.524887
0.866448 1.67079
1.25301 1.03355
0.534601 2.42263
1.07525 1.50151
0.568552 2.35383
1.384 0.877558
0.333233 2.6445
1.12681 1.36946
1.90025 0.159886
1.31573 0.928106
1.26733 1.00435
0.378107 2.51419
1.17566 1.23079
