1.62874 0.760208
0.719234 1.86131
0.553676 2.38915
1.80378 0.353153
1.73365 0.531366
1.77545 0.423991
1.53658 0.856359
1.08875 1.47094
0.227054 3.18285
1.8329 0.285368
0.999148 1.63086
0.320451 2.70363
0.658964 2.05993
0.759797 1.76395
0.308657 2.76154
1.70555 0.601287
0.378122 2.51588
1.13159 1.35763
1.07344 1.50688
1.76136 0.460149
2.01136 0.0745652
1.31753 0.92681
0.569678 2.35238
0.835331 1.67881
1.97963 0.0854863
0.286225 2.88332
1.93308 0.120291
1.11768 1.396
0.398968 2.48744
0.610571 2.23113
0.240494 3.12764
1.38564 0.877538
1.66145 0.700002
0.121323 3.80452
0.332914 2.64889
0.127261 3.70264
1.26859 1.00306
0.584199 2.31334
0.694591 1.93668
1.42399 0.870854
1.91385 0.142366
0.512394 2.45071
0.297251 2.82205
1.0573 1.54134
1.30005 0.949882
0.535604 2.42207
1.67658 0.668108
1.71979 0.566301
0.745554 1.79396
0.811406 1.69357
0.346313 2.59852
1.35866 0.890046
1.23978 1.06424
0.264156 3.00739
1.28392 0.975286
0.5977 2.27284
1.22578 1.09777
0.635146 2.1457
0.971387 1.65384
1.10351 1.4337
0.869587 1.67094
1.17198 1.24274
0.275262 2.94533
1.19865 1.16839
1.74759 0.495639
1.21212 1.1325
0.210603 3.23246
0.732097 1.82653
1.14521 1.31915
0.158682 3.27122
0.647049 2.10288
2.06212 0.0703067
0.114311 3.9331
1.18533 1.20508
0.775094 1.73694
1.81831 0.318519
0.670797 2.01776
1.33656 0.906866
1.59016 0.813789
0.361139 2.5536
1.7896 0.388162
1.1587 1.28062
1.89602 0.167081
1.021 1.60388
1.86339 0.22258
1.84797 0.253135
1.8794 0.193735
0.62306 2.18843
1.61051 0.787974
1.95454 0.101121
1.25403 1.03259
0.428711 2.47197
1.64558 0.730795
0.682645 1.9766
0.252679 3.06855
1.69126 0.63508
1.56663 0.836848
1.04 1.57385
0.792008 1.71325
0.706706 1.89831
