1.69291 0.629414
0.771423 1.74145
1.67801 0.663187
0.655214 2.07087
1.27771 0.984565
1.62923 0.757936
1.00189 1.62675
0.80862 1.6949
1.06161 1.53079
1.15074 1.30124
1.89496 0.167278
1.91266 0.142621
0.607627 2.23851
1.13693 1.34051
1.42199 0.87039
1.7355 0.52468
1.5665 0.835941
1.16442 1.26214
1.09364 1.45691
1.77669 0.41886
0.868317 1.67044
0.0870028 3.79731
0.275734 2.93751
0.334165 2.63992
1.80424 0.350128
0.0943643 3.66974
0.97318 1.6518
0.378765 2.51258
0.208037 3.23579
1.02453 1.59738
1.07808 1.49448
0.702558 1.90889
0.741442 1.80162
1.23275 1.07892
0.833119 1.67898
0.714984 1.87137
0.399221 2.48571
0.690469 1.94785
1.9319 0.120386
1.72158 0.559891
1.61075 0.786313
0.129154 3.32211
0.321704 2.69347
0.511269 2.45067
1.66257 0.696031
0.347425 2.59139
0.788723 1.7161
0.298338 2.81116
1.76298 0.45399
1.10846 1.41871
0.428496 2.47109
0.727896 1.83549
1.0439 1.56538
2.01047 0.0740839
1.84736 0.252707
1.31223 0.932056
1.35476 0.891634
1.12291 1.37962
1.24722 1.04561
0.239605 3.12738
0.643603 2.11276
1.17786 1.22394
0.361952 2.54869
1.81834 0.3166
0.581604 2.31858
1.21873 1.11352
0.755832 1.77016
0.225457 3.18505
1.26209 1.0142
1.20496 1.14938
1.29426 0.957138
0.594924 2.2792
0.551786 2.39135
1.86253 0.222625
1.33217 0.909915
1.95346 0.100969
1.83269 0.284056
1.64638 0.727728
0.149687 3.27445
0.252297 3.06576
0.678592 1.98806
0.631831 2.15499
1.19126 1.18653
2.0615 0.0697529
0.0793607 3.93757
1.59028 0.812471
0.666876 2.02912
1.38245 0.877868
1.7493 0.489268
0.533929 2.42325
1.79039 0.38427
1.70741 0.594877
0.56741 2.35609
1.5361 0.855769
0.619918 2.19687
0.264261 3.00178
0.309807 2.75096
1.97859 0.0851748
0.287019 2.87372
1.87831 0.194087
