0.747111 1.78777
1.67523 0.668412
0.792743 1.71055
0.617686 2.20334
0.579704 2.32283
0.209027 3.23264
0.996374 1.63204
1.66004 0.700342
1.77091 0.432654
0.811762 1.69177
0.674835 1.99985
1.98027 0.0839494
0.59292 2.28423
2.01149 0.073532
1.42282 0.870043
0.640914 2.12118
0.121218 3.36305
0.709372 1.88686
1.16284 1.26559
1.64425 0.730886
0.663437 2.0401
0.869068 1.67008
0.348647 2.5862
1.33539 0.906349
0.55002 2.39408
1.75782 0.466315
0.15248 3.27209
0.239939 3.12433
1.21363 1.12559
1.91595 0.137864
1.70399 0.602204
1.83823 0.271093
0.316352 2.71701
1.05307 1.54726
0.3017 2.79136
0.721438 1.85197
1.01778 1.6064
0.734008 1.81874
1.58884 0.813517
1.7841 0.39908
0.390742 2.49418
1.26809 1.0016
1.86715 0.21318
0.13394 3.30286
0.565659 2.35942
1.17545 1.2297
1.28314 0.974365
0.69766 1.92324
0.287451 2.86946
1.53538 0.855701
1.82437 0.301815
1.09747 1.44628
0.423283 2.47189
1.11098 1.41099
1.95573 0.0987715
0.969139 1.65387
1.08326 1.48136
0.252539 3.06281
1.13732 1.33832
0.331855 2.64787
1.71773 0.568546
1.60907 0.787994
1.18812 1.19419
1.03634 1.57787
1.25379 1.03051
1.88256 0.186186
0.835203 1.67768
1.89869 0.161073
1.93477 0.116918
1.2267 1.09262
1.29907 0.949266
0.686188 1.96094
1.79741 0.36588
0.761013 1.75919
1.7312 0.53465
0.629456 2.16217
0.508827 2.45228
0.226007 3.18178
0.605542 2.24419
1.24002 1.06095
1.20078 1.15954
1.62737 0.760261
0.275997 2.93417
1.74458 0.500418
0.264438 2.999
0.776074 1.73327
0.652259 2.08025
1.31633 0.926415
0.531948 2.42554
1.15016 1.30183
1.38428 0.876879
1.68984 0.635605
1.85246 0.241472
0.367679 2.53393
1.81077 0.333502
1.35731 0.889537
1.12425 1.37489
1.06859 1.51498
1.56536 0.836373
2.06148 0.0694747
