0.0704119 0.60631 3.90501
0.167887 1.52896 1.45398
0.348118 1.54638 0.785627
0.0910511 0.380059 3.98272
0.173866 0.534899 3.23637
0.460569 0.629535 1.6793
1.13674 0.298611 0.717588
0.0704119 3.95487 0.0764496
0.140075 0.245768 3.90498
0.406983 0.826771 1.41381
0.163051 2.82545 0.0708871
0.142945 0.729007 2.88924
0.154758 2.57884 0.283638
0.227222 0.619722 2.52911
0.331472 1.89015 0.147225
1.60391 0.0997765 0.393227
1.65684 0.149435 0.0702185
0.384803 1.63897 0.273744
0.758967 0.0713792 2.54813
1.00465 0.562998 0.149512
0.663097 0.406552 1.44191
0.311466 0.925231 1.73717
0.13246 1.84554 1.30686
1.45901 0.136319 0.52328
1.15984 0.0700217 1.87096
0.512534 0.719177 1.28795
0.105203 1.06573 2.5408
0.562984 1.02694 0.781036
0.333114 0.0704816 3.90498
1.25733 0.272837 0.338838
0.742307 0.263597 1.71116
0.350983 1.03978 1.30014
0.487675 1.51158 0.0892955
2.00824 0.0700756 0.0742334
0.230921 0.195252 3.71372
0.298528 1.77213 0.607954
0.748722 0.764118 0.57401
0.248101 0.435022 2.91875
0.0704119 1.27312 2.9871
1.14896 0.449841 0.0930398
0.0704119 3.50815 0.548869
0.797558 0.333452 1.29229
1.3061 0.189023 0.700991
1.00852 0.106017 1.66927
0.645348 0.850575 0.864743
0.0704119 3.30117 0.936762
0.555005 1.28995 0.144749
1.78292 0.0783173 0.192515
0.28244 2.18589 0.0765196
0.505552 1.20329 0.606561
0.617976 0.127114 2.49336
0.26676 1.17165 1.42883
0.0704119 1.56237 2.49963
0.922011 0.534693 0.56861
1.3128 0.337667 0.0732163
0.364416 0.726122 2.00294
0.796341 0.864786 0.117139
0.687922 0.940748 0.316776
0.984052 0.427248 0.758886
0.0977678 0.853032 3.1828
0.231164 1.41658 1.29096
0.0704119 2.41728 1.54779
0.124247 0.0733827 4.90569
0.0704119 3.7081 0.231504
0.31383 0.396582 2.61449
0.865105 0.68242 0.281748
0.477452 0.190834 2.6134
0.837588 0.160986 1.93312
0.568818 0.0882095 2.9864
0.205894 0.120408 4.07116
0.23499 1.05805 1.99501
0.948988 0.752123 0.0700239
0.0704119 2.18554 2.01701
0.612353 1.09553 0.276901
0.0704119 2.67616 1.28847
0.429728 0.139563 3.25411
1.30159 0.0716797 1.31068
0.593744 0.5476 1.32997
0.613155 0.340385 2.00004
0.254991 2.04917 0.338356
0.904844 0.204977 1.37227
1.43077 0.210311 0.137508
0.807224 0.611705 0.849292
0.344034 0.262989 2.99712
0.148182 2.38327 0.781205
0.211474 2.39079 0.127872
0.124097 1.60627 1.79902
0.688819 1.12571 0.0729101
1.09021 0.392506 0.418145
0.194223 2.21298 0.575967
0.523971 0.484509 1.85737
0.0733628 0.154834 4.9394
0.228943 1.93087 0.874052
0.446394 1.4148 0.400628
0.415718 1.31328 0.910398
0.408868 0.32192 2.48991
0.423841 1.7814 0.0700777
0.1645 0.854098 2.48867
1.08906 0.131819 1.28944
0.186951 1.29959 1.79544
