1.85211 0.242182
0.258345 3.0322
1.75817 0.465412
0.628468 2.16567
1.74496 0.499436
0.425056 2.47145
1.42312 0.870025
0.211907 3.22563
2.06142 0.069475
0.337757 2.62455
0.229917 3.16696
1.03712 1.57654
0.296681 2.81837
2.01119 0.0735942
0.565122 2.36072
1.78435 0.398461
1.97983 0.0841564
1.26897 0.999904
0.509047 2.4521
0.673707 2.00379
0.868806 1.6701
0.696662 1.92645
1.24098 1.05875
0.791915 1.71153
0.309679 2.74993
1.29981 0.948182
0.708405 1.88978
1.66082 0.698765
1.31695 0.925675
1.86671 0.21398
0.639901 2.12482
1.01845 1.60547
1.77124 0.431809
1.20173 1.15699
1.13859 1.33474
0.77516 1.73469
1.83792 0.271772
1.70449 0.601
1.62795 0.759319
1.22766 1.09029
1.11233 1.40738
1.16402 1.26222
1.69052 0.63404
1.81072 0.333624
1.89809 0.161943
1.15124 1.29874
1.676 0.666722
0.732989 1.82131
0.811173 1.69225
1.82417 0.30227
0.651122 2.08435
0.57917 2.32431
1.53568 0.855561
0.244787 3.10158
0.27127 2.96087
0.121435 3.36165
1.93414 0.117547
1.56591 0.835926
1.21465 1.12296
0.969537 1.65363
0.592329 2.28603
1.60964 0.787209
0.153516 3.27157
1.79745 0.365774
1.64497 0.729566
0.662445 2.04364
1.88198 0.187148
1.17662 1.2264
1.08462 1.47811
0.604817 2.24656
0.531789 2.42577
0.323262 2.68485
0.760121 1.76089
0.283961 2.8891
0.3717 2.52523
0.393773 2.49066
1.33605 0.905748
0.353597 2.5708
0.720475 1.85465
0.685077 1.96468
1.25469 1.02859
1.28395 0.973001
1.91534 0.138616
0.834818 1.67784
1.05404 1.54536
1.09869 1.44316
1.73171 0.533344
1.1255 1.37143
1.9552 0.0991612
0.746152 1.78991
1.5894 0.812885
1.18917 1.19126
0.616813 2.20634
0.133989 3.3027
0.549624 2.39487
0.996944 1.63145
1.35788 0.889186
1.71832 0.567082
1.38471 0.876738
1.06974 1.51245
