2.06167 0.0700304
0.119559 3.37873
1.38245 0.878241
0.253535 3.06107
1.175 1.2331
0.560734 2.37288
1.9781 0.0858314
1.65719 0.707715
1.87741 0.196404
0.541436 2.41171
1.63917 0.74164
1.76259 0.455997
0.679114 1.98749
1.35433 0.89238
1.54157 0.853407
0.619338 2.20011
1.13437 1.34877
0.128646 3.32588
0.210449 3.23115
0.631743 2.15657
1.27617 0.988112
0.691008 1.94726
0.3983 2.48711
1.57339 0.830421
1.91174 0.144444
0.428607 2.4714
0.667319 2.02881
0.517207 2.44542
1.61995 0.773437
0.298329 2.81298
1.86165 0.225101
0.655628 2.07065
1.09172 1.46268
1.23038 1.08556
0.789613 1.7156
1.33121 0.911399
0.0946307 3.67019
0.320834 2.69903
1.42265 0.870642
0.287417 2.87332
0.833849 1.67906
1.83204 0.286381
0.756758 1.76913
1.81785 0.318665
1.07644 1.49918
1.31121 0.933987
0.265337 2.99764
1.59846 0.803304
1.14802 1.31007
1.12062 1.38695
1.67391 0.673015
0.332975 2.64611
1.20225 1.15764
0.345959 2.59753
0.156405 3.27121
1.10643 1.42507
1.21616 1.12107
0.0700181 4.07002
0.728733 1.83429
0.703205 1.90801
0.97255 1.65266
1.73456 0.528064
0.377395 2.51579
2.01024 0.0744738
0.809443 1.69471
1.02315 1.60011
1.26025 1.01878
1.74882 0.491482
1.84658 0.25516
0.309405 2.75468
0.240993 3.1226
1.72008 0.56462
0.606283 2.24413
1.24511 1.0512
0.276349 2.93587
0.139508 3.28995
0.227148 3.18018
0.360527 2.55341
0.0877398 3.78925
0.715734 1.87027
0.592407 2.28804
1.0601 1.53478
1.77628 0.420896
1.04258 1.56853
0.742366 1.80039
0.643879 2.11304
1.80389 0.351938
1.16153 1.27147
1.79006 0.386044
0.577349 2.33136
1.00093 1.62839
1.18855 1.19508
1.70525 0.601067
0.77234 1.74067
1.95281 0.101969
1.6901 0.636848
1.89399 0.169444
0.868779 1.6707
1.93113 0.12175
1.29301 0.959764
