2.01019 0.0743467
1.19544 1.17566
1.83085 0.288646
1.609 0.789151
0.280672 2.91465
0.627718 2.17033
0.314798 2.73066
0.152873 3.27351
1.31279 0.931726
1.97801 0.0857077
1.93103 0.121627
1.20841 1.14081
1.81641 0.321671
1.24902 1.04217
0.811174 1.69305
1.89371 0.169592
0.341486 2.61557
1.56522 0.837296
1.64433 0.732004
2.06156 0.0699172
1.14409 1.32083
1.87693 0.196913
1.69055 0.63543
0.20725 3.23989
1.0408 1.57136
1.13076 1.35845
0.63911 2.1297
1.05805 1.53863
0.236366 3.1458
0.395821 2.49061
1.62732 0.761497
1.26358 1.01172
0.835019 1.67838
1.33233 0.910083
0.508245 2.45357
0.971961 1.65285
0.661786 2.04802
0.270033 2.97471
0.302634 2.79298
0.549039 2.39733
1.42194 0.870568
0.604069 2.25087
1.02197 1.60154
1.67572 0.668738
1.27883 0.983035
1.91157 0.144402
1.80223 0.355594
1.23508 1.07393
0.291313 2.85475
1.74691 0.496
1.35483 0.891856
1.11736 1.39544
0.745687 1.79238
0.259196 3.03427
1.86097 0.226062
1.16981 1.2474
0.650497 2.08864
1.76068 0.460503
0.223179 3.19639
1.22158 1.1069
1.77446 0.425141
1.70498 0.601339
0.616031 2.21097
0.374201 2.52331
0.869324 1.67054
1.9527 0.101851
0.732493 1.82413
0.684448 1.96874
1.15696 1.28409
0.591558 2.29015
0.120501 3.376
1.29514 0.956203
1.58872 0.814589
0.707725 1.89362
0.248137 3.09136
1.66035 0.701039
1.73308 0.531435
1.18259 1.21128
1.38248 0.87808
1.07403 1.50429
1.08907 1.4688
1.71913 0.566605
0.673068 2.00801
0.759771 1.76285
0.774976 1.73612
0.564482 2.36375
0.791792 1.71265
0.531239 2.42766
0.327404 2.67216
0.133569 3.30861
0.695941 1.93064
1.8457 0.256656
0.426457 2.47242
0.719864 1.85804
1.53513 0.856468
1.7883 0.390059
0.578481 2.32786
0.356907 2.56522
1.00004 1.62911
1.10369 1.43184
