0.41083 0.168983 3.13773
0.360739 1.5815 0.58567
0.0702517 1.22642 3.11193
0.0701132 2.41552 1.54998
0.262838 0.462322 2.69847
1.24056 0.241682 0.603724
0.143709 2.43515 0.725991
0.614276 0.129185 2.4928
0.82021 0.596262 0.844197
1.12354 0.30441 0.746303
1.18572 0.449713 0.0727689
0.581068 1.19132 0.209215
0.459759 0.217758 2.57467
0.219041 0.662971 2.50393
0.286278 1.72116 0.852609
0.0702517 0.60615 3.90485
0.699161 0.450023 1.28501
0.271665 2.12927 0.127248
0.318045 0.883288 1.82091
0.877543 0.664461 0.286616
0.0701132 3.98791 0.0723051
0.407001 1.36334 0.836229
0.162395 0.188801 3.97906
0.764668 0.306967 1.41527
1.30386 0.070509 1.34006
0.585471 0.57483 1.31068
0.149374 2.61752 0.274882
0.406064 1.68341 0.122863
1.75156 0.119448 0.0701196
0.315586 0.303979 2.98534
1.9931 0.0701492 0.0801863
0.489264 1.26898 0.516538
0.712489 0.929572 0.240159
1.42144 0.139744 0.647874
0.318125 1.83224 0.306997
0.633125 0.388025 1.65094
0.0701132 2.67841 1.28732
0.617887 1.00848 0.492872
0.0701132 3.72232 0.214431
0.899339 0.23834 1.30119
0.538356 0.466323 1.84847
0.155383 2.81097 0.0775134
0.81297 0.843691 0.112491
0.0701132 3.51771 0.530127
0.361572 1.94772 0.0709673
0.202354 2.30009 0.306663
0.345553 0.0714353 3.78212
0.130362 0.339667 3.70588
0.0878049 0.390022 4.00312
0.828883 0.182793 1.80401
0.0702517 0.0702517 6.07025
0.0701132 3.30725 0.92557
0.126782 1.89019 1.30092
0.245524 1.98168 0.581184
0.283816 1.12496 1.42183
0.151127 1.39379 1.96295
0.243956 1.02783 2.00345
1.02149 0.553169 0.133362
1.28114 0.314096 0.125651
0.172217 1.55263 1.38375
0.099669 0.887452 3.03107
0.252945 0.126513 3.72652
1.59584 0.109158 0.309392
0.562865 0.0929494 2.94332
0.1484 0.797881 2.63862
0.119808 1.66566 1.71702
1.51717 0.188612 0.0856776
0.65622 0.840029 0.838943
0.967288 0.143533 1.49231
0.387434 0.753717 1.73149
0.239853 1.38889 1.28859
1.72313 0.0765249 0.404182
0.437313 0.579844 2.02862
0.364808 1.01627 1.29335
0.938774 0.519416 0.551667
0.368169 0.372908 2.49573
0.0736059 0.159359 4.91699
0.226902 2.50407 0.0701326
0.0702517 1.5185 2.53039
0.103053 1.12626 2.49844
0.529641 1.08332 0.817925
0.759341 0.750143 0.567495
1.05139 0.0844907 1.80516
0.18625 2.13788 0.849067
0.692616 0.263333 1.98159
0.207561 1.25534 1.69571
0.950909 0.742249 0.0701952
0.0701132 2.17544 2.03703
0.447379 1.47515 0.2585
1.13843 0.111916 1.28978
1.10717 0.395475 0.335341
0.179314 0.563001 3.06231
0.488568 0.648484 1.46552
1.00004 0.41195 0.756718
0.42978 0.828383 1.33241
0.128446 0.0705423 4.93066
0.778884 0.0701166 2.5574
0.688903 1.12856 0.0725691
1.36454 0.211472 0.299207
0.536856 1.4078 0.0827991
