0.0698795 2.67576 1.28789
0.871245 0.709309 0.190235
1.20791 0.359251 0.154022
0.411444 1.40065 0.691411
1.14273 0.299493 0.680422
0.142477 0.319828 3.6913
1.65376 0.130564 0.0828964
1.37657 0.289239 0.0731879
0.597341 0.563059 1.30394
1.14323 0.520479 0.0697464
0.127633 1.88524 1.30001
0.999567 0.394913 0.840564
0.226235 1.3902 1.31867
0.258992 2.06652 0.273904
0.296189 1.80659 0.538137
0.869693 0.223704 1.39426
1.55902 0.10113 0.539508
0.0698795 2.41253 1.55445
0.183719 0.164245 3.92778
0.294269 2.21309 0.0699167
0.305665 1.18501 1.28584
0.275551 1.05313 1.64317
0.40353 0.715841 1.74867
1.03576 0.154508 1.29398
0.0698795 3.95397 0.075975
0.0698795 3.50701 0.549475
0.580474 0.0850079 2.9682
0.61171 1.00062 0.552627
0.216974 1.14971 1.8976
2.03172 0.0698746 0.0700684
0.571404 1.20572 0.217555
0.374453 1.66191 0.287535
0.961927 0.115356 1.76485
0.812323 0.930318 0.0704168
0.258885 0.477539 2.67488
1.14081 0.0828185 1.47569
0.348361 1.90234 0.0928632
0.491299 0.154102 2.74711
0.45099 0.827362 1.29231
0.144148 2.4066 0.781769
0.0698795 2.17351 2.04031
0.0698795 3.70666 0.232058
0.192864 2.22894 0.55231
0.219218 0.671983 2.49559
0.270576 0.114564 3.71557
0.4297 0.261167 2.54319
0.57917 0.376768 2.01434
0.151397 0.822131 2.5709
0.359296 0.936687 1.40472
0.930968 0.532716 0.528394
0.483724 1.3061 0.443576
0.157878 2.84002 0.0714147
0.709378 0.291411 1.72395
0.086641 0.48687 3.73762
0.667636 1.09985 0.102084
0.298027 0.336969 2.95251
0.0698795 3.30021 0.936964
0.720183 0.901065 0.275036
0.986606 0.61845 0.099609
0.108479 0.27175 4.19465
0.334075 1.56753 0.84155
0.17455 1.35134 1.78633
0.150334 2.60188 0.288505
0.786983 0.0700003 2.53331
1.46085 0.181894 0.180491
0.0701348 1.53225 2.51892
1.28155 0.237546 0.446858
1.77228 0.0768599 0.237204
0.353805 0.0703358 3.79201
0.538808 1.44013 0.0724247
0.518926 1.10713 0.809972
0.0727578 0.152939 4.95301
0.0980461 0.951244 2.86488
0.623153 0.124873 2.49102
0.211553 2.40323 0.117209
0.447165 1.54933 0.142128
0.124555 0.072356 4.91109
0.228858 1.9455 0.838603
1.37066 0.150459 0.75378
0.663961 0.823103 0.849022
1.06471 0.445844 0.293512
0.373056 0.208555 3.11822
0.639073 0.431098 1.45569
0.768377 0.75356 0.500431
0.190163 0.554171 2.97772
0.779786 0.353886 1.28928
0.474821 0.53846 1.94447
0.0701348 0.642316 3.81354
0.799892 0.181866 1.95589
0.16158 1.57212 1.42911
0.352667 0.405808 2.48771
0.128069 0.712211 3.14559
0.0701348 0.0701348 6.07013
0.314881 0.841329 1.98327
0.11978 1.63735 1.78429
0.10399 1.13887 2.48762
0.0701348 1.25281 3.04022
0.504129 0.629891 1.44431
1.34621 0.0697438 1.30958
0.820318 0.608455 0.789989
