0.772515 1.73892
1.19681 1.1703
0.757083 1.76682
1.10339 1.43102
0.39717 2.48794
1.15775 1.28015
1.08889 1.46774
1.14462 1.31763
1.2658 1.00603
1.53439 0.856167
0.716695 1.86535
1.8209 0.309768
0.833519 1.6784
0.242904 3.11294
0.210291 3.23106
0.647234 2.09838
1.18379 1.20623
0.868287 1.67015
0.63603 2.13873
1.89564 0.165562
1.04056 1.57057
0.115834 3.40652
0.358882 2.55732
1.56419 0.837334
0.704459 1.90184
1.29737 0.951762
1.75468 0.474403
1.70116 0.609
1.74158 0.508128
0.61321 2.21862
1.17079 1.24292
0.729437 1.83044
1.07375 1.50349
1.25118 1.03607
1.02164 1.60094
0.256043 3.04708
0.22828 3.17529
0.37611 2.51778
0.150358 3.27417
0.589134 2.29567
0.742828 1.79747
2.01035 0.0737728
0.692603 1.93963
1.68721 0.641646
0.547346 2.39932
0.658427 2.05804
0.304468 2.77935
0.280557 2.91112
1.93224 0.119469
0.576288 2.33218
1.83474 0.278665
0.427029 2.47153
1.64217 0.734704
0.343779 2.60446
0.681034 1.97843
1.91315 0.141364
0.971497 1.65242
1.84902 0.248439
1.65784 0.70476
1.79404 0.374216
0.316862 2.71698
1.72835 0.541878
0.669666 2.01799
0.789627 1.71433
1.28108 0.97789
1.11747 1.3935
1.31484 0.928206
0.32992 2.65805
1.62544 0.763393
1.60743 0.790265
1.78086 0.407266
0.529842 2.42859
1.05782 1.53777
2.06124 0.0694757
1.22343 1.10072
1.97857 0.0847671
1.23712 1.06766
1.71485 0.575696
1.3564 0.890116
1.80736 0.341667
0.129842 3.3199
0.29244 2.84437
0.507556 2.45334
1.3342 0.907445
0.601394 2.25765
1.76777 0.440685
0.624727 2.17886
1.67283 0.673592
0.809303 1.6938
1.86384 0.219345
1.4223 0.870075
0.268473 2.9793
0.999561 1.62871
1.20999 1.13506
0.562487 2.36699
1.87933 0.1916
1.5874 0.81512
1.13119 1.35558
1.95358 0.100387
1.38355 0.87712
