0.143339 2.40949 0.789088
0.62653 0.0879076 2.69542
0.125879 0.357687 3.69964
1.73887 0.119654 0.0703295
0.520463 1.51121 0.0705252
1.10203 0.447483 0.176183
0.277692 0.111707 3.70803
1.25115 0.211373 0.774038
0.257575 1.24953 1.3555
0.654817 0.835175 0.863659
0.255255 2.16508 0.156966
0.0859884 0.393234 4.0299
0.0731754 0.15074 4.95486
0.149503 2.60677 0.290885
1.72211 0.0776114 0.378153
0.183839 1.60085 1.29346
0.352796 0.397026 2.49547
1.04051 0.382736 0.707353
0.89341 0.22228 1.34487
0.197423 1.34501 1.56923
1.99724 0.070118 0.080691
0.732824 0.398409 1.29563
0.124564 0.0724743 4.91169
0.343454 1.62974 0.597114
0.503851 1.34846 0.234341
0.685054 0.94062 0.331616
0.37098 0.880875 1.46514
0.410279 0.243702 2.67554
0.192612 0.135683 4.05856
0.659606 0.325638 1.81477
0.335606 1.99106 0.0768341
0.551084 1.14212 0.488788
1.1353 0.0833874 1.49317
0.155305 0.876757 2.49504
0.0701132 3.51079 0.543059
0.41319 0.663428 1.87654
0.0704378 0.606336 3.90504
1.05911 0.613925 0.0701192
0.155688 2.8047 0.0784299
0.219983 2.04515 0.692113
1.58127 0.113519 0.310408
0.28698 1.0032 1.69913
1.4177 0.151266 0.548625
0.38709 1.40663 0.863467
0.55365 0.652586 1.28666
0.905722 0.720827 0.101896
0.852254 0.63149 0.523953
0.176844 0.580504 3.02107
0.297745 1.88148 0.351331
0.591147 1.00286 0.680154
0.0702517 2.17952 2.02903
0.0704378 1.24275 3.06843
0.220155 1.12001 1.95821
0.336887 1.09602 1.28857
0.112882 0.797611 3.08857
0.0702517 2.67596 1.28832
0.74012 1.02915 0.0737869
0.975078 0.541318 0.297181
0.542726 0.174098 2.49956
0.146887 1.42927 1.92664
0.0701132 3.71809 0.219217
0.121039 1.66766 1.69676
0.192923 2.29514 0.407925
0.360151 0.070427 3.77073
0.613967 1.19135 0.115086
0.75487 0.720062 0.709828
0.468914 0.13498 3.03858
0.0704378 1.55231 2.50556
1.33203 0.0705814 1.30372
0.101977 1.05022 2.58946
0.803151 0.0701973 2.51239
0.546986 0.422741 1.99445
0.30525 0.30665 3.05348
0.0701132 3.29827 0.940885
0.497338 0.571409 1.66953
0.814739 0.176335 1.92796
0.269387 1.77121 0.878171
0.127287 1.86487 1.31601
0.14575 0.233844 3.90504
0.613015 0.477909 1.41933
0.469891 1.23484 0.757283
0.224827 2.50774 0.0701733
1.16775 0.311787 0.494286
0.964994 0.116975 1.74005
0.910219 0.486071 0.852142
0.452925 0.779252 1.33705
0.390925 1.72084 0.129171
0.792844 0.821173 0.195201
1.05089 0.150144 1.28975
0.255027 0.465944 2.73968
0.0701132 3.98566 0.0724888
1.33242 0.251712 0.201781
0.212647 0.652001 2.53584
1.24535 0.370313 0.0863152
0.429046 1.49528 0.316978
0.325537 0.800855 2.03803
0.0702517 2.41587 1.54975
0.765391 0.274103 1.5474
1.50388 0.203615 0.0775506
0.0702517 0.0702517 6.07025
