0.0700181 2.61555 1.31644
0.262393 2.22996 0.0876473
0.106141 1.09346 2.50616
0.295011 0.481333 2.51321
1.14294 0.432854 0.123415
0.557566 1.24678 0.198538
0.138242 0.827821 2.65982
0.650486 0.850995 0.833538
0.218383 0.174296 3.70086
0.212453 1.14191 1.96799
1.12231 0.118401 1.28859
0.0826951 0.429182 3.95421
0.376477 0.902047 1.39451
0.328328 1.6528 0.662343
0.983672 0.651891 0.0790895
0.954606 0.149419 1.49597
0.279499 1.03187 1.67333
0.116422 1.74451 1.59082
0.857571 0.738755 0.170501
0.747099 0.323515 1.41628
0.81662 0.191738 1.79796
0.262086 1.82591 0.809357
0.440249 0.276714 2.49481
0.707207 0.928802 0.262384
0.571252 0.087168 2.98054
1.20839 0.301262 0.377966
0.212761 0.562362 2.73702
0.321857 1.13233 1.28991
0.0700181 3.35998 0.830847
1.02539 0.498033 0.255846
0.0700181 3.61848 0.355033
0.122101 0.35529 3.71632
0.241543 1.28109 1.38279
1.29942 0.374877 0.0700248
0.196678 2.44956 0.141021
0.512779 1.49385 0.0742694
0.798485 0.638457 0.788874
0.386871 1.52323 0.536649
0.136408 2.46994 0.758506
0.504426 0.48515 1.9785
0.559443 0.566649 1.38722
0.681201 0.273661 1.98204
1.04476 0.0868088 1.78885
0.957466 0.439314 0.832363
0.377165 0.0702359 3.71886
0.459187 0.642661 1.64111
0.0700181 0.692354 3.72881
0.519584 1.13114 0.733043
0.141836 2.66693 0.277176
0.652451 1.13463 0.0984511
0.484964 0.771782 1.28639
0.497247 0.159482 2.68308
2.00389 0.0708803 0.0705059
1.28942 0.070942 1.34418
1.60263 0.155073 0.078126
1.79861 0.070022 0.502696
0.154171 0.633885 3.08011
0.148616 2.91304 0.0710254
0.390245 0.717877 1.83742
0.177841 1.37494 1.6888
0.31473 0.84901 1.96075
1.51841 0.108072 0.61192
1.26872 0.207634 0.722034
0.611659 0.401075 1.70793
0.795105 0.962549 0.070467
0.0700181 0.0700181 6.07002
0.405646 1.67425 0.132291
0.184619 1.57778 1.30371
0.904052 0.575851 0.483446
0.196097 0.746706 2.48907
0.0700181 1.3063 2.9001
0.468864 1.38359 0.338818
0.382997 0.207151 3.05421
0.14453 0.210957 4.03724
1.7077 0.0926282 0.182256
0.0730662 0.156379 4.93042
0.428193 1.29592 0.87191
0.12224 0.0717055 4.93042
0.63834 0.11768 2.48888
0.355228 1.99705 0.0700491
0.0700181 2.28809 1.79747
0.309067 1.88486 0.26549
0.783204 0.0700341 2.54423
0.135243 1.50527 1.88377
0.250366 0.0940683 3.96382
0.248469 0.395201 3.09085
0.0989131 0.888668 3.03643
1.08639 0.350046 0.659403
0.122196 1.95409 1.28603
1.42696 0.168985 0.359284
0.23392 2.08104 0.458167
0.0700181 1.58147 2.48973
0.33538 0.328247 2.72627
0.883428 0.249872 1.30207
0.676737 0.471152 1.28964
0.753413 0.782478 0.480094
0.602996 1.0273 0.522178
1.36758 0.250131 0.132936
0.0700181 3.91758 0.0837195
0.183005 2.23919 0.648725
