1.58586 0.16905 0.0723766
0.165206 1.338 1.93086
0.500542 0.719027 1.30307
1.05832 0.345262 0.815381
0.698434 1.03211 0.111077
1.75507 0.0890524 0.12434
0.428944 1.31023 0.820118
0.179146 1.5231 1.37788
0.557211 0.0881731 3.05057
0.58046 0.557978 1.34237
1.5302 0.12191 0.3883
0.645749 0.420309 1.46167
0.213107 2.01854 0.82168
0.55462 1.03034 0.817724
0.0702295 1.25511 3.03439
0.155292 0.667712 2.94567
0.81256 0.638308 0.706015
0.0696844 3.61408 0.361138
0.568721 1.3545 0.0753406
0.0702295 1.52955 2.52119
0.307177 1.64984 0.845624
0.385884 1.89097 0.0695448
0.967658 0.463109 0.659786
0.154993 2.87506 0.0707391
0.20598 2.45342 0.100689
0.273298 1.89349 0.522765
1.31051 0.0694671 1.36192
0.147799 2.63701 0.260379
0.183657 2.28547 0.524104
0.512699 0.494391 1.88207
0.124596 0.89096 2.65332
0.0696844 3.35067 0.847069
0.310519 1.07452 1.37756
0.727867 0.281929 1.67781
0.0702295 2.1824 2.02299
0.365737 0.234128 3.00718
0.349799 0.732412 2.07868
1.65971 0.0756826 0.647541
0.809564 0.180608 1.91343
1.1603 0.493223 0.0696313
0.250808 0.558037 2.53546
0.373073 0.8379 1.55791
0.304995 2.06799 0.0847555
0.120476 1.64896 1.74649
0.479797 0.174453 2.68029
1.08932 0.430157 0.260783
0.342072 1.76305 0.281761
0.755399 0.829264 0.313321
0.464778 1.43391 0.247367
0.192509 0.156341 3.90483
0.305764 0.395701 2.65611
1.27578 0.337521 0.0925017
0.603363 1.13267 0.230376
0.335681 0.0698424 3.90443
0.120501 0.0727127 4.92938
0.381005 1.52171 0.580356
0.885125 0.232126 1.3326
0.105646 1.10955 2.49841
0.22595 1.19385 1.68725
0.128587 0.243561 4.0509
0.0921068 0.394039 3.90483
1.24881 0.221696 0.700228
0.619471 0.123962 2.49738
1.18669 0.302914 0.453625
0.916866 0.567733 0.447713
0.275553 0.113373 3.70779
0.250432 0.347849 3.29937
0.514783 1.21567 0.496007
0.647481 0.931661 0.562266
0.0702295 0.0702295 6.07023
0.960982 0.142163 1.51965
0.0702295 2.41882 1.5447
0.700023 0.758557 0.869467
0.0702295 2.68136 1.28653
1.38969 0.224136 0.16668
0.253004 1.33917 1.29114
1.05352 0.0831714 1.80532
2.03097 0.0695912 0.0698322
1.1354 0.110578 1.29268
0.0696844 3.91599 0.0837208
0.42853 1.62687 0.114199
0.195335 0.502038 3.13707
0.0702295 0.606128 3.90483
0.770566 0.365848 1.28662
0.241099 2.16441 0.230795
0.274556 0.966399 1.91331
0.409363 0.929791 1.2832
0.76155 0.0707795 2.55586
0.448241 0.639903 1.71715
0.99379 0.615327 0.0935659
0.192062 0.762094 2.48799
0.0735291 0.159666 4.91696
0.141727 2.43608 0.752849
1.37888 0.158933 0.633557
0.601834 0.349315 2.01564
0.414257 0.310163 2.49396
0.0975108 0.807164 3.32511
0.127754 1.87765 1.30441
0.826677 0.929593 0.0694698
0.864522 0.728319 0.168843
