0.069826 2.41791 1.54514
0.069826 2.18241 2.02173
0.953651 0.744777 0.0694691
0.388271 1.72542 0.12922
0.572227 0.388142 1.99968
0.130448 1.8735 1.29525
0.452136 1.43284 0.316536
0.569672 0.985353 0.866837
0.151542 2.89092 0.0704928
0.994501 0.181936 1.28788
1.25467 0.209659 0.762673
0.102714 0.323979 4.00937
0.927702 0.46754 0.842123
0.744517 0.951484 0.111859
0.069826 1.24648 3.05612
0.0730521 0.161472 4.91196
0.846653 0.609094 0.64056
0.142891 0.811971 2.64944
0.336117 1.67525 0.52906
0.691816 0.310163 1.71517
0.287968 0.35177 2.95632
1.29519 0.0733958 1.29474
0.336628 2.05338 0.0695313
0.173413 1.58315 1.33955
0.208662 2.46266 0.0896855
0.359803 0.816561 1.71564
1.11173 0.46791 0.113811
0.274026 1.26515 1.29298
0.550626 1.2956 0.147003
0.184451 2.30166 0.478403
0.200973 1.3745 1.47235
0.375023 1.50647 0.671127
0.772539 0.19928 1.96758
0.628626 0.457624 1.41587
0.161455 1.32278 2.01903
0.0984192 0.920554 2.94176
0.606073 0.133833 2.49148
0.665022 1.15838 0.0745933
0.069826 0.605724 3.90443
0.295356 1.91149 0.301139
0.362705 0.22002 3.11353
0.508559 0.536752 1.73147
0.26467 1.79201 0.861966
0.35846 0.0698757 3.78734
1.96392 0.070275 0.0783984
1.05859 0.37643 0.644357
0.410738 0.635397 1.99449
0.169721 0.588565 3.0638
0.426945 1.30333 0.853954
0.278506 0.927113 2.00457
1.08076 0.102837 1.43591
0.122463 1.63594 1.73967
1.26537 0.375243 0.0726283
1.61726 0.09906 0.347006
0.615306 1.06676 0.329568
0.75733 0.374833 1.29142
0.336392 0.429697 2.48911
0.457988 0.722105 1.41766
0.069826 1.52909 2.52083
0.31563 1.03531 1.42177
0.279995 0.109937 3.70552
0.120239 0.0719473 4.93377
0.207314 0.692508 2.50435
0.138904 2.45461 0.74615
0.478776 0.162724 2.75054
1.50323 0.186035 0.0990106
0.512382 1.18749 0.602143
0.568888 0.0885472 2.96692
1.17984 0.314608 0.418751
0.762573 0.0710253 2.53344
0.069826 3.91991 0.0828706
0.251375 2.16923 0.165987
0.188386 0.144514 4.019
0.0861483 0.515985 3.70091
1.1685 0.0698059 1.8225
0.069826 3.36972 0.81215
0.069826 3.62354 0.346636
0.791942 0.784513 0.282079
1.43015 0.140983 0.587582
0.069826 0.069826 6.06983
0.407967 0.923795 1.28814
0.924259 0.131878 1.76916
0.217196 2.05247 0.695146
1.3396 0.24736 0.19578
0.840914 0.243296 1.40286
0.416217 0.276508 2.54262
0.493096 1.55813 0.0711848
0.674436 0.88074 0.576999
0.15733 0.259905 3.72778
1.72915 0.12238 0.0696343
1.77379 0.0694683 0.592693
0.733097 0.714153 0.848401
0.563723 0.620927 1.29694
0.902054 0.673954 0.176223
0.10515 1.1208 2.49151
0.986391 0.531064 0.283317
0.144764 2.6569 0.255813
0.069826 2.67763 1.2872
0.23138 1.1451 1.76806
0.244841 0.495213 2.70898
