0.0880558 0.498645 3.71437
0.145357 0.725243 2.87233
1.7707 0.077297 0.235753
1.04538 0.150185 1.29332
0.122769 0.0721218 4.93016
1.16791 0.368719 0.227583
0.0702951 3.97923 0.0732697
0.0733716 0.159099 4.92579
0.962692 0.115435 1.76275
1.03217 0.440091 0.455443
0.469951 1.2443 0.73012
0.0702951 2.1857 2.01631
0.148511 1.45195 1.84797
1.66108 0.132749 0.0770023
0.303544 0.905781 1.8685
0.111981 0.319702 3.90503
0.596874 0.0899578 2.80708
0.501186 0.744029 1.28598
0.87881 0.218795 1.38771
0.805402 0.177693 1.95971
0.405102 0.28974 2.54736
0.0702951 2.68311 1.28607
0.927988 0.488767 0.747169
0.256271 0.0962165 3.90503
0.330727 1.65263 0.640402
0.0702951 3.30977 0.921716
0.590964 0.963699 0.814666
0.742916 0.958844 0.108755
0.368421 0.713852 2.01539
0.644463 1.05672 0.228748
0.418054 1.49835 0.380102
1.34204 0.0698827 1.3146
0.321412 0.456542 2.49049
0.0704336 0.0704336 6.07043
0.246804 2.21625 0.142022
0.569674 0.154067 2.5003
0.204915 2.57524 0.0713529
0.190654 0.51107 3.15206
0.384872 0.0704813 3.71318
1.24294 0.27061 0.405593
0.615052 1.27373 0.0729532
0.124666 1.9268 1.29071
0.353379 0.999639 1.33313
0.0704336 1.5681 2.49661
1.09508 0.317508 0.801234
0.518009 0.493192 1.86056
0.0706197 1.28496 2.95683
0.583479 0.562964 1.33068
0.195127 0.210893 3.69845
0.650723 0.421997 1.44221
0.141696 2.50973 0.590707
0.0702951 2.42268 1.53838
0.257935 1.81853 0.8695
0.332973 2.06855 0.0703768
1.39803 0.240266 0.110813
0.551259 1.14909 0.468573
0.510584 1.36083 0.186592
0.401704 0.818349 1.45515
2.02851 0.0700064 0.0704086
0.224068 0.600711 2.57184
0.862496 0.604761 0.577434
0.746921 0.692705 0.857037
1.28138 0.390226 0.0698844
1.55294 0.0987958 0.602519
0.344122 0.244652 3.10629
0.21611 1.3437 1.42828
0.156925 0.16511 4.21758
0.0702951 3.71611 0.221873
1.31325 0.184779 0.702106
1.07765 0.528389 0.0876119
1.47209 0.156068 0.298741
0.0704336 0.606332 3.90503
0.2762 0.38871 2.88716
0.461444 0.632691 1.6654
0.60163 0.351968 2.01076
1.13919 0.0826373 1.48615
0.0976402 0.891513 3.06276
0.942037 0.634529 0.155354
0.0702951 3.52084 0.524824
0.149942 2.79197 0.0961933
0.260218 1.0908 1.66911
0.287178 1.93142 0.328973
0.193958 1.20225 1.99083
0.29227 1.22198 1.28798
0.175976 1.59366 1.32202
0.881265 0.839701 0.0699556
0.381813 1.41199 0.889719
0.72401 0.281319 1.70325
0.167067 0.844925 2.48871
0.77784 0.0711026 2.52165
0.459791 0.166737 2.83702
0.209608 2.10076 0.673131
0.366545 1.76543 0.159677
0.182721 2.3665 0.373216
0.103903 1.08053 2.53365
0.784114 0.350609 1.28827
0.458454 1.6048 0.0822706
0.804837 0.763254 0.291507
0.689204 0.861401 0.562045
0.118078 1.70128 1.66379
