0.195262 2.09998 0.824805
0.724265 0.798716 0.579775
0.681334 0.978362 0.247133
0.16487 0.659918 2.85118
0.14588 0.226022 3.92684
0.55966 0.162876 2.49359
0.514095 1.51782 0.0702138
0.21024 0.48301 3.05304
0.165257 1.5905 1.3716
0.24234 0.612628 2.49359
0.810067 0.173407 1.96356
0.475805 0.547833 1.89351
0.947002 0.609209 0.19329
0.295326 1.67861 0.873012
0.806256 0.0694676 2.50779
0.069464 2.26551 1.84376
1.2232 0.238794 0.695503
0.886433 0.210371 1.39557
1.00559 0.448551 0.538501
1.2184 0.42337 0.0709945
0.460897 1.39636 0.350287
0.228783 1.0638 2.0288
1.13242 0.0828425 1.49668
0.069464 3.35791 0.833096
0.598495 0.572082 1.29255
0.650507 1.17073 0.0794202
0.485561 0.122201 3.04352
0.069464 1.46539 2.58654
0.486202 0.678601 1.39913
1.28797 0.289703 0.171737
0.323734 0.274433 3.07346
1.47828 0.111131 0.728143
0.195173 1.29816 1.69752
0.141804 1.43914 1.95539
1.36922 0.181857 0.476783
1.45173 0.226897 0.0812994
0.429007 0.217028 2.69671
0.836931 0.707435 0.317971
1.07543 0.323463 0.854312
0.673431 0.408682 1.3967
0.10024 0.884508 3.01097
1.98165 0.0694992 0.0850217
0.106374 1.10364 2.4951
0.120793 1.94428 1.29127
0.5859 1.06949 0.48791
0.505174 1.1623 0.727228
0.780937 0.888589 0.115482
0.371979 0.818212 1.62064
0.398939 0.670091 1.94392
0.3683 0.0697742 3.73478
0.803836 0.331295 1.28691
0.336182 1.04356 1.32821
1.32343 0.0698612 1.31145
0.412745 1.63116 0.154811
1.56374 0.138773 0.164348
0.141305 2.69667 0.230714
0.326584 1.78294 0.343932
0.069464 2.60567 1.32185
0.28395 2.0789 0.126141
0.379135 0.346444 2.50447
0.780241 0.642032 0.866869
0.625613 0.894252 0.827182
0.0814035 0.166182 4.93335
0.069464 0.667497 3.76346
0.175739 2.38683 0.396663
0.232477 1.41272 1.28772
0.0898091 0.340399 4.16977
0.613876 0.341908 1.98165
0.733419 0.272782 1.69767
0.362517 1.89792 0.0764609
0.069464 3.91777 0.0829675
0.148175 0.830008 2.57219
0.431203 0.878825 1.28457
0.221576 2.23211 0.26008
0.254996 1.93602 0.591846
1.06499 0.523777 0.104191
0.128029 0.0799009 4.94795
0.548998 1.27259 0.183171
0.14684 2.89965 0.0717954
1.14089 0.367773 0.318739
1.69641 0.0788891 0.415999
0.895954 0.529696 0.722692
0.301694 0.908491 1.86458
0.416829 1.31671 0.887676
0.635521 0.0844022 2.68986
0.212298 0.178123 3.7057
0.558657 0.475976 1.6763
0.371058 1.53444 0.624485
0.114553 1.71541 1.67224
0.244782 0.0957549 3.97549
0.069464 3.61837 0.353781
1.04824 0.148914 1.29149
1.78601 0.105587 0.0696036
0.135535 2.48502 0.726855
0.228157 2.48756 0.0695306
0.285494 0.41869 2.6905
0.963609 0.114405 1.76312
0.916029 0.796086 0.0694702
0.265615 1.16012 1.45247
0.107612 0.422774 3.69152
