1.36728 0.00030878 1.19273
0.207316 0.516754 2.60794
0.437439 1.48217 0.0704657
1.38456 0.180402 0.144597
0.827106 5.352e-06 2.39187
0.919962 0.619701 0.0630467
0.869226 0.700697 1.17607e-09
0.416833 0.778095 1.21895
0.0505846 1.06119 2.44566
0.0137431 0.554269 3.61493
0.403001 1.59202 1.38223e-09
8.17342e-06 0.207612 4.77246
1.99118 3.89284e-05 1.23423e-09
0.000214319 0.752327 3.58577
0.222053 2.12395 0.181817
0.196585 2.27061 8.68836e-10
0.608135 0.0606547 2.39075
0.661556 1.02775 8.06915e-10
0.0498668 2.038 1.19288
0.759831 0.85626 0.0147956
0.686142 0.0180839 2.48581
0.476457 1.36919 0.203695
1.6762 0.0472271 0.088648
0.0847928 2.80339 0.149262
0.0245409 3.3611 0.0236114
0.0682925 1.85686 1.36963
0.453698 0.678687 1.41914
0.218198 1.22667 1.40912
0.00946244 1.39953 2.4003
0.037034 0.403261 3.74554
0.212533 0.0828301 3.58867
0.822317 0.225414 1.26846
0.33877 0.958677 1.19273
0.00947194 2.43229 1.21193
0.163548 2.3689 0.185387
0.129622 1.59503 1.20027
0.260857 1.13942 1.2176
0.154062 0.142411 3.64074
0.194431 1.3577 1.19321
0.258204 0.445425 2.41299
0.00966184 3.6073 1.06525e-09
0.269914 0.0255976 3.69769
0.105335 0.821002 2.4632
0.509808 0.624453 1.19383
0.137306 2.52057 0.0566563
0.105005 8.88316e-07 4.77219
0.136743 0.6955 2.60922
0.35843 1.67324 0.195577
0.805367 0.762475 0.187548
0.0797765 0.951404 2.39047
0.00034601 3.92265 0.00317457
1.81242 0.017051 0.00780681
0.179348 0.628229 2.39196
0.603714 0.474131 1.21745
0.286687 1.89266 0.193948
1.24078 0.294784 0.0208604
0.355749 0.298724 2.3904
0.950669 0.122258 1.37065
0.0124476 0.0875449 4.87803
0.55746 1.1922 0.203089
0.751917 0.27833 1.41266
1.57898 0.0896312 9.45378e-10
0.0982478 1.7176 1.25473
0.893388 0.178295 1.20066
0.0419927 3.14274 0.125473
1.04042 0.0881068 1.19311
5.92819e-05 2.74868 1.19315
1.00022e-06 1.65989 2.39033
0.000646456 0.00125575 5.85786
0.260513 2.02598 1.83596e-09
0.155062 1.44479 1.38968
0.365544 0.849864 1.42022
1.10893 0.0457653 1.3312
0.464096 0.163894 2.40705
0.2918 1.02096 1.41757
0.0259357 2.18956 1.31531
1.04501 0.485464 1.26272e-09
1.31823 0.239579 1.69539e-08
0.102395 0.215196 3.77196
0.525067 1.29847 7.66346e-10
0.0480569 0.0285572 4.7915
1.22222 0.0172438 1.21662
0.543134 0.533546 1.41615
1.16363 0.345997 0.178059
0.520683 0.0991396 2.56265
1.10139 0.415386 0.0592264
0.609882 1.10566 0.0694713
0.0741656 0.320451 3.58621
0.647949 0.392547 1.41266
0.375633 0.00045919 3.58583
0.296313 0.34987 2.60552
0.71498 0.348129 1.19275
0.113099 2.67336 0.00069248
0.0647697 2.99028 1.46153e-09
0.700192 0.927578 0.191237
0.327301 1.79927 0.0156141
0.0251011 1.201 2.54601
0.975826 0.538705 0.187707
0.393806 0.216921 2.59171
1.47931 0.133097 0.0360896
