0.751536 2.1637
0.0921985 3.23057
0.326624 2.84775
0.047011 3.82283
1.38026 0.802555
0.785257 1.79901
0.737706 2.35124
0.372074 2.43286
1.31441 1.27133
0.760169 2.05634
0.30585 3.13707
0.335813 2.7342
0.769205 1.95358
0.763132 2.0215
0.824314 1.6002
0.35949 2.50689
1.34911 0.937931
0.10733 3.18053
0.345476 2.62884
0.0706881 3.46304
0.803733 1.67164
1.29632 1.50826
0.740438 2.31288
0.0601089 3.62391
0.0653156 3.54282
0.799681 1.69462
0.355785 2.53527
0.33272 2.7711
0.775418 1.88928
0.792197 1.74448
1.31135 1.30882
1.38946 0.794952
0.778652 1.85799
0.329623 2.80942
0.757251 2.09168
0.0679887 3.50245
0.3147 3.00982
0.342192 2.66286
0.0791947 3.35138
1.29335 1.55052
0.818072 1.61374
0.088623 3.25693
1.36265 0.85866
0.0523205 3.74535
0.812789 1.63076
0.0962085 3.20756
0.748731 2.20029
0.0442491 3.85979
0.0762761 3.38722
0.766136 1.9873
0.348783 2.59657
1.33388 1.06249
0.0575111 3.66482
1.35339 0.909578
1.30834 1.34666
7.17942e-06 3.99619
0.772267 1.92121
1.30533 1.38568
1.3023 1.42595
1.34506 0.967513
1.29932 1.46656
1.33041 1.09578
1.34119 0.998134
0.10089 3.18962
0.743196 2.27476
0.367586 2.4552
0.795871 1.71882
0.00116591 3.92292
0.317671 2.96821
0.383051 2.3978
0.781909 1.82807
0.363431 2.47993
0.377121 2.41326
1.32707 1.12958
1.37353 0.817591
1.33749 1.02973
0.391136 2.38998
0.754364 2.12761
1.3238 1.16407
0.323612 2.88734
0.0734557 3.42441
0.0496711 3.78489
0.745953 2.23731
1.31751 1.23464
1.35787 0.883106
0.320628 2.92753
0.0627113 3.5831
0.00407395 3.89517
1.32064 1.19891
0.311731 3.05204
0.352224 2.56523
0.0549207 3.70536
0.308763 3.09475
0.832885 1.59328
0.80807 1.65024
0.788688 1.77108
0.0821809 3.31776
0.338987 2.69787
1.36783 0.836545
0.0853007 3.28623
