0.860585 0.696767 0.0732396
0.632556 0.425801 1.27571
0.392686 0.793632 1.42119
0.754543 0.838654 0.196917
0.00023553 0.747689 3.5876
0.0878401 2.80641 0.0469174
0.433542 0.175498 2.5658
0.225572 0.479401 2.59612
0.679635 0.024069 2.41473
0.802507 0.232043 1.39701
0.693385 0.369105 1.19671
1.98336 0.000138477 7.12953e-10
0.445259 0.724396 1.21895
0.00967303 1.36393 2.48634
5.3502e-06 2.76801 1.19278
1.34037 0.208101 0.163665
0.280325 0.406108 2.41044
7.47524e-07 0.209395 4.77249
0.0122955 0.0881194 4.87756
0.0478978 0.0287621 4.79143
0.614619 1.07794 0.217043
1.08248 0.4336 0.0661883
0.536665 1.27335 4.91153e-10
4.75717e-05 1.64376 2.39058
1.49475 0.118404 0.143514
0.486776 1.34603 0.198158
0.111384 2.63749 0.167899
0.573386 1.17631 0.0768339
0.0875123 0.919592 2.39046
1.81152 0.0152279 0.0607639
1.01496 0.493127 0.200894
0.812084 0.000427742 2.39049
1.21917 0.0156736 1.27046
0.280338 1.07117 1.27924
0.387517 0.256454 2.39046
0.363554 0.899325 1.19511
1.11962 0.0512862 1.19527
0.715927 0.933304 7.82306e-10
0.196742 2.22636 0.171803
0.482952 0.62831 1.41895
0.0226687 2.22202 1.32266
1.59319 0.0799913 0.0331801
0.540576 0.577419 1.19273
0.0693312 1.909 1.19289
0.94174 0.136819 1.2477
0.148988 0.66163 2.59976
0.115247 0.787904 2.45931
1.385 5.3755e-06 1.19284
0.145601 1.48006 1.39916
0.251499 1.18228 1.19276
0.000642121 0.00127502 5.85771
0.208721 1.25703 1.40321
0.0661214 2.97997 5.62157e-10
0.666276 1.00842 0.0332066
0.0131218 0.537398 3.69804
0.0445016 2.04899 1.23811
0.451637 1.4606 0.0163694
0.23424 2.12161 6.26733e-10
0.743571 0.299816 1.26798
0.910282 0.617049 0.208911
0.104965 9.47355e-07 4.77223
0.571525 0.491764 1.42339
0.00848136 2.45786 1.20035
0.1207 1.62687 1.21239
1.01825 0.0850577 1.34876
0.141196 2.51215 0.0213391
0.0534388 1.02169 2.55794
1.14907 0.380105 6.73445e-10
0.322466 0.311028 2.59033
0.0427317 3.1363 0.122649
0.381876 7.94538e-05 3.5875
0.0420677 0.425905 3.58593
0.879258 0.193002 1.19286
0.81467 0.776296 0.00424481
0.0886138 1.7408 1.37984
0.0315307 1.19839 2.39845
0.31646 0.959373 1.42779
0.0677644 0.299091 3.75828
0.273762 0.0237163 3.69451
0.0248853 3.35695 0.0231858
0.374997 1.66816 5.97056e-10
0.300834 1.88244 0.0147367
0.260747 1.98159 0.186252
0.194719 0.590843 2.39175
0.000354904 3.92169 0.00319006
0.513294 0.12389 2.39419
0.113375 0.221231 3.59874
1.27834 0.266725 0.0112351
0.576723 0.0638841 2.53359
0.152727 0.13103 3.75794
0.171093 2.38123 4.64499e-10
1.4269 0.167741 5.81729e-10
1.69892 0.045584 6.03406e-10
0.404975 1.54626 0.196114
1.2005 0.31372 0.178984
0.182804 1.39214 1.19749
0.216851 0.0801239 3.58606
0.00979847 3.60454 5.57296e-10
0.972852 0.567819 4.40496e-10
0.331468 1.75236 0.192324
