0.0104456 1.37671 2.41796
1.3658 0.000342998 1.1929
0.200968 1.3373 1.19271
0.290628 0.357767 2.61918
0.405914 0.228801 2.39855
1.21216 0.0168691 1.28141
0.0297939 0.0507763 4.82833
0.347335 0.28928 2.46937
0.679411 0.993778 0.0044308
0.0625129 2.96469 0.136984
0.532602 0.110735 2.39055
1.99133 3.76057e-05 1.01727e-09
0.107491 1.64396 1.39924
0.355865 1.72244 2.5546e-09
0.82938 1.40895e-06 2.39079
0.582709 0.475759 1.42817
0.00726417 2.44731 1.27695
0.00016443 1.62919 2.39039
0.778429 0.832815 9.12681e-10
0.0412379 2.07184 1.24582
0.591711 0.055334 2.53612
0.872969 0.174708 1.38893
0.687497 0.347187 1.4012
0.548054 1.24911 6.36912e-10
1.25285 0.287022 0.00996727
0.111659 0.824374 2.39445
0.188125 2.25899 0.195204
0.982886 0.53018 0.191576
0.284135 1.9211 0.0720096
0.221985 2.1445 0.0673592
0.225605 1.22399 1.28488
1.81484 0.0165813 0.00823054
0.95481 0.138569 1.1928
0.325107 0.939373 1.42481
0.823735 0.749296 0.0685666
1.01561 0.0863552 1.35006
0.453988 0.154496 2.57615
0.643214 0.426739 1.20324
1.11931 0.40869 5.699e-10
0.299536 1.05068 1.19418
0.536257 0.55913 1.28275
0.0472843 0.403247 3.58811
0.938672 0.609671 5.59146e-10
0.136929 2.52234 0.0572291
0.259833 0.0322892 3.68286
1.67998 0.045985 0.0905918
0.257402 1.10884 1.43974
0.00956789 3.60091 0.0111752
1.11491e-05 2.76459 1.19278
1.17328 0.337914 0.170339
0.101517 4.75289e-05 4.77508
0.315744 1.79771 0.211845
1.11669 0.0513458 1.20031
0.0239127 3.34581 0.100207
0.00036328 3.92376 7.25046e-10
0.719041 0.895847 0.19478
6.68424e-05 0.00303912 5.86039
0.054559 1.06918 2.39064
1.40598 0.180501 4.7525e-10
0.372696 0.000652205 3.58616
0.0753978 0.914895 2.58203
0.758081 0.301062 1.19376
1.48035 0.126444 0.129213
0.255786 2.04274 9.37376e-10
0.21137 0.507454 2.61224
0.13613 0.697331 2.60905
0.465872 1.43098 0.00480761
0.166358 2.4028 8.39251e-10
0.423895 1.5149 0.0776058
0.500959 0.640899 1.19271
0.0236732 2.25943 1.19555
0.195764 0.101638 3.58722
0.133421 0.17732 3.62619
0.810196 0.236687 1.26296
0.140048 1.54253 1.21633
0.0438588 3.16691 5.85083e-10
0.0138105 0.536915 3.67634
0.874935 0.664104 0.198066
0.0616042 1.89677 1.37933
1.74573e-06 0.774669 3.58627
0.451725 0.698554 1.28728
0.0884792 2.82341 1.35222e-06
1.31734 0.224496 0.155421
1.58475 0.0871668 7.27691e-10
0.626443 1.05601 0.214223
0.401606 0.773919 1.43974
1.05134 0.466645 0.0616116
0.381386 1.6067 0.217126
0.26214 0.45061 2.39038
0.179213 0.616569 2.41349
0.0799568 0.270106 3.73426
0.498078 1.31997 0.201964
0.108071 2.65591 0.171538
0.58491 1.15346 0.0753391
0.0278684 1.18001 2.54612
0.0887389 1.79816 1.19308
0.000634563 0.185106 4.77443
0.694323 0.0192926 2.41422
0.164068 1.40708 1.41767
0.373188 0.872105 1.20515
