0.171575 0.601303 2.60341
0.86969 0.670979 0.199941
0.747898 0.283397 1.39782
0.106143 1.6964 1.20803
0.404627 0.816797 1.19276
0.333287 1.7472 0.190189
0.0272503 1.18533 2.54226
0.0445857 3.16011 1.1599e-10
0.0740258 0.919272 2.59187
1.25032 0.291641 1.10084e-10
0.288708 0.0210964 3.61898
0.0265983 2.18465 1.30776
0.000172001 0.755339 3.58565
0.314384 0.98657 1.27472
0.994814 0.541908 1.5393e-10
0.539126 1.26808 1.45677e-10
0.234885 2.11918 1.05915e-10
0.627953 1.08312 0.0160135
0.00980847 1.38562 2.41613
0.19884 2.2158 0.1846
0.0143924 0.095801 4.79127
0.0440188 0.0246339 4.87763
0.133174 1.53417 1.37499
0.961333 0.134272 1.19284
0.46846 0.166558 2.39041
1.30953 0.22975 0.160147
0.170019 2.36374 0.0569964
0.216235 0.0593697 3.7632
0.145879 0.721636 2.39037
0.492624 0.641952 1.21687
0.493946 1.35622 0.0314772
0.0090538 3.59039 0.0650843
0.143493 2.51221 1.12913e-10
0.821931 0.23833 1.19693
0.280422 1.09736 1.19672
0.256445 0.435413 2.4737
0.828649 0.756227 0.00350624
1.39606 0.180399 0.0438634
0.108874 0.80875 2.46274
1.38546 4.40446e-06 1.19275
0.533561 0.548568 1.40945
0.397177 0.213353 2.58747
1.12106 0.0464735 1.23064
0.0249856 3.35782 0.0185516
0.875685 0.173509 1.37533
0.0733248 1.83059 1.34954
0.196508 1.2969 1.39982
1.98167 0.000167908 1.37314e-10
1.11448 0.409824 0.0125481
0.298866 0.344455 2.61942
0.377254 1.66188 1.2238e-10
0.814134 0.000339866 2.39049
0.574035 1.1593 0.19589
6.96054e-07 0.209752 4.77226
0.59513 0.496806 1.19308
3.99447e-05 1.64611 2.39035
0.384151 5.4837e-05 3.58602
0.447368 1.43772 0.20946
0.0899129 2.80894 0.00725142
0.126841 0.167959 3.791
0.219471 0.528658 2.40001
0.0355924 0.450798 3.58719
0.63191 0.412723 1.40838
0.35604 0.295736 2.39281
0.668589 0.98159 0.195425
1.23358 0.0159439 1.20034
1.17112 0.339679 0.172498
0.0106717 0.553855 3.70994
0.522588 0.107086 2.44663
0.000387437 3.92127 9.95857e-11
0.302168 1.87831 0.01436
0.00064293 0.0012922 5.85743
0.726041 0.916477 1.36351e-10
1.68474 0.0500078 9.74888e-11
0.00934308 2.43562 1.21004
6.74978e-06 2.7667 1.19287
0.698226 0.357324 1.21535
1.80299 0.0169049 0.0558154
0.0954885 0.257537 3.60303
0.238271 1.1899 1.26769
1.04219 0.464829 0.183462
0.261672 1.97859 0.184624
0.354026 0.875069 1.41691
0.410417 1.55061 0.0722504
1.02117 0.0833846 1.35252
1.4854 0.134671 1.27373e-10
0.0518582 2.02232 1.19336
0.932891 0.602833 0.0671889
1.5685 0.0857879 0.111994
0.172096 1.43669 1.19287
0.436177 0.711289 1.40985
0.0635069 2.95731 0.13541
0.689278 0.0221595 2.40117
0.054115 1.06903 2.39193
0.766561 0.820637 0.189826
0.591658 0.0547133 2.54869
0.104632 1.03296e-06 4.77269
0.179722 0.122368 3.58568
0.112412 2.63333 0.157818
0.056522 0.329257 3.7818
