0.370037 2.4424
0.0648918 3.54924
0.798393 1.70249
0.752906 2.14604
0.760346 2.05417
1.97656 0.0841126
1.92867 0.567613
1.95483 0.255218
1.95008 0.303844
0.768016 1.96645
0.738497 2.34
0.322719 2.8992
0.756597 2.09967
0.351879 2.56822
0.0898585 3.24717
1.93688 0.458114
0.776012 1.88336
0.315998 2.99148
0.107273 3.18053
1.29739 1.49323
0.074769 3.40673
1.32723 1.12785
1.37151 0.823641
1.31937 1.21318
0.815467 1.62148
1.34429 0.973332
1.98314 0.0496935
1.92091 0.679662
0.0450965 3.84868
0.336687 2.72399
0.319342 2.94505
0.780173 1.84377
0.340329 2.68295
1.30815 1.34902
2.2023e-06 3.99622
0.0998594 3.19273
2 2.90171e-10
1.35399 0.905789
1.99065 0.0206296
1.32326 1.16989
0.312686 3.03833
0.0485972 3.80037
0.356032 2.53325
0.793523 1.73492
0.749238 2.19355
1.94555 0.353582
0.333105 2.76638
0.00407513 3.89516
1.34901 0.938565
0.745613 2.24182
1.36507 0.847714
0.306132 3.13288
1.35931 0.875329
0.0714263 3.45247
1.94115 0.405184
0.326127 2.85414
0.0519653 3.75066
1.33979 1.00979
0.329586 2.80983
0.0616828 3.59911
0.822837 1.60274
1.29388 1.5429
0.365024 2.46996
0.764154 2.00968
0.375633 2.4184
1.33129 1.08718
0.347899 2.60494
0.784467 1.80567
1.30451 1.39637
0.391118 2.38997
0.809207 1.64515
0.382193 2.39951
1.91714 0.736956
0.803577 1.67244
1.92475 0.623228
0.771982 1.92412
0.0782487 3.36262
0.360387 2.50042
0.081871 3.32104
1.33547 1.04777
0.0681375 3.50016
0.742039 2.2906
1.9327 0.512578
0.0584646 3.64974
1.30094 1.44432
0.0552276 3.70051
0.832872 1.59328
0.309398 3.08551
1.38941 0.794948
0.344072 2.64309
1.31556 1.2575
1.9706 0.122464
1.96503 0.16424
1.9598 0.208575
0.0944563 3.21672
0.00116216 3.92289
1.37909 0.804579
0.788893 1.76943
0.0857081 3.28235
1.31183 1.30279
