6.2395e-05 0.00309036 5.86021
0.179887 2.34206 4.14672e-10
0.0915715 2.76041 0.144527
0.614371 0.0545807 2.39919
0.195193 1.29908 1.41546
0.714912 0.317188 1.40067
1.99175 3.40046e-05 3.23781e-10
0.00808814 2.46897 1.19664
0.36514 0.275727 2.41209
0.520167 0.607506 1.194
0.830221 1.33199e-06 2.39031
0.121213 2.62272 0.00880201
0.000597063 0.185814 4.77441
0.610949 1.08607 0.205665
0.273896 0.427674 2.39115
0.0105284 3.59011 4.63987e-10
0.490483 1.35447 0.0769287
0.273536 1.96794 0.0284046
0.187917 0.595641 2.4121
1.34032 0.22171 0.00910543
0.205748 0.0706979 3.73695
1.20208 0.33213 2.59946e-10
0.13991 1.52618 1.27149
0.157907 0.146156 3.59711
0.021543 2.23403 1.32406
0.0456463 3.11029 0.117315
0.409942 0.198144 2.59717
1.09141 0.0531098 1.31766
0.610495 0.439719 1.41353
0.0286513 0.0526227 4.83083
1.0902e-05 2.76489 1.19275
0.961498 0.581513 3.22275e-10
0.1188 0.805783 2.39041
1.40862 0.165476 0.148209
0.378123 5.12049e-05 3.59817
0.0427387 2.07814 1.2049
0.0111316 1.3688 2.41701
0.172799 1.43059 1.19479
0.335759 0.915713 1.41743
0.309458 1.86265 2.88596e-10
0.107726 1.64203 1.40459
0.465176 0.657511 1.42969
0.0807691 0.89344 2.57569
0.0899271 1.79286 1.19277
0.264589 1.09171 1.41964
0.479882 0.155669 2.39043
0.0701513 2.94989 3.09256e-10
0.577487 1.18827 3.22044e-10
0.675547 0.393496 1.19278
0.922248 0.141472 1.35681
0.000409683 3.91609 0.00317821
0.37918 1.64828 0.0172712
0.097667 0.000337386 4.77547
0.664564 1.01987 0.00500703
0.103569 0.214241 3.75856
0.0574023 1.04887 2.39451
0.704939 0.933254 0.0777976
0.693265 0.0157358 2.49314
0.902221 0.641257 0.072191
0.336491 1.73641 0.199917
0.236602 2.06682 0.197432
0.0353929 0.410755 3.74064
0.0266363 3.33601 0.0217779
0.456296 1.45679 3.92201e-10
0.235175 1.21264 1.21846
0.805453 0.791849 2.72659e-10
0.143442 0.677253 2.59997
0.410723 1.53026 0.204778
0.527847 0.0936436 2.56706
1.2111 0.0200627 1.2132
0.146001 2.45557 0.163791
0.0296062 1.16845 2.5406
1.6894 0.0429302 0.0962724
1.07455 0.449786 0.0144753
0.0727063 0.32437 3.5863
1.00565 0.504154 0.19253
1.12739 0.379047 0.18346
1.36443 0.000390959 1.19285
0.422976 0.752477 1.28287
0.528978 1.25042 0.217706
0.749283 0.844958 0.218122
0.305679 0.334674 2.60943
0.786894 0.258104 1.26196
0.284778 0.0283232 3.58604
1.5026 0.12568 3.2195e-10
1.25836e-06 0.776038 3.58582
0.842142 0.707822 0.210537
0.860169 0.20469 1.1997
0.385813 0.846023 1.2041
0.221586 0.48628 2.60813
1.01599 0.101168 1.19315
0.061705 1.89763 1.37074
0.309533 1.02847 1.19273
1.82023 0.0161923 2.37813e-10
0.000190849 1.62635 2.39046
1.25771 0.267838 0.168998
0.560635 0.523948 1.27472
0.0122175 0.566691 3.61217
1.58972 0.0817856 0.0284401
0.207152 2.20399 0.0631802
