1.48898 0.127978 0.036527
0.00993932 3.59375 0.0106355
0.496684 0.604727 1.42837
1.18171e-06 0.776078 3.58583
1.00004 0.535849 3.48864e-10
1.25739 0.285955 3.2585e-10
0.775211 0.806369 0.200455
0.227284 1.23729 1.21588
0.322588 1.77822 0.199926
0.000157062 0.195642 4.77561
0.404648 0.230533 2.39796
0.00154254 0.000125503 5.86023
0.433265 1.49101 0.0788959
1.80558 0.0163852 0.0573292
0.0533548 1.06954 2.39483
0.29596 1.90596 2.50958e-10
0.167595 2.35143 0.178736
0.52224 0.107044 2.44942
0.254822 0.438401 2.47403
0.882299 0.667969 0.0688585
0.696375 0.349398 1.27636
0.256555 1.11429 1.41456
0.0122608 0.566385 3.61211
1.02205 0.083282 1.34555
0.448168 0.158954 2.59162
1.68917 0.0486022 2.03428e-10
0.0262607 0.0574019 4.83087
0.111487 0.830649 2.39039
0.00908194 2.43942 1.21118
0.339931 0.2853 2.59735
0.459381 0.698243 1.22097
0.0101732 1.37983 2.41858
0.0753684 0.915017 2.58205
0.475086 1.41184 2.47298e-10
0.105841 0.210043 3.75516
0.000162929 1.62948 2.39035
0.112706 2.63118 0.160741
0.677244 0.96553 0.204648
0.820673 0.242424 1.19276
0.377703 0.865884 1.19892
0.55296 0.558164 1.19291
0.390732 1.58118 0.219398
1.22193 0.0150441 1.27179
0.125622 1.56478 1.38374
0.204722 0.0714736 3.73982
0.0694972 1.85199 1.35626
0.934578 0.58737 0.198947
0.0912851 2.80533 2.2339e-10
0.0728812 0.32103 3.58912
0.676841 0.0207452 2.49217
0.0003887 3.92114 2.272e-10
0.586019 0.47217 1.41721
1.38627 1.78261e-06 1.19279
0.0247565 3.33573 0.0976826
0.554281 1.22817 0.018969
1.57732 0.0817291 0.12034
0.750116 0.279957 1.41481
1.40978 0.178149 2.27776e-10
0.134996 0.701647 2.60173
0.0647271 2.94833 0.133526
0.835778 0.747563 2.47874e-10
0.0271737 1.18465 2.54882
0.642347 1.06281 2.57434e-10
0.304871 0.375321 2.39057
0.186325 1.33082 1.40071
1.4691e-05 2.76158 1.19315
0.649323 0.418976 1.20348
0.58993 1.12633 0.209268
1.12484 0.0496826 1.19399
1.12076 0.403714 0.0123827
0.301958 1.04731 1.19274
0.0928527 0.00120506 4.77442
1.17789 0.333779 0.171346
1.98226 0.000157443 3.88155e-10
0.228732 2.11861 0.0675951
0.162505 1.47061 1.1935
0.386968 1.05582e-05 3.58584
0.328843 0.931659 1.41665
0.407055 0.764489 1.42785
0.733754 0.897399 0.0171636
0.161451 0.1466 3.58617
1.04802 0.458737 0.182053
0.143234 2.5065 0.0110998
0.0494459 2.04105 1.19288
0.0355053 0.410338 3.74029
1.32001 0.222793 0.152534
0.505229 1.30319 0.209115
0.0453393 3.15312 2.31749e-10
0.811829 0.000363643 2.39189
0.601761 0.0644711 2.39047
0.952644 0.135047 1.20755
0.258738 1.98613 0.204481
0.100436 1.7237 1.20894
0.282592 0.0248249 3.61221
0.206476 0.516983 2.62229
0.178885 0.623374 2.39982
0.201411 2.25063 2.93836e-10
0.364422 1.69504 0.00469915
0.868806 0.178425 1.38015
0.0254273 2.19517 1.31331
