0.359428 2.50731
1.38094 0.801462
0.0477044 3.81307
1.34832 0.943466
0.352107 2.56621
0.0446158 3.85498
0.326408 2.85049
0.813 1.62996
0.754145 2.13031
1.32172 1.18677
1.32794 1.12057
0.3388 2.69991
0.768902 1.9568
0.372079 2.43281
0.808248 1.6494
1.36938 0.830829
0.781699 1.8299
1.36018 0.870789
0.0621407 3.59194
0.345283 2.63073
0.377124 2.41323
1.38947 0.794947
0.308703 3.09555
0.0592979 3.63661
0.363364 2.48033
0.323392 2.89019
0.745778 2.23961
1.31869 1.22093
0.332514 2.77355
0.795882 1.71871
0.832895 1.59328
0.0909663 3.239
0.342003 2.66482
0.355679 2.53608
0.320439 2.93003
1.37469 0.814422
0.0801522 3.34019
0.743046 2.27674
1.30419 1.40058
1.33775 1.02737
0.100355 3.19117
0.070835 3.46087
0.785096 1.80033
0.757009 2.0946
1.3248 1.15329
0.367547 2.45539
1.33441 1.05749
0.778403 1.8603
0.317482 2.97076
0.0535876 3.7259
0.775173 1.89165
0.79217 1.74464
0.305788 3.13789
0.75991 2.05938
0.824461 1.59995
1.29585 1.51487
0.00116053 3.92293
0.0769387 3.37877
0.348641 2.59787
0.73765 2.35196
0.0870968 3.26978
0.10729 3.18052
0.0952781 3.21224
0.748533 2.20285
1.31278 1.29113
0.00407179 3.89516
1.33115 1.0885
1.30988 1.32705
1.29861 1.47626
0.39114 2.38997
0.0835188 3.30373
1.34117 0.998306
0.788578 1.7719
1.30703 1.36348
0.772008 1.92384
1.31571 1.25578
0.0650032 3.54753
0.383058 2.39777
0.329429 2.81181
0.05068 3.76993
0.803876 1.67085
0.799765 1.69408
0.81827 1.61318
0.740337 2.3142
0.0678936 3.50379
1.36459 0.849809
0.751322 2.16639
0.76286 2.0246
0.0564541 3.68134
0.073842 3.41911
0.765851 1.99044
2.16719e-06 3.99625
0.335604 2.7366
1.34468 0.970365
1.35603 0.893574
1.29312 1.55386
0.311621 3.05355
1.35209 0.917815
1.30139 1.43815
0.314552 3.01184
