0.305723 3.13884
0.767528 1.9718
0.358955 2.51077
0.780525 1.84054
0.812424 1.6321
0.0443161 3.85886
1.38051 0.802137
0.0820061 3.31959
1.2986 1.47646
1.38947 0.794947
0.0551023 3.70246
1.31002 1.32537
1.31601 1.25227
0.791161 1.75209
0.338258 2.70601
0.100828 3.18978
0.00407076 3.89516
0.740699 2.30917
0.323058 2.89466
0.0960876 3.20812
0.062819 3.58134
0.107307 3.18052
0.764407 2.00679
0.348099 2.60303
1.35443 0.903103
1.29584 1.51504
1.33204 1.07987
0.737834 2.34936
0.783967 1.80995
0.308581 3.09732
0.773896 1.90447
0.0680207 3.5019
1.34642 0.957226
0.311446 3.05605
1.32222 1.18129
0.74357 2.26956
0.320134 2.9342
1.36335 0.855367
1.3071 1.36253
0.0920679 3.2314
0.832887 1.59328
0.00116043 3.92293
0.362931 2.48313
1.31908 1.21649
0.803112 1.67494
0.371767 2.43422
0.355182 2.54012
0.798926 1.69918
0.391135 2.38997
0.0761589 3.38866
0.0706734 3.46318
1.32542 1.14676
0.088464 3.25819
0.351573 2.57093
1.30139 1.43813
1.36836 0.834542
0.0524966 3.7426
1.34265 0.986249
1.35033 0.929475
0.755282 2.11602
1.33901 1.01646
0.314328 3.01501
0.807576 1.65248
0.317219 2.97442
0.329007 2.81714
0.749379 2.19171
1.37394 0.816441
0.0733804 3.42536
0.332046 2.77926
0.794957 1.72495
0.344732 2.63633
0.752332 2.15338
1.29311 1.55402
0.76131 2.04274
0.0471336 3.82106
0.0576807 3.66208
0.0498483 3.78221
1.32869 1.11292
0.335123 2.74225
0.0790245 3.35333
0.817837 1.61437
0.746449 2.23059
0.326014 2.85562
1.35874 0.878333
0.341459 2.67066
0.824208 1.60035
0.770686 1.93771
0.777172 1.87207
0.787512 1.7804
1.30424 1.4
1.33548 1.04769
0.376891 2.414
0.758278 2.07907
2.1765e-06 3.99624
1.31298 1.28864
0.0654071 3.54134
0.060247 3.62166
0.382921 2.39804
0.0851354 3.28776
0.36717 2.45747
