1.37391 0.816948
1.36324 0.856526
0.324823 2.87287
1.29322 1.55422
0.737911 2.35003
1.3462 0.959838
0.0561014 3.6888
0.764428 2.00799
1.32855 1.1156
0.752319 2.15516
0.084703 3.29317
0.319244 2.9481
0.316497 2.98624
0.0533314 3.73174
0.746475 2.23191
0.0476318 3.81583
0.313771 3.02467
0.377279 2.41322
1.2987 1.47679
0.08812 3.26212
1.38958 0.795064
0.818014 1.61431
0.758297 2.08037
0.333463 2.76357
0.803297 1.67469
0.311061 3.06335
0.058833 3.64588
0.391255 2.39009
0.372243 2.43271
0.061545 3.6032
0.342601 2.65981
0.784083 1.81007
0.00418285 3.89528
0.74074 2.31033
1.32531 1.14927
1.33529 1.05056
0.743594 2.27095
0.0446351 3.85636
1.38053 0.802403
1.29594 1.51529
0.000118389 3.99627
0.824362 1.60041
0.305673 3.14138
0.0784215 3.36205
0.799105 1.69892
0.755298 2.1174
0.749379 2.19334
0.308361 3.10231
0.363579 2.47981
0.767541 1.97304
0.0754628 3.39926
0.072587 3.43797
0.367731 2.45513
1.35013 0.931744
0.330534 2.79951
0.833002 1.59339
0.773952 1.90519
0.107418 3.18064
0.355995 2.53459
1.3586 0.879863
1.3043 1.40079
1.31599 1.25396
0.095942 3.20954
1.33188 1.08269
1.3388 1.01939
1.30716 1.36339
0.0642575 3.56093
0.80777 1.65223
0.795124 1.72472
1.31006 1.32642
0.761339 2.04388
1.32212 1.18376
0.33644 2.7283
0.0669994 3.51904
0.339482 2.6937
0.100797 3.19032
0.787641 1.78041
0.322016 2.91032
0.383189 2.39786
0.791311 1.75195
0.359669 2.50652
0.0505159 3.7742
0.0814868 3.32662
1.35425 0.905042
0.3458 2.62681
1.36829 0.835344
0.0918217 3.23395
0.777253 1.87252
0.812624 1.6319
1.313 1.28989
1.30149 1.43848
0.35247 2.56415
0.349077 2.59496
1.34245 0.988944
0.0697654 3.47806
0.0012769 3.92304
0.770721 1.93869
1.31902 1.21864
0.327657 2.83597
0.780627 1.84079
