0.000346878 3.92245 0.0032999
0.845452 0.727757 0.0178525
0.602761 1.10152 0.207895
1.67631 0.0470422 0.0926341
0.115542 0.786947 2.45919
0.329249 1.77833 0.0713372
0.363238 1.65793 0.209245
0.516535 1.27869 0.205383
0.786195 0.789205 0.206355
1.4053 0.180923 3.90831e-10
1.05528 0.449966 0.197064
0.67392 0.0218863 2.48773
0.43736 1.46354 0.198753
0.0246716 3.35961 0.0232561
0.00152188 0.000133642 5.86034
0.789035 0.242896 1.41573
2.39696e-05 0.202505 4.77571
0.488062 0.618772 1.42951
0.0129901 0.538516 3.69723
0.152637 1.45368 1.39226
1.38675 1.34326e-06 1.19268
0.28571 0.407851 2.39046
0.903367 0.151674 1.40418
0.21987 1.22173 1.40775
0.0423912 3.13933 0.123574
0.114171 2.66176 0.00905652
0.0107618 1.39354 2.39114
0.00967445 3.60704 2.65152e-10
1.98212 0.000159779 3.69993e-10
0.130262 1.60161 1.1928
0.566422 1.20333 0.0180825
0.109377 0.201374 3.77152
1.12863 0.0386061 1.33479
0.073231 1.87797 1.19796
1.25433 0.285713 0.0105517
0.283145 0.0244908 3.61264
1.58285 0.0879756 4.5295e-10
1.00003 0.522408 0.0685213
0.22957 0.471825 2.59113
0.0254248 0.0594892 4.82847
1.17643 0.334686 0.176855
0.543958 0.559067 1.22061
0.749267 0.878676 4.45282e-10
0.379807 0.233842 2.5896
0.38705 1.04932e-05 3.58578
0.327641 0.318916 2.46047
0.0459801 2.01058 1.34659
0.259199 1.9865 0.189891
0.170672 2.38314 2.96756e-10
0.0958704 1.7051 1.3705
1.06352 0.0767678 1.19289
0.502216 0.113894 2.55435
0.0538157 1.01933 2.56033
0.0723388 0.305171 3.64003
0.0298239 1.19406 2.43174
0.0876525 0.918771 2.39055
0.0856438 2.79778 0.149316
0.860239 0.206835 1.19459
0.742509 0.30863 1.21841
0.194861 0.58512 2.39851
0.582947 0.475585 1.4264
1.31749 0.22421 0.158327
0.327559 0.932434 1.43571
0.298728 1.89698 3.02517e-10
0.194963 2.23253 0.179792
0.590947 0.0678797 2.39833
0.000240406 0.750927 3.58573
0.405898 1.5818 0.00423159
0.00977345 2.44613 1.19298
0.262679 1.14947 1.19332
0.643575 0.433132 1.19268
0.655829 1.03811 2.7646e-10
0.374188 0.8702 1.20467
0.137813 2.49596 0.16641
0.459602 0.711789 1.19298
0.889085 0.644865 0.203995
0.406746 0.765684 1.4223
0.48511 1.3884 2.90906e-10
0.677179 0.357188 1.42303
0.149339 0.660516 2.60083
0.190895 1.35424 1.21509
0.0419822 0.422735 3.58876
1.4788 0.127144 0.131286
0.951893 0.593259 2.72794e-10
0.163079 0.144348 3.5861
0.0258978 2.21509 1.22885
0.982228 0.110549 1.25949
1.30345e-06 1.64665 2.39916
5.55825e-05 2.73939 1.19976
0.449309 0.184692 2.39137
1.12486 0.403261 2.35751e-10
0.292018 1.04036 1.28285
0.0655522 2.9843 3.01758e-10
0.812071 0.000425613 2.39052
1.24052 0.0134388 1.21543
0.205592 0.0704826 3.74201
0.691954 0.940572 0.200998
0.231194 2.12534 0.0138371
0.0924095 0.00126703 4.77479
1.80943 0.017544 0.00889771
