0.0837063 3.3019
1.2987 1.47513
0.0566361 3.6786
1.3465 0.956684
0.363572 2.47905
0.0652284 3.54419
0.759526 2.06407
1.30727 1.3604
0.319267 2.94619
0.740247 2.31557
0.812605 1.63145
0.0681166 3.50058
0.316495 2.98462
1.32243 1.17906
1.33222 1.07822
0.107286 3.18053
1.31623 1.24971
0.756664 2.09894
1.32888 1.11108
1.35879 0.878126
0.324867 2.87074
0.0623589 3.58864
1.30439 1.39815
0.32206 2.90816
1.38055 0.802093
0.762424 2.02975
0.795257 1.72297
1.36839 0.834441
1.31021 1.32304
0.791494 1.74966
0.00407421 3.89517
1.33914 1.01541
0.781039 1.83593
0.391132 2.38998
0.308301 3.10148
0.80778 1.65158
0.765378 1.99585
0.76839 1.96244
0.771449 1.92976
0.751057 2.16992
0.78788 1.77751
0.313754 3.02325
1.3132 1.28605
0.774562 1.89784
0.832892 1.59328
0.0803554 3.33795
0.777763 1.86646
0.0953796 3.21176
0.333508 2.7616
0.336491 2.72633
0.817982 1.61399
0.0594945 3.63363
0.803349 1.67371
0.047793 3.81192
1.30153 1.43642
0.330585 2.79741
0.352471 2.56309
0.367712 2.45453
0.0771472 3.37626
1.34276 0.985422
0.737601 2.35275
0.355998 2.53358
0.327713 2.83373
1.3504 0.929045
0.745593 2.24219
0.00116721 3.92294
0.359685 2.5055
1.32563 1.14462
0.345805 2.62556
0.311022 3.06224
1.3193 1.21406
0.0740611 3.41626
0.0446676 3.8544
0.050807 3.76815
1.29592 1.51397
0.339529 2.69185
1.37398 0.816354
0.784389 1.8064
1.36339 0.855212
1.29315 1.55347
0.342631 2.65822
0.100422 3.19099
0.372207 2.43228
0.34908 2.5938
0.748314 2.20583
0.0537439 3.72361
0.753841 2.13425
0.383119 2.39768
0.0911151 3.238
1.35447 0.902871
0.305593 3.14084
0.7992 1.69755
0.0872688 3.26835
0.377214 2.41296
0.742906 2.27876
0.824297 1.60023
9.06366e-06 3.99628
1.38946 0.794954
0.0710584 3.45779
1.33564 1.04631
