0.372249 2.43236
0.075049 3.40384
0.774146 1.90256
1.35082 0.926624
0.383201 2.39767
0.787507 1.78095
0.0780214 3.36612
1.35919 0.876323
0.36357 2.47942
0.323534 2.88911
1.36376 0.853826
0.0638809 3.56577
0.832929 1.59333
0.367712 2.45484
0.348835 2.59662
0.0843746 3.29575
0.74282 2.28068
0.81241 1.63242
1.33605 1.04305
0.107362 3.18058
0.06118 3.60793
0.762035 2.03492
0.0584926 3.65023
0.0811271 3.32988
1.30763 1.35651
0.359645 2.5062
0.756344 2.10356
0.764966 2.00112
0.73762 2.35323
0.311695 3.05334
0.355892 2.53488
1.32931 1.10729
1.3018 1.43342
1.31057 1.31918
0.780633 1.84012
1.38069 0.802002
0.0530396 3.73522
0.798889 1.69981
0.74546 2.24471
1.29608 1.51254
0.342187 2.66351
0.753565 2.13843
0.740208 2.31684
0.824208 1.6005
0.0557721 3.69295
1.32286 1.17493
1.34321 0.982303
0.332695 2.77209
1.29893 1.4726
1.31357 1.28225
0.791131 1.75278
0.00121889 3.92293
1.31661 1.24586
5.81079e-05 3.99645
0.0878343 3.26396
0.326559 2.8493
0.771012 1.93492
0.317588 2.97013
1.33959 1.01203
0.320552 2.92931
0.335807 2.73492
1.34696 0.953731
0.30876 3.09559
0.759176 2.06893
0.100652 3.1905
0.345467 2.6295
0.095732 3.21024
0.3912 2.39003
0.0665869 3.5243
0.329608 2.81031
0.803066 1.67555
0.784008 1.81014
1.37421 0.815909
0.305843 3.13797
1.38954 0.795004
0.044501 3.85726
0.0502784 3.77677
0.777342 1.87103
1.3687 0.833528
1.30469 1.39483
1.32606 1.14067
0.748124 2.20905
0.0915616 3.23527
0.0693467 3.48323
0.0474429 3.81758
0.0721497 3.44316
0.377284 2.41294
0.750828 2.17358
0.352296 2.5651
0.767943 1.96791
0.314632 3.01156
1.33265 1.07461
1.29325 1.55282
0.00413272 3.89522
0.794912 1.7257
0.817808 1.61466
0.807536 1.65298
1.35489 0.90072
1.31971 1.21006
0.338975 2.69863
