0.604013 1.09856 0.213269
0.341376 1.76486 4.03813e-10
0.241481 2.09463 3.50246e-10
0.388094 1.69763e-06 3.58591
0.0262478 3.31833 0.0934415
0.578252 0.0629192 2.53497
0.741978 0.872607 0.0759871
1.05286 0.453471 0.184074
0.0338984 0.416597 3.74385
0.0699662 0.312597 3.63607
1.48291 0.124871 0.134233
0.187353 0.562578 2.60478
1.00573 0.529305 3.96745e-10
1.22932 0.0158954 1.21307
0.761359 0.290161 1.21509
0.089965 0.906012 2.39272
0.287751 0.402502 2.39175
0.122738 2.62031 4.5559e-10
0.00753514 2.46564 1.21438
0.30158 1.84277 0.206916
0.0933321 2.74833 0.149992
1.03992 0.0885817 1.19285
0.452133 0.681554 1.4183
1.58528 0.08694 2.60908e-10
0.890053 0.182232 1.19661
0.325153 0.937881 1.43693
0.0929432 0.00119445 4.77432
0.160487 1.42176 1.40753
0.519664 1.27103 0.213058
1.25985 0.283989 2.81679e-10
0.0320849 1.17727 2.43415
0.687721 0.946012 0.219557
0.204966 2.19094 0.184074
0.0584271 1.91828 1.37422
0.885515 0.648753 0.213717
1.18108 0.330783 0.17417
1.40835 0.177449 0.00713434
0.112507 0.230601 3.58593
0.947699 0.124451 1.36466
0.0118511 1.37014 2.4002
0.411763 1.56044 0.0184783
0.0855789 1.79908 1.21162
0.518434 0.121972 2.39052
0.324625 0.307733 2.59154
0.276526 0.0225464 3.68967
0.440283 0.168031 2.57396
0.30267 1.04521 1.19285
0.041899 2.09695 1.19341
0.000196285 1.62581 2.39047
1.38349 1.01999e-05 1.1931
0.508278 0.626638 1.1941
0.0697203 2.93442 0.0378272
0.795665 0.806521 5.53408e-10
0.812756 0.223138 1.3957
0.236723 0.474973 2.46566
0.371508 0.85538 1.28606
0.116684 0.761972 2.57841
0.0561636 1.00651 2.56533
0.489751 1.37767 3.9461e-10
0.9465 0.591508 0.0316624
0.812012 0.000406296 2.39084
1.12497 0.399515 0.0128514
0.0127391 0.570906 3.5955
0.179388 2.33714 0.0117604
0.270044 1.96919 0.0695833
0.597469 0.471437 1.27923
0.65579 0.417666 1.19273
0.0479121 3.12971 3.69089e-10
0.368548 1.64336 0.206656
0.656075 1.03766 5.74231e-10
0.692604 0.340748 1.41029
0.0262756 0.0573595 4.83096
0.227178 1.21978 1.2822
0.214484 0.0791333 3.5933
0.680532 0.0236992 2.41544
1.137e-06 0.776231 3.58579
0.389281 0.245705 2.4084
1.3203 0.222285 0.157539
0.149295 0.13659 3.7506
0.198463 1.33451 1.20357
0.139901 1.56139 1.19274
0.107138 1.64564 1.3991
1.67868 0.0462618 0.0938666
1.81098 0.0172421 0.00909349
0.259854 1.10297 1.43274
0.443481 1.44711 0.210365
0.568491 1.19867 0.0194517
0.53906 0.538487 1.42858
0.417707 0.781639 1.20465
0.837285 0.728745 0.0769458
0.160732 0.679562 2.39045
1.98241 0.000154737 2.92132e-10
0.0212674 2.23594 1.3294
1.1116 0.045098 1.32316
0.00154821 0.000125045 5.86013
0.0105778 3.58168 0.00984273
0.000157428 0.195647 4.77558
1.01726e-05 2.76537 1.19273
0.000434258 3.91665 3.83375e-10
0.14606 2.45493 0.165977
