0.827157 1.97618e-05 2.39034
0.0262336 1.24167 2.39398
0.218828 1.22238 1.42713
0.354137 1.68364 0.210469
1.29227 0.242514 0.155993
0.53776 0.54198 1.41201
0.0845509 1.80418 1.21255
0.0276909 3.30187 0.089935
1.07728 0.0593144 1.30975
1.67401 0.051556 0.0184791
0.0142231 0.0960697 4.79233
0.907245 0.649843 9.71731e-10
0.324066 1.80418 0.0302298
0.415024 0.214562 2.41067
1.80933 0.0182188 7.99567e-10
0.463908 0.144526 2.58593
1.02367 0.505125 0.0122109
0.101354 2.74279 9.3669e-10
0.696067 0.960627 0.0164901
0.000233636 0.750724 3.58596
0.706504 0.348544 1.21321
1.36114 0.00048332 1.19324
0.396103 1.58788 0.0746645
0.606418 0.0549734 2.42743
0.839272 0.223592 1.19609
0.278179 0.0215849 3.69224
0.953485 0.565775 0.18107
7.28804e-06 0.20814 4.77219
0.282355 1.04417 1.4248
0.0697907 0.96203 2.46314
0.00788679 2.45866 1.21505
0.190065 2.29808 1.10091e-09
0.154172 0.643324 2.63255
0.195952 0.58518 2.39457
0.0697405 0.294009 3.75543
0.217357 0.076272 3.5935
0.105264 1.65346 1.40603
0.902335 0.155854 1.34703
0.192453 1.34724 1.2194
0.253598 2.02882 0.0603202
0.0420438 1.07954 2.58844
0.152641 0.131444 3.75467
0.156245 1.43588 1.42027
0.360665 0.859828 1.42447
0.137103 1.57073 1.19361
0.605078 1.13351 1.06116e-09
0.227536 0.491101 2.48018
0.599702 0.49107 1.19276
1.55565 0.0915073 0.108029
0.441079 0.701826 1.41458
0.215644 2.14926 0.178845
0.116369 0.222814 3.58599
0.411179 0.801836 1.1938
0.516708 1.30935 0.0171673
1.20166 0.022536 1.21164
0.437367 1.50346 7.30699e-10
0.0720781 2.89587 0.123369
1.0488e-06 1.65983 2.39033
1.99067 4.3531e-05 8.53297e-10
0.351453 0.268574 2.60827
0.124304 2.56794 0.156835
0.042049 2.09774 1.19276
0.841209 0.711421 0.184538
0.12371 0.756522 2.47651
0.000489771 3.91148 1.2474e-09
0.000621205 0.00131293 5.85777
0.259505 1.15987 1.1927
0.496411 0.635765 1.21642
0.0504672 3.10709 1.02878e-09
0.0579185 1.92109 1.37734
0.0414404 0.421054 3.59396
0.540554 0.104225 2.39112
0.640201 1.03205 0.199973
0.318924 0.353262 2.39034
0.998755 0.111168 1.19293
0.00758478 1.3898 2.49634
1.22111 0.30713 0.04956
0.468025 1.38913 0.201851
0.798242 0.802639 8.56494e-10
0.691893 0.0161515 2.49238
0.0999477 0.871932 2.39039
0.156901 2.42626 0.0498881
0.738276 0.864581 0.195342
4.27835e-05 2.75287 1.19305
1.37997 0.19402 0.0153197
0.0112016 3.57024 0.00910653
1.07935 0.427268 0.168442
1.4705 0.142734 1.04221e-09
0.0216106 2.23153 1.33215
0.388229 1.37549e-06 3.58586
0.327769 0.968048 1.2201
0.043053 0.0254663 4.88201
0.101688 0.000110297 4.77249
0.637437 0.406572 1.39961
0.0128153 0.539694 3.69775
0.290657 1.92332 9.59464e-10
0.760245 0.272379 1.38262
0.266302 0.397992 2.63158
1.15667 0.37299 1.59309e-09
0.552858 1.20183 0.201827
