0.107293 3.18052
0.756281 2.10359
1.36814 0.835369
0.091333 3.23641
0.363939 2.47667
0.832871 1.59328
0.785164 1.79975
0.368024 2.45279
0.343292 2.6512
0.360102 2.50245
0.310403 3.07102
0.811176 1.63694
0.312939 3.03473
1.35008 0.931212
1.32236 1.17972
0.753466 2.13892
0.38321 2.39749
1.31325 1.28542
1.37377 0.816899
1.29317 1.5531
0.326012 2.85564
0.797022 1.71121
0.356458 2.52986
0.750714 2.17428
0.816923 1.61699
0.352973 2.55867
0.768217 1.96424
0.349627 2.58863
1.29878 1.47397
0.0479502 3.8096
1.31624 1.24952
0.745341 2.24551
0.0540161 3.7193
0.806074 1.65965
0.334394 2.7509
0.740087 2.3177
1.33538 1.0486
0.331563 2.7852
0.32068 2.92675
1.31927 1.21429
1.33201 1.08017
1.38042 0.802286
0.0955612 3.21077
0.337293 2.717
0.781545 1.83129
0.305366 3.14405
0.759139 2.06864
1.36311 0.856484
0.00407443 3.89516
1.30162 1.43508
1.34617 0.959042
0.801389 1.68455
2.41251e-06 3.99632
0.774694 1.89643
0.765121 1.99867
1.29596 1.51334
0.0569533 3.67351
0.051026 3.76478
0.307876 3.10754
0.323329 2.89104
0.0655994 3.53841
0.071428 3.45246
1.38947 0.794948
0.328765 2.82021
1.33885 1.01784
0.318072 2.96258
0.0875528 3.26583
0.748008 2.2098
1.35848 0.879738
0.771414 1.93005
0.762101 2.03344
0.792857 1.73967
1.32551 1.14585
1.32872 1.11261
0.788929 1.76915
0.0627158 3.58296
0.00115966 3.92296
0.0775253 3.37148
0.823683 1.60123
1.30448 1.39684
0.340258 2.68372
0.0685058 3.49471
0.100532 3.19064
0.346399 2.61958
0.742699 2.28151
0.77807 1.86347
0.391141 2.38997
0.0598392 3.62809
0.377398 2.41234
1.30737 1.35912
1.35417 0.904687
0.372457 2.43114
1.34244 0.98794
0.080696 3.33402
0.0744273 3.41127
0.737517 2.35385
0.0447613 3.85309
0.315486 2.99868
1.31029 1.32196
0.0840436 3.29843
