0.189152 2.25701 0.179059
0.172394 1.40048 1.27869
0.615674 0.0559193 2.3919
0.955134 0.13816 1.19297
0.530098 0.0917911 2.57114
0.0621418 2.99056 0.0416324
1.08527 0.439794 0.00991802
0.585258 0.473645 1.41236
0.401648 1.59561 6.16049e-10
0.290717 1.92101 0.00313245
0.0953145 0.831727 2.61078
0.0243349 2.2476 1.19992
0.687487 0.347005 1.40362
0.0281836 1.23297 2.39041
0.475882 0.152358 2.40865
0.0261337 0.0575764 4.83154
1.21227 0.0168496 1.28122
0.616904 1.09336 0.0630391
0.131669 0.758419 2.39503
0.163639 2.40798 0.0121087
0.0724659 0.325039 3.5863
0.6711 1.01067 4.02436e-10
0.200675 0.579289 2.39031
0.0231501 3.35514 0.102206
0.035287 0.411201 3.74062
1.99098 4.06427e-05 5.47136e-10
0.0675601 1.91952 1.19299
0.0834724 2.81048 0.158689
0.498821 0.625726 1.2411
0.332642 0.921778 1.42651
0.883217 0.65592 0.166181
1.01614 0.0860898 1.34984
0.371192 0.277324 2.39063
0.27578 0.412496 2.4157
1.67326 0.04821 0.0870883
0.204806 0.0716336 3.73651
0.00887281 1.37047 2.5023
0.0728815 0.965322 2.41043
1.46781 0.133366 0.122891
0.477597 1.36752 0.195235
0.0416636 2.04348 1.34775
1.57453 0.091561 5.37004e-10
0.407091 0.200906 2.60232
0.250816 2.01676 0.185645
0.131972 2.52505 0.171707
0.0925031 0.00130068 4.77423
0.000340413 3.9262 6.29153e-10
0.157199 0.147169 3.59716
1.36599 0.000340724 1.19284
0.312548 0.323289 2.6181
0.000141821 1.62788 2.39181
0.00015815 0.195659 4.77553
0.447968 0.685707 1.45122
0.110559 2.68849 5.40706e-10
1.00843 0.503424 0.162722
0.649181 0.425961 1.19272
1.16584e-06 0.776056 3.58585
0.3578 1.67456 0.19933
0.0442042 1.06815 2.58116
0.691906 0.016219 2.49038
0.00753281 2.44274 1.27496
0.769085 0.817334 0.18373
0.0865965 1.75126 1.38101
0.224709 2.15789 4.16891e-10
0.830145 1.35222e-06 2.39035
0.0121702 0.566965 3.6124
0.283493 0.0290386 3.58604
0.138336 1.50624 1.41933
0.103117 0.214991 3.7601
0.0426596 3.17825 6.31687e-10
1.11687 0.0512716 1.20032
0.832978 0.75064 0.00197988
0.717468 0.914995 0.0609111
1.3884 0.190301 0.00551823
0.52788 1.29233 5.28686e-10
0.264681 1.11115 1.28853
0.803301 0.23093 1.40306
0.303792 1.03189 1.20541
0.156398 0.639268 2.6163
1.14666 0.362975 0.156557
0.380943 0.86508 1.19294
1.81077 0.0173797 0.00748829
0.225345 1.20082 1.44114
0.409774 0.776125 1.29417
0.437363 1.4832 0.0661581
0.206289 1.31992 1.1927
0.375892 0.000113499 3.59837
1.23977e-05 2.76392 1.1928
0.562807 1.18233 0.193179
0.00924445 3.60732 0.0115623
0.954982 0.589466 6.12992e-10
0.117942 1.64537 1.20173
0.00172827 2.69297e-05 5.86197
0.878448 0.180367 1.26155
0.322704 1.79924 0.0666157
0.547894 0.560671 1.19901
1.22988 0.308432 4.75248e-10
0.225528 0.476503 2.62327
0.757622 0.297453 1.20191
1.29633 0.240303 0.14387
