0.0669877 3.51755
1.31383 1.27848
0.327314 2.83894
0.832904 1.59329
1.38022 0.802641
0.364814 2.47133
0.107324 3.18054
0.305561 3.1414
0.803309 1.67396
0.316343 2.98684
0.79143 1.75018
1.31699 1.2408
0.313622 3.0252
0.761569 2.03984
0.737848 2.34935
0.777412 1.86988
0.812581 1.63157
1.32019 1.20405
0.0533081 3.7304
0.755452 2.11407
0.350913 2.57697
0.0725562 3.43686
1.37344 0.817875
0.319059 2.94912
1.34504 0.967722
0.050476 3.77316
1.36251 0.859348
0.795198 1.72341
0.335781 2.73468
1.32685 1.13191
0.391155 2.38999
0.764661 2.00404
0.383496 2.39699
0.0642476 3.55938
0.787772 1.77843
0.824279 1.60027
0.373043 2.42868
1.3491 0.938047
0.308243 3.10241
0.784211 1.80798
0.361073 2.49572
1.32347 1.16776
0.354168 2.54863
0.368751 2.44901
0.774108 1.90247
1.29606 1.51205
1.38945 0.79496
0.330089 2.80368
0.0445731 3.85571
1.30776 1.35417
0.767759 1.9694
0.324541 2.87513
0.341673 2.6685
0.749532 2.18988
1.35332 0.910067
1.33028 1.09718
0.00117361 3.92293
1.30183 1.43235
0.321791 2.91186
0.0697484 3.4767
1.34115 0.998609
1.30477 1.39316
0.344666 2.63714
0.0880768 3.26151
1.31077 1.31606
0.0846777 3.29231
0.817937 1.61414
0.0560818 3.68738
0.770908 1.93551
0.746566 2.22919
0.80774 1.65179
1.29894 1.47188
0.743632 2.2689
0.37783 2.41101
0.75248 2.15166
0.357549 2.52147
0.780737 1.83873
0.0754481 3.398
0.100678 3.19026
0.0615299 3.60171
0.0475977 3.81476
0.0784137 3.36079
0.0814812 3.32544
1.35774 0.883912
0.058818 3.64438
1.36768 0.837145
0.758441 2.07725
0.347753 2.60649
1.33743 1.03033
0.338694 2.70126
0.00408671 3.89517
1.29324 1.55228
0.0917456 3.23366
0.799139 1.69797
0.332904 2.76897
0.74072 2.30907
0.0958525 3.20937
1.33381 1.06319
1.52089e-05 3.99571
0.310928 3.06366
