0.737876 2.34883
1.34111 0.998807
1.36926 0.831271
0.0475356 3.81551
0.771094 1.93346
1.35199 0.918478
1.35593 0.894194
0.807973 1.65068
0.308465 3.09908
1.3377 1.02783
0.755562 2.11259
0.76475 2.00294
0.358682 2.51284
0.774343 1.90001
0.376748 2.41451
0.316951 2.97823
0.767892 1.96785
0.331658 2.7841
1.34461 0.970909
0.107307 3.18053
1.32794 1.12062
1.38947 0.794952
1.31282 1.29069
0.0614758 3.60243
0.00407319 3.89517
1.32176 1.18639
0.791651 1.74849
0.0753754 3.39884
0.740776 2.30817
0.088034 3.2618
0.752557 2.15057
0.0532487 3.73119
1.33112 1.08886
0.832903 1.59328
0.344361 2.64017
0.319828 2.93845
0.0669335 3.51825
0.347755 2.60638
1.31873 1.22054
0.311279 3.05852
0.803547 1.67263
6.88779e-06 3.99635
0.337858 2.71061
0.382842 2.39821
0.78446 1.80577
0.79543 1.72178
1.32482 1.15314
1.30139 1.43818
1.29585 1.51501
1.30421 1.40044
0.328637 2.8219
1.29861 1.4764
1.3746 0.814663
1.38088 0.801566
0.761649 2.0388
0.362684 2.48478
0.812753 1.6309
0.044532 3.85614
0.0814116 3.32611
0.0724963 3.43758
0.788001 1.77652
1.29311 1.55401
0.00116418 3.92297
0.746622 2.22833
0.743681 2.26813
0.818089 1.61369
0.354891 2.54255
0.777639 1.86763
0.0504282 3.77374
0.314106 3.01823
0.371575 2.43512
0.758589 2.07535
0.82437 1.60011
0.781017 1.83611
0.325657 2.86035
0.391134 2.38998
0.100686 3.1902
0.0696965 3.47734
1.36006 0.871459
0.749578 2.18917
0.351259 2.57379
0.799384 1.69642
0.322723 2.89921
0.341063 2.67499
0.366954 2.45872
1.36448 0.850339
0.0642102 3.55983
1.30991 1.32677
0.305665 3.13975
0.0560174 3.68826
0.0587564 3.64522
1.34822 0.944155
0.0958352 3.20941
1.31575 1.25538
0.334725 2.74702
1.33437 1.05795
0.0783413 3.36156
1.30705 1.36332
0.0917206 3.23377
0.0846248 3.29274
