0.575821 0.486319 1.41684
0.92774 0.615339 0.029423
0.0438885 2.05217 1.24252
0.0145954 0.0949863 4.79181
0.214592 0.546281 2.39104
0.0256931 2.2435 1.19294
0.0243222 1.20703 2.54646
0.174394 1.37086 1.41034
0.696709 0.0217068 2.39073
0.975336 0.538408 0.198642
0.525304 0.111556 2.40322
0.0944746 2.78037 0.00659161
0.454744 1.4195 0.212618
0.114318 0.226847 3.58601
0.592227 0.0553296 2.53097
0.678007 0.998444 6.61481e-10
1.48478 0.135006 5.45404e-10
0.426399 1.53117 9.26664e-10
0.577259 1.15072 0.215879
0.395228 0.788841 1.41841
5.04247e-05 2.74871 1.1939
1.39368 0.182014 0.0425659
0.375635 0.000463495 3.58578
1.30553 0.232854 0.156216
0.0406648 0.423981 3.59422
0.0468053 3.1397 4.74417e-10
1.9957 9.23572e-06 4.74929e-10
0.362701 0.895141 1.20429
1.568 0.0859916 0.11215
0.713785 0.90368 0.203387
0.0442336 0.0243297 4.87836
0.500989 1.33101 0.074863
0.628075 1.07015 0.075556
0.00980823 1.40558 2.39112
0.175726 2.31669 0.168059
0.931284 0.135071 1.36338
0.279493 1.96053 4.22497e-10
0.0668414 2.93306 0.129868
1.02379 0.0954215 1.19638
0.820879 1.84857e-05 2.39918
1.09879 0.0499792 1.32259
0.797687 0.236785 1.39066
0.10476 1.02965e-06 4.7725
0.875639 0.195959 1.19279
0.403472 0.236865 2.39043
0.251773 1.17898 1.19398
0.117525 1.60025 1.3843
0.477859 0.636614 1.42159
1.10936e-06 1.64652 2.39957
0.876654 0.690562 5.78315e-10
1.24525 0.295602 0.000452298
7.7095e-06 0.208003 4.77223
0.0101989 3.58878 0.0103357
1.81694 0.016791 6.36919e-10
0.4483 0.732959 1.19272
0.0654943 1.87358 1.37198
0.447161 0.161132 2.57536
0.213071 1.26497 1.27389
0.138442 0.728427 2.41239
0.280939 1.06918 1.28142
0.118349 2.60122 0.151553
1.16391 0.346697 0.164299
1.36548 0.0003582 1.19282
0.149387 0.135757 3.75829
0.339416 0.285756 2.60024
0.0783046 0.957869 2.39039
0.307589 1.82611 0.188919
0.212748 0.0805483 3.5943
0.211792 2.20153 0.0119742
0.0255365 3.32673 0.0947777
0.814888 0.747504 0.199619
0.153296 1.5077 1.19277
0.150749 2.47649 5.84603e-10
0.638202 0.43849 1.19367
0.243805 0.441875 2.60831
1.10867 0.419205 5.12045e-10
1.0423 0.475885 0.0652464
0.00813958 2.43108 1.27632
0.0494478 1.06726 2.44602
1.21605 0.0187971 1.21447
0.000645535 0.00127021 5.85768
0.271327 0.0247188 3.69992
0.349863 1.73214 0.0153773
0.00023278 0.75105 3.58585
0.381164 1.60954 0.198681
0.167851 0.610002 2.60972
0.534848 0.573529 1.21866
0.240054 2.05649 0.180386
0.745447 0.306493 1.21431
0.316384 0.958927 1.43321
0.0944932 1.75991 1.19945
0.00040797 3.91921 5.54983e-10
1.68416 0.0482448 0.0194161
0.0684482 0.297268 3.75771
0.0997251 0.817523 2.59717
0.0125082 0.541596 3.69965
0.771996 0.836571 0.0171559
0.298199 0.375123 2.41239
0.546572 1.25224 5.31121e-10
0.676212 0.35947 1.40821
