0.0620952 3.59327
1.33598 1.04353
0.0506385 3.77115
1.36361 0.854355
0.391332 2.39001
0.351022 2.57619
0.107176 3.18057
1.38047 0.80228
0.824148 1.60054
0.319274 2.94646
0.832893 1.59331
1.35477 0.901282
0.798716 1.70072
1.3431 0.983003
0.324872 2.87106
0.100152 3.19192
0.344938 2.63465
0.0012088 3.92306
1.31688 1.24248
0.0737521 3.42085
0.373006 2.42896
0.368708 2.44938
1.34683 0.954502
0.752138 2.15634
0.755123 2.11846
0.000101847 3.99651
0.056395 3.68283
0.0535402 3.72719
0.780148 1.84434
0.316544 2.98436
0.330487 2.79901
1.38943 0.794983
0.74349 2.27116
0.0678308 3.5053
1.32938 1.10634
1.37399 0.81643
0.758144 2.08114
0.35426 2.54806
0.790834 1.75481
0.749231 2.19412
0.737807 2.35023
1.30194 1.43119
0.8029 1.67631
0.0649466 3.54895
0.313792 3.02312
1.29616 1.51096
0.807409 1.65344
1.30492 1.39146
0.322123 2.90767
0.773459 1.90927
1.33943 1.0132
0.342044 2.66482
1.33267 1.07424
0.333186 2.76583
0.0833637 3.30572
1.30789 1.35292
0.377744 2.41136
0.336074 2.73154
1.29907 1.47049
0.311079 3.06185
0.347955 2.60476
0.770303 1.94216
0.0476652 3.81419
1.32305 1.17257
0.0951237 3.21326
0.0907482 3.24082
0.361214 2.49493
0.0707576 3.46253
1.32623 1.13863
1.31083 1.31564
0.339 2.69809
1.36848 0.834226
0.308395 3.10054
0.812366 1.63249
0.746322 2.23279
0.817781 1.61465
0.383511 2.39703
0.767245 1.9753
1.31386 1.27838
1.35062 0.927767
0.0591786 3.63905
1.31994 1.20719
0.00412263 3.89522
0.357746 2.52015
0.327678 2.83456
0.364921 2.47084
0.0869348 3.27151
0.0445731 3.85607
0.776804 1.87598
0.0800738 3.34154
0.787143 1.7837
0.783572 1.8137
0.0768358 3.38056
1.35901 0.877134
0.740684 2.30987
0.794712 1.7269
1.2933 1.55172
0.764237 2.00914
0.761165 2.04487
0.305628 3.14076
