0.000324834 3.92791 7.21649e-10
0.563635 0.502804 1.42518
0.397164 1.58627 0.0684898
1.12512 0.38075 0.189945
0.0650775 1.87745 1.36471
0.208557 0.513655 2.61135
0.533343 0.588655 1.19273
0.110798 0.833105 2.39036
0.283486 0.0243491 3.61229
0.594216 0.0609105 2.4349
0.000158024 0.195671 4.77552
1.58666 0.0828939 0.0303794
1.1565e-05 2.75256 1.20006
1.01476 0.519026 6.4835e-10
0.807983 0.000349638 2.39877
0.12997 2.53453 0.177684
0.363132 1.7016 7.97841e-10
0.0754213 0.913794 2.58859
0.109336 2.69556 9.39834e-10
0.476167 0.639496 1.42141
0.797648 0.247812 1.26478
0.149487 1.50557 1.21432
0.322708 1.79932 0.0662123
1.37665 8.88351e-05 1.19283
0.161023 0.145189 3.58885
0.725937 0.305305 1.40412
0.0262568 0.0574058 4.8309
0.0359048 0.408899 3.73881
0.0227185 2.22251 1.31806
0.0237981 3.38477 5.39394e-10
0.567637 1.20834 5.91076e-10
0.393482 0.217134 2.59373
1.25195 0.272007 0.174304
0.0945288 1.76738 1.19329
0.0528436 1.06495 2.40494
0.480997 1.39576 0.00383019
0.192204 2.28744 0.00208471
0.434466 1.46996 0.205195
0.655456 1.03188 0.0175711
1.81419 0.0149096 0.0553172
1.19804 0.335655 6.40312e-10
1.6963 0.0463859 9.60388e-10
0.751752 0.874699 5.3253e-10
0.105434 0.210952 3.75427
0.175632 1.36704 1.40641
0.953403 0.577109 0.0705281
0.790919 0.782945 0.197399
0.290147 0.35963 2.60809
1.09966 0.0498707 1.31722
0.51573 1.28154 0.195625
1.22011 0.0179855 1.21244
1.41524 0.174794 6.81879e-10
0.259209 0.454842 2.39114
0.509997 0.106736 2.57017
0.43908 0.735593 1.21968
0.891272 0.641608 0.208725
0.690107 0.0237466 2.39114
0.0449941 2.06119 1.20414
0.214948 1.29207 1.19273
0.133608 0.705276 2.60564
1.16736e-06 0.775325 3.58616
0.00879464 2.46327 1.1929
0.695366 0.934561 0.203138
1.48587 0.123227 0.136739
0.176376 0.623569 2.41389
0.081483 2.82481 0.152986
0.160768 2.4056 0.059325
0.237987 1.16657 1.41671
0.0619571 3.00764 0.00583735
0.0928875 0.00119385 4.77446
1.33303 0.221386 0.0501976
0.388205 1.47535e-06 3.58586
0.0396105 3.16588 0.125226
0.205633 0.0706211 3.73954
0.000152737 1.61831 2.39863
0.851919 0.722923 0.0040318
0.463088 0.17181 2.39042
0.0124329 0.565127 3.61196
0.624055 0.436622 1.27625
1.06684 0.449872 0.0650295
0.0111557 1.38986 2.39069
0.256345 2.04075 5.16562e-10
0.00154337 0.000124849 5.86024
0.282263 1.90706 0.195625
1.99448 1.52241e-05 5.3459e-10
0.0735821 0.322398 3.58599
0.312236 0.970096 1.42239
0.387209 0.804365 1.42423
1.02231 0.0963173 1.19609
0.601878 1.10372 0.20317
0.9275 0.137963 1.35677
0.359702 0.909263 1.19386
0.0264948 1.19046 2.54512
0.217891 2.14056 0.178329
0.869916 0.200433 1.19286
0.114958 1.61074 1.39107
0.00851775 3.60121 0.0669346
0.68478 0.379113 1.19668
0.348803 0.298218 2.41164
0.281092 1.08444 1.2188
