0.757818 2.08467
0.760815 2.04859
0.335226 2.74104
0.0886838 3.2564
1.36415 0.851763
0.0922459 3.23022
0.779906 1.84623
1.32339 1.16849
0.341575 2.66941
2.19213e-06 3.99623
1.34019 1.00642
1.34379 0.977215
1.31706 1.2399
0.359075 2.50989
0.749051 2.19602
0.0737093 3.4209
0.766938 1.97831
0.0764824 3.38453
0.355308 2.5391
1.3808 0.801676
0.0553258 3.69898
0.0500067 3.77989
0.770079 1.94416
0.817624 1.61496
0.78336 1.81522
0.320173 2.93367
1.29901 1.47075
0.0683343 3.49724
0.33213 2.77824
0.773282 1.91072
1.36902 0.832108
0.308603 3.09699
0.31726 2.97385
0.737748 2.35056
0.382948 2.39799
0.371834 2.43391
1.35138 0.922456
1.30194 1.43077
0.802685 1.67728
0.74335 2.27258
0.100906 3.18956
0.0822896 3.31655
0.746189 2.23407
0.311474 3.05564
0.348222 2.60185
0.798445 1.70216
0.0710033 3.45847
0.751941 2.15841
1.3554 0.897283
0.0631184 3.57668
1.29611 1.51118
0.36304 2.48242
0.776554 1.87806
1.32989 1.10087
0.314364 3.0145
0.0472434 3.81953
0.376937 2.41385
0.00407111 3.89516
0.790603 1.75628
0.344854 2.63508
1.29324 1.55205
0.740537 2.31142
0.794433 1.72855
0.305734 3.13868
1.31395 1.2769
0.391137 2.38997
0.0657114 3.53669
0.0605315 3.61719
0.786917 1.78522
1.3202 1.20375
0.0793282 3.34974
0.00116092 3.92292
1.3049 1.39132
1.33668 1.03686
0.0962221 3.20747
0.33837 2.70475
0.326084 2.85471
1.32661 1.13426
1.35961 0.873725
0.763852 2.01314
1.38947 0.794947
0.0853884 3.28535
0.367259 2.45698
0.832889 1.59328
0.754859 2.12133
0.812134 1.6332
0.0526905 3.73964
0.82408 1.60056
0.0579344 3.65808
1.37444 0.815068
1.33324 1.06842
0.323109 2.89397
0.3517 2.5698
0.0443741 3.85812
1.3475 0.949279
0.807213 1.65417
0.107311 3.18052
1.30788 1.35251
0.329079 2.81622
1.31089 1.31439
