0.726697 0.304781 1.40061
0.0927667 0.00118407 4.77485
0.4691 1.38682 0.199935
0.000349989 3.92215 0.00326045
0.47029 0.650177 1.41489
0.217728 0.0581019 3.76288
9.06554e-07 0.776682 3.5857
0.0414676 2.07171 1.24079
0.813473 0.000374928 2.39039
0.0564002 0.33019 3.77732
0.296106 1.90549 6.01893e-10
0.206239 1.31606 1.19483
0.552587 1.21838 0.0804221
0.136985 2.49998 0.167526
0.938299 0.139123 1.24739
0.116691 1.66169 1.19277
1.01496 0.0867267 1.34937
0.0328194 1.14823 2.52971
0.00838922 2.4704 1.19293
0.591866 1.12105 0.223759
0.14004 1.52586 1.2706
0.432039 0.749342 1.2178
1.21228 0.0171224 1.27261
0.00015636 0.195238 4.77617
0.686694 0.380288 1.19279
0.87315 0.196 1.19533
0.0233301 3.35285 0.102042
0.291169 0.0200539 3.61748
0.641908 1.0521 0.0352363
0.786192 0.818968 0.00419758
0.0123601 1.35585 2.41411
1.48809 0.12854 0.0354234
0.0851262 2.8011 0.149765
0.438118 1.50158 4.18685e-10
0.72735 0.881835 0.199243
0.38868 1.08106e-06 3.58559
0.00155363 0.000124463 5.86004
0.166303 0.660605 2.39325
0.0632276 1.02536 2.39074
1.69115 0.0479822 4.52163e-10
0.297537 0.387804 2.39039
0.000225485 1.62308 2.39051
0.195116 0.544772 2.60232
0.824404 0.733009 0.208824
0.356731 1.67514 0.219429
0.624609 0.436508 1.27192
0.398184 0.234705 2.40892
1.81113 0.0154937 0.0536275
0.584492 0.0590409 2.54101
0.986733 0.525352 0.196506
0.00973056 3.60591 5.38686e-10
0.562546 0.505263 1.41522
1.25423 0.285923 0.00994027
0.00924721 0.567219 3.70262
0.24562 0.457559 2.46494
0.168631 1.39064 1.41632
1.57759 0.0817488 0.117338
0.257044 1.99379 0.191916
0.193496 2.23847 0.180979
1.40797 0.179265 4.45594e-10
0.448183 0.159905 2.57846
0.944025 0.602991 3.86132e-10
0.333357 0.295032 2.59232
0.526001 0.115392 2.39108
0.684772 0.0221936 2.41632
1.17505 0.33626 0.171669
0.0850958 1.75954 1.37943
0.379359 0.82132 1.41635
0.351461 0.929746 1.19274
0.22952 2.13157 0.014114
1.11599 0.0536885 1.1929
0.0961224 0.266093 3.58576
1.99428 1.63505e-05 5.51812e-10
0.799224 0.246745 1.26159
0.0907639 0.877682 2.45145
0.397796 1.58258 0.0787946
0.23003 1.18986 1.41717
0.0648507 1.92863 1.19838
1.0543 0.463255 0.0635053
0.272748 1.10669 1.21853
1.06497e-05 2.75322 1.19986
0.169514 2.38839 5.13361e-10
0.0429676 3.15881 0.0302937
0.0651457 2.9874 6.01424e-10
0.327717 1.79219 0.0331329
1.37501 8.80387e-05 1.19401
0.0262646 0.0573329 4.83133
0.0332852 0.454686 3.59503
0.884567 0.664687 0.0707225
1.12176 0.406281 6.86887e-10
0.123272 0.739322 2.58881
1.31897 0.223377 0.154841
0.0209139 2.24007 1.32863
0.304003 0.990469 1.4189
0.113509 2.66541 0.00924057
0.518143 1.31366 5.25107e-10
0.124268 0.17301 3.78376
0.690078 0.97735 6.21765e-10
0.527918 0.594265 1.19494
0.178347 0.121149 3.58991
