0.767011 1.9775
1.36803 0.835762
0.321788 2.91172
0.0753621 3.39895
0.749065 2.19583
1.36295 0.85723
0.75196 2.15816
1.31151 1.30672
0.0813817 3.32638
0.77339 1.90961
1.38947 0.794947
0.330137 2.80292
0.0559964 3.68851
1.2963 1.50848
0.383499 2.39695
1.33463 1.0555
0.787084 1.78386
1.30231 1.42578
1.34574 0.962309
1.29335 1.55056
0.313634 3.02484
0.780054 1.84487
0.0696745 3.47758
0.327328 2.83859
0.377894 2.41076
0.77017 1.94319
1.33821 1.02337
0.347801 2.60589
0.30825 3.10211
0.310938 3.06334
0.79862 1.70108
0.00116054 3.92293
0.373118 2.4283
0.00407134 3.89516
0.100678 3.19021
0.350974 2.5763
0.391148 2.38997
1.31465 1.26846
1.29929 1.46686
0.0958328 3.20939
1.38037 0.802356
0.368827 2.44853
0.364862 2.47094
0.324552 2.8748
0.79461 1.72734
0.338724 2.70077
0.361149 2.4951
0.0532267 3.73144
0.0587335 3.6455
1.32769 1.12309
1.33112 1.0888
0.0880271 3.26181
1.32434 1.15819
0.335815 2.73412
0.757855 2.08422
0.0669096 3.51853
1.31784 1.23084
0.316346 2.98661
0.790774 1.75498
0.354234 2.54796
0.743364 2.27238
0.783516 1.81386
1.32106 1.19414
0.305559 3.14123
0.0641705 3.56036
1.30534 1.38542
0.344703 2.63662
1.34191 0.992267
0.754889 2.12094
1.35826 0.88094
1.34971 0.933701
0.776682 1.87682
0.746202 2.2339
0.763911 2.01246
0.0475251 3.81559
1.30842 1.34556
0.0504109 3.77392
0.319062 2.9489
0.832889 1.59328
0.0724811 3.43772
0.76086 2.04806
0.341685 2.66822
0.0783096 3.36188
0.807359 1.65349
0.0846067 3.29286
0.82414 1.60046
0.740551 2.31123
0.0917232 3.23372
0.35762 2.52082
0.0445267 3.85614
0.0614535 3.6027
2.1713e-06 3.99625
0.802848 1.67638
0.332964 2.76809
0.107301 3.18052
0.812252 1.63275
1.3737 0.817098
0.817714 1.61471
1.35387 0.906511
0.737758 2.35043
