0.0518675 1.02876 2.5647
1.49843 0.11648 0.14542
0.476121 1.40642 0.0053515
1.14048 0.365984 0.195057
0.556362 1.23167 2.78349e-10
1.28425 0.264454 0.00152775
0.0396781 0.435401 3.58598
0.0310316 1.20128 2.39927
0.000183798 1.62728 2.39039
0.0846238 0.93089 2.3906
0.860881 0.681422 0.21745
0.677844 0.390652 1.19283
0.216329 0.0805839 3.58612
0.12833 1.57716 1.26088
0.569077 0.529641 1.19824
1.51056e-05 2.76245 1.19286
1.21249 0.312993 0.0620453
1.09468 0.433264 2.29712e-10
0.920363 0.617572 0.0750198
0.679771 0.0196775 2.4955
0.8547 0.190011 1.37086
0.296807 1.90065 0.00387899
0.825427 0.762483 2.34451e-10
0.217632 0.492998 2.62228
0.0256147 2.19339 1.31276
0.19699 1.34803 1.19378
1.18025e-06 0.77254 3.58777
0.262142 1.12062 1.27563
1.02505 0.4827 0.192012
1.4313 0.16512 2.44564e-10
0.507522 1.29793 0.210685
0.720297 0.312192 1.39151
0.508819 0.586193 1.418
1.38609 2.13794e-06 1.19281
0.0427802 3.1368 0.118028
0.0657234 0.305331 3.75425
1.00484 0.0924454 1.34195
0.335849 0.916379 1.41002
0.398815 0.210599 2.59815
1.22604 0.0177014 1.19952
0.675092 0.968309 0.21455
0.107734 0.790154 2.59135
0.979059 0.558807 0.00410058
1.59615 0.0787366 0.0339125
0.0888043 2.80047 0.0458806
0.267197 0.441229 2.39036
0.000380087 3.92202 2.38465e-10
0.795007 0.258678 1.21057
0.0666642 2.97587 4.09534e-10
1.1084 0.051605 1.22709
0.11158 0.22515 3.59784
0.180725 0.597915 2.47305
0.143007 2.51381 0.00101957
0.385302 1.07349e-05 3.58761
0.0256135 3.36188 3.33732e-10
0.00929143 3.58601 0.0632325
0.201765 2.24917 2.82884e-10
0.00987459 1.3594 2.49424
1.34397 0.205743 0.162475
0.46953 0.681154 1.21803
1.70103 0.0449444 2.71824e-10
0.0709388 1.84414 1.35218
0.729366 0.910967 4.90316e-05
1.98354 0.000135493 2.67063e-10
0.638144 1.06293 0.019914
0.359637 0.289676 2.39445
0.22496 2.1105 0.198074
0.0114251 0.551534 3.69126
0.521732 0.0978417 2.57105
0.303929 1.03261 1.20335
0.0977395 0.000320053 4.77568
0.812697 0.00033306 2.39176
0.0286923 0.0525196 4.83101
0.415405 0.749352 1.41846
0.366802 1.69118 2.28451e-10
0.148514 0.705212 2.39927
0.000603824 0.185681 4.77442
0.009057 2.43967 1.21149
0.151557 0.133015 3.75425
0.261042 2.00057 0.0687886
6.31708e-05 0.00308664 5.86018
0.158441 1.43087 1.39748
0.609981 0.441718 1.39846
0.32487 1.77153 0.197941
0.103153 1.72545 1.19283
0.0495241 2.0349 1.19586
1.81236 0.0150661 0.0613142
0.220424 1.21904 1.41524
0.432318 1.47325 0.22309
0.587076 1.13126 0.215834
0.386679 0.853533 1.19275
0.29937 0.345263 2.60262
0.112845 2.62968 0.16499
0.167083 2.35484 0.171679
0.46762 0.160171 2.40847
0.274733 0.0233922 3.69107
0.606592 0.061754 2.39045
0.397453 1.58339 0.079364
0.766153 0.819907 0.204305
0.940595 0.147646 1.19321
