0.37325 2.4279
0.072188 3.44223
0.0611603 3.60781
0.0809003 3.33208
0.107329 3.18055
0.81193 1.63413
0.0554972 3.69681
1.33717 1.03279
1.38956 0.794979
0.755311 2.11606
0.343503 2.64933
0.737861 2.34943
0.100462 3.19096
0.378066 2.41035
0.832789 1.59331
0.333992 2.75608
0.305606 3.14102
0.36485 2.47123
1.3558 0.89511
0.794017 1.73169
0.391159 2.39
3.4165e-05 3.99435
1.37446 0.815147
0.74648 2.2306
1.32465 1.15534
1.30429 1.39973
1.30147 1.43749
0.325272 2.86577
1.29868 1.47577
0.09544 3.21158
1.34067 1.00267
0.0041726 3.89515
0.0444222 3.85792
0.0912329 3.23735
1.31559 1.25755
0.0694714 3.48102
0.0779269 3.36695
0.7716 1.92844
0.350139 2.5842
1.31279 1.29143
0.0472536 3.81982
0.782351 1.82439
1.32766 1.12381
1.34783 0.947159
0.0526973 3.74003
0.752347 2.1536
0.316877 2.97966
0.0499515 3.78115
0.357283 2.52367
0.740707 2.30949
0.823969 1.60083
0.360913 2.49697
1.29587 1.51503
0.322415 2.9037
0.0639476 3.56431
0.311272 3.05901
1.32157 1.18885
0.798145 1.70426
0.768101 1.96587
0.328136 2.82863
0.775081 1.89289
0.749384 2.19207
0.346739 2.61655
0.743607 2.26951
0.78995 1.7615
1.3185 1.22357
0.764786 2.00284
1.36914 0.831813
0.319626 2.94161
0.353646 2.5532
1.36422 0.85163
0.314139 3.01813
1.35989 0.87246
0.778699 1.85783
0.36885 2.44859
0.802396 1.67907
1.33396 1.06197
1.35176 0.920224
1.34415 0.974696
0.383719 2.39664
0.33102 2.79235
0.806955 1.65556
1.33082 1.0921
0.0840928 3.29826
0.81741 1.61569
0.0750418 3.40355
0.758345 2.07865
0.0667135 3.52197
0.0583517 3.65202
0.087579 3.2659
0.308413 3.1002
1.38075 0.801835
0.761492 2.04098
0.00123249 3.9219
1.29311 1.55443
0.340259 2.6841
0.337028 2.72043
1.30982 1.32834
1.30704 1.36379
0.786133 1.79195
