1.30791 1.35314
0.771228 1.93288
0.791829 1.74778
0.0795609 3.348
1.33974 1.01095
0.323688 2.88735
0.755648 2.11249
0.784609 1.80519
0.774449 1.89974
0.768026 1.96725
1.29622 1.51085
1.30202 1.43075
0.749652 2.18921
1.38955 0.795024
0.777745 1.86737
0.00123604 3.92304
0.812883 1.63075
0.788148 1.776
1.34706 0.953168
0.36374 2.47849
0.377411 2.41262
1.31087 1.31571
0.367906 2.45392
0.00414838 3.89524
0.74672 2.22806
0.383287 2.39756
0.308828 3.09493
0.107383 3.1806
1.32308 1.17272
0.0501208 3.77942
0.352542 2.56315
0.372416 2.43174
0.0444649 3.85801
0.764899 2.00214
1.35925 0.876136
0.808126 1.65038
0.349112 2.59423
1.34334 0.981449
0.314721 3.01062
0.0963313 3.20739
7.89212e-05 3.99648
0.795621 1.72105
0.305883 3.13771
0.391205 2.39005
0.359827 2.50505
0.743768 2.268
1.33286 1.07281
0.824456 1.60016
0.342409 2.6614
0.0739585 3.41866
1.37429 0.815773
0.0767149 3.38264
1.35497 0.900352
0.100986 3.18963
0.0554952 3.69761
0.071259 3.45601
0.0923768 3.22994
0.0659604 3.53415
0.356106 2.53335
1.33625 1.04142
0.832971 1.59335
0.0855702 3.28444
0.799519 1.69611
0.818201 1.61365
0.0607532 3.61499
1.31689 1.2428
1.32955 1.10516
1.35092 0.926115
0.781128 1.83583
1.38074 0.801971
0.803708 1.67223
0.339189 2.69649
1.29912 1.4704
0.740844 2.3083
0.758697 2.07499
0.0888375 3.25585
0.335993 2.73301
1.31997 1.2073
0.345719 2.62719
0.317697 2.96892
0.0824832 3.31538
0.332864 2.7703
0.752644 2.15046
0.0581311 3.65628
0.0685966 3.49458
1.32628 1.13862
0.761784 2.03813
0.047345 3.81926
0.311771 3.05257
0.737958 2.34877
1.30498 1.39134
0.326719 2.84753
0.320674 2.92795
1.36381 0.853697
0.0528422 3.73858
1.29335 1.55175
1.36877 0.833363
1.31386 1.27893
0.0633471 3.5744
0.329778 2.80845
