0.166391 0.612486 2.62024
0.684453 0.987136 4.09107e-10
0.116832 2.60772 0.162691
0.0529785 1.07752 2.39065
0.632379 1.06308 0.0697468
0.345168 1.75364 2.78825e-10
8.27583e-06 0.207544 4.77249
0.240043 2.09995 3.6982e-10
1.12727 0.0390419 1.33553
1.13951 0.369513 0.157822
0.288353 0.362852 2.60535
0.175587 1.36473 1.42429
1.29046 0.244673 0.142966
0.392631 0.83406 1.2001
0.147808 2.49085 4.94278e-10
0.367673 0.000612837 3.59686
0.579558 1.14726 0.205101
0.00848054 2.42593 1.27283
0.784119 0.81862 0.0146345
1.22201 0.312738 0.0082779
0.644432 0.41992 1.22201
0.174529 2.34345 0.0572936
0.897119 0.663143 3.54939e-10
0.203554 2.19657 0.184636
0.0264329 1.19176 2.54079
1.98054 0.000189306 2.45374e-10
0.344055 0.895367 1.432
0.000311284 0.743263 3.58787
0.320107 1.00286 1.19268
0.026612 2.22461 1.19948
1.46663 0.140242 0.0327011
0.974458 0.107393 1.38101
1.0124 0.509933 0.056724
0.458478 1.4306 0.0709905
0.83095 0.726032 0.182751
0.0721553 1.89225 1.19282
0.0124674 0.0875249 4.87765
0.265888 1.963 0.191714
0.585609 0.470866 1.43877
0.420416 0.73717 1.44384
1.67494 0.0531872 3.19041e-10
0.463634 0.170751 2.39085
0.270068 0.0369358 3.58635
0.0945013 1.7354 1.25866
0.851367 0.200176 1.27678
0.212697 1.26456 1.28137
0.783276 0.247199 1.43049
0.919634 0.15883 1.20154
0.511446 0.105775 2.56778
0.0691982 2.95692 2.80098e-10
5.74045e-05 2.74992 1.19292
0.00972355 3.57787 0.0610499
0.142186 0.727526 2.39394
0.15548 1.49677 1.19382
0.000645524 0.00125694 5.85787
0.557739 0.551386 1.19273
0.0266452 3.34924 4.74925e-10
0.0159749 0.520388 3.68475
0.749861 0.309974 1.19328
0.393004 0.217998 2.59003
0.422324 1.53939 0.00362963
1.23939 0.0136626 1.21548
0.596703 0.0595315 2.43478
0.12126 1.5816 1.39764
1.38266 0.195322 5.19411e-10
0.0449491 2.01887 1.34389
0.0480159 0.0285734 4.7917
0.942529 0.579055 0.181339
0.0499599 0.395852 3.58625
0.211414 0.526443 2.4741
0.685495 0.34716 1.43049
1.08241 0.445829 3.77571e-10
0.188591 0.0896843 3.71932
0.49777 1.32013 0.206687
0.249407 1.17719 1.20484
0.723262 0.889253 0.191478
0.257681 0.459028 2.39039
1.06232 0.0774918 1.19273
0.693353 0.0209631 2.40008
0.0921832 2.77929 0.0444537
1.21612e-06 1.65952 2.39036
0.375826 1.62552 0.187916
0.000413291 3.91869 5.60616e-10
0.2757 1.06142 1.42539
0.00921086 1.39379 2.41532
0.104859 4.77177e-06 4.77186
0.822561 8.58788e-05 2.39045
1.55892 0.0898684 0.1126
0.546831 1.25169 2.62016e-10
1.38601 1.38145e-06 1.19302
0.0445782 3.12057 0.115172
0.503848 0.59139 1.44717
0.305638 1.8527 0.0654787
0.137419 0.17904 3.59465
0.10604 0.818199 2.46459
1.7972 0.0180794 0.0529682
0.347836 0.299731 2.41109
0.470081 0.678355 1.22459
0.0719117 0.928038 2.59457
0.082729 0.263462 3.73299
