0.283603 0.567205 4.29838
0.369765 0.73953 3.78141
2.49947 1.25027 0.749734
0.812645 1.62529 1.12413
0.185506 0.37101 4.88697
2.37148 1.31426 0.685742
0.295844 0.591687 4.22494
0.836912 1.67383 0.978528
1.33367 1.55399 1.03639
0.332704 0.665406 4.00378
2.12557 1.43722 0.562783
0.606295 1.21259 2.36224
2.75082 1.12459 0.875409
0.444301 0.8886 3.3342
1.66714 1.51289 0.87
0.406993 0.813984 3.55805
0.965293 1.93059 0.208245
1.10598 1.94701 0.0529917
0.222428 0.444856 4.66543
2.00712 1.49644 0.503561
0.197837 0.395673 4.81298
1.55294 1.34647 1.62888
0.0620787 0.124157 5.62753
2.34189 1.11314 1.85726
0.860965 1.72193 0.83421
0.320398 0.640795 4.07762
0.246926 0.49385 4.51845
0.556352 1.1127 2.6619
2.43327 1.16653 1.33457
2.13068 1.20877 1.62913
0.524634 1.04927 2.8522
1.92179 1.41142 0.961355
2.24955 1.37523 0.624773
0.173257 0.346512 4.96046
0.494159 0.988316 3.03505
1.88786 1.55607 0.443929
0.210141 0.42028 4.73916
1.77277 1.38685 1.24565
0.123902 0.247803 5.25659
0.68099 1.36198 1.91406
0.0373009 0.0746011 5.7762
0.909521 1.81904 0.542874
0.136328 0.272655 5.18204
1.42967 1.45199 1.31732
0.308117 0.616232 4.1513
0.024862 0.0497234 5.85083
0.701073 1.40214 1.79357
0.765445 1.53089 1.40733
0.572328 1.14465 2.56604
0.234715 0.469429 4.59172
0.259163 0.518325 4.44503
2.6216 1.1892 0.810799
2.25798 1.06959 2.35784
0.382178 0.764355 3.70694
2.61512 1.07696 1.50892
0.88553 1.77106 0.686818
0.271372 0.542743 4.37177
0.0124179 0.0248353 5.9255
0.469232 0.938462 3.18462
1 2 5.09949e-07
1.4343 1.78285 0.21715
0.743274 1.48655 1.54036
1.2155 1.89225 0.107749
0.345025 0.690049 3.92985
0.0868406 0.173681 5.47896
0.509335 1.01867 2.944
0.148636 0.297271 5.10819
0.935807 1.87161 0.38516
1.54354 1.72823 0.271769
0.111579 0.223158 5.33053
1.32506 1.83747 0.16253
0.431893 0.863784 3.40865
1.65615 1.67192 0.328077
1.77304 1.61348 0.386518
2.75997 1.00045 1.71646
0.54045 1.0809 2.7573
1.74854 1.25629 1.85919
0.589259 1.17852 2.46445
0.7888 1.5776 1.2672
0.623433 1.24686 2.25941
2.87953 1.06024 0.939764
0.661103 1.3222 2.03339
0.357374 0.714747 3.85576
0.0745178 0.149035 5.5529
2.99856 1.00073 0.999485
0.394572 0.789142 3.63257
1.38807 1.64018 0.707785
0.456769 0.913536 3.25939
0.0496787 0.0993568 5.70193
2.21989 1.27112 1.15791
1.95029 1.30441 1.39563
0.0991933 0.198386 5.40484
0.481675 0.963349 3.10995
0.419432 0.838863 3.48341
0.721359 1.44272 1.67185
0.160959 0.321917 5.03425
2.5489 1.01117 2.23122
5.09751e-07 5.09757e-07 6
0.642186 1.28437 2.14689
1.99031 1.16182 2.10574
