1.85926 1.42457 0.98748
2.78388 1.00017 1.64695
1.64972 1.53411 0.81158
2.12496 1.43752 0.562478
0.739389 1.47877 1.56368
0.176002 0.352002 4.944
0.341474 0.682945 3.95117
1.97629 1.27574 1.49945
0.27001 0.540017 4.37995
0.293721 0.587438 4.23769
1.25554 1.87223 0.127772
0.0938344 0.187667 5.43701
0.129128 0.258253 5.22525
0.424836 0.849668 3.451
0.281863 0.563722 4.30884
0.605972 1.21194 2.36419
0.0585295 0.117057 5.64883
0.762135 1.52427 1.4272
2.57284 1.10771 1.40012
0.835345 1.67069 0.987935
0.30561 0.611217 4.16635
0.0233835 0.0467653 5.85971
0.164307 0.328612 5.01417
0.377315 0.754626 3.73613
0.555729 1.11145 2.66564
0.199402 0.398801 4.8036
1.36644 1.6687 0.636096
2.08914 1.32474 1.10628
0.0468324 0.0936629 5.71902
0.886882 1.77377 0.67871
0.365382 0.730759 3.80773
2.34277 1.21164 1.25306
2.69446 1.15277 0.847231
1.13146 1.93427 0.0657305
0.483404 0.966804 3.09959
1.43108 1.4865 1.19131
0.117339 0.234675 5.29598
0.57181 1.14362 2.56915
0.0116973 0.023393 5.92983
0.14084 0.281678 5.15497
0.353429 0.706853 3.87944
1.5812e-06 1.5813e-06 6
2.99923 1.00036 0.999802
0.246331 0.492658 4.52203
0.41302 0.826036 3.52189
1 2 1.53173e-06
0.861003 1.72201 0.833987
1.37376 1.81312 0.186882
0.679263 1.35852 1.92444
0.105592 0.211181 5.36646
0.035085 0.0701681 5.7895
0.6237 1.24739 2.25782
2.01181 1.15658 2.11021
2.56495 1.00012 2.30387
0.329522 0.659041 4.02288
2.54487 1.22757 0.772434
0.58883 1.17765 2.46704
1.86292 1.56854 0.431458
0.234535 0.469067 4.5928
1.80258 1.23581 1.90721
0.389247 0.77849 3.66453
0.448302 0.896599 3.3102
1.6108 1.6946 0.3054
0.699086 1.39816 1.80551
0.91336 1.82672 0.519845
0.509861 1.01972 2.94085
0.43656 0.873116 3.38065
0.719149 1.43829 1.68512
1.99495 1.50253 0.497474
0.21108 0.422156 4.73354
0.222824 0.445645 4.66307
0.659643 1.31928 2.04216
0.941022 1.88205 0.353874
1.31119 1.58926 0.937712
0.641576 1.28315 2.15056
2.23707 1.08977 2.22972
0.31756 0.635117 4.09465
0.96989 1.93978 0.180664
2.40447 1.29777 0.702233
2.23163 1.17047 1.68732
0.785168 1.57034 1.28899
0.495053 0.990101 3.0297
0.471721 0.943438 3.16969
0.082011 0.16402 5.50795
0.0702733 0.140545 5.57837
2.2619 1.36905 0.630952
2.85118 1.07441 0.925589
1.63588 1.39115 1.37111
0.401117 0.802231 3.59331
0.187733 0.375463 4.87362
2.48076 1.06279 1.93693
0.460046 0.920088 3.23974
1.73708 1.63146 0.368539
0.539749 1.07949 2.76152
0.524644 1.04928 2.85215
0.258168 0.516333 4.451
0.810028 1.62005 1.13984
1.56512 1.33319 1.67458
1.49008 1.75496 0.24504
0.152592 0.305182 5.08446
