1.128 1.936 0.063998
0.0732348 0.14647 5.56059
1.35622 1.66272 0.664111
0.770814 1.54163 1.37512
1.24935 1.87532 0.124676
0.918089 1.83618 0.491463
0.323062 0.646124 4.06163
0.0854754 0.170951 5.48715
0.222009 0.444017 4.66795
0.0609814 0.121963 5.63411
0.24724 0.49448 4.51656
1.89239 1.30313 1.47494
0.422683 0.845366 3.4639
2.24111 1.25624 1.19737
2.45261 1.05475 2.06943
2.07926 1.46037 0.539631
0.748016 1.49603 1.51191
2.45959 1.2702 0.729796
0.196811 0.393621 4.81914
2.73279 1.13361 0.866394
0.398013 0.796025 3.61192
2.30111 1.13242 1.80402
1.93253 1.17638 2.08945
0.496225 0.99245 3.02265
0.234644 0.469287 4.59214
0.471797 0.943593 3.16922
1.83597 1.58201 0.417986
0.134608 0.269216 5.19235
1.59621 1.7019 0.298104
0.868329 1.73666 0.790025
0.0365253 0.0730506 5.78085
0.843702 1.6874 0.937788
2.59331 1.20334 0.796655
0.0487428 0.0974855 5.70754
0.159372 0.318745 5.04377
1.47952 1.76024 0.239758
0.184294 0.368588 4.89424
2.20469 1.39765 0.602347
1.71746 1.64127 0.358731
0.335639 0.671278 3.98617
0.681177 1.36235 1.91294
0.580541 1.16108 2.51675
0.373238 0.746476 3.76057
2.43867 1.16953 1.30616
2.56152 1.00005 2.31486
0.097726 0.195452 5.41364
0.272564 0.545127 4.36462
0.818848 1.6377 1.08691
2.33314 1.33343 0.66657
2.16004 1.09788 2.29991
0.0121537 0.0243074 5.92708
0.794621 1.58924 1.23228
0.484017 0.968034 3.0959
0.659421 1.31884 2.04347
0.360754 0.721508 3.83548
2.02236 1.35263 1.07676
0.171814 0.343627 4.96912
0.110006 0.220012 5.33996
2.99949 1.00006 1.00111
0.459541 0.919082 3.24275
0.447333 0.894665 3.316
1.60085 1.39968 1.37005
1.3658 1.8171 0.182898
0.618696 1.23739 2.28782
0.385699 0.771398 3.68581
0.0243192 0.0486384 5.85408
0.703215 1.40643 1.78071
1.49521 1.34366 1.68603
0.512297 1.02459 2.92622
0.599564 1.19913 2.40262
0.63896 1.27792 2.16624
1.71255 1.25735 1.88857
0.310441 0.620882 4.13735
0.544899 1.0898 2.73061
0.410356 0.820711 3.53787
0.725572 1.45114 1.64657
0.893552 1.7871 0.638691
0.285241 0.570482 4.28856
0.562685 1.12537 2.62389
0.146968 0.293937 5.11819
1.41955 1.48199 1.21682
0.944073 1.88815 0.335564
0.259909 0.519819 4.44054
2.86503e-16 3.42014e-16 6
2.77714 1.00008 1.66794
1.95962 1.52019 0.479812
1.63075 1.54036 0.809481
0.435031 0.870061 3.38982
1.30881 1.57713 0.979219
0.122293 0.244587 5.26624
0.348327 0.696654 3.91004
0.29784 0.59568 4.21296
1 2 2.50919e-16
1.81977 1.44176 0.966875
0.209381 0.418762 4.74371
2.61045 1.08429 1.46906
2.871 1.0645 0.935503
0.971436 1.94287 0.171386
0.528528 1.05706 2.82883
2.10342 1.21498 1.63618
