1.71793 1.26321 1.85517
0.708027 1.41605 1.75184
1.86371 1.56815 0.431855
0.0467032 0.0934063 5.71978
2.8606 1.0697 0.930304
0.285315 0.570629 4.28811
0.450061 0.900121 3.29964
2.11003 1.2067 1.67226
0.55881 1.11762 2.64714
0.931449 1.8629 0.411305
1 2 8.21781e-14
0.141737 0.283474 5.14958
0.391851 0.783702 3.6489
2.78292 1.0002 1.64956
0.877603 1.75521 0.734383
0.438469 0.876938 3.36918
0.356583 0.713167 3.8605
1.31508 1.58369 0.952811
2.26793 1.36603 0.633966
1.73429 1.63286 0.367144
0.129758 0.259516 5.22145
1.47824 1.76088 0.239119
0.189698 0.379396 4.86181
0.777254 1.55451 1.33648
0.249565 0.49913 4.50261
1.93656 1.30314 1.41941
2.38617 1.15088 1.52269
2.56249 1.21876 0.781244
0.177699 0.355398 4.93381
0.666569 1.33314 2.00059
1.35677 1.82162 0.178384
0.511431 1.02286 2.93142
0.0821111 0.164222 5.50733
0.826546 1.65309 1.04073
2.09494 1.34274 1.0153
2.99894 1.00037 1.00059
0.368366 0.736732 3.7898
2.61972 1.09727 1.35936
1.95952 1.1722 2.0814
0.16571 0.331421 5.00574
2.2097 1.09726 2.22021
0.380124 0.760247 3.71926
0.852096 1.70419 0.887426
0.526676 1.05335 2.83994
0.592792 1.18558 2.44325
0.461612 0.923225 3.23033
0.273408 0.546816 4.35955
0.105871 0.211741 5.36478
0.610223 1.22045 2.33866
1.99976 1.50012 0.499878
0.0232921 0.0465842 5.86025
0.201674 0.403348 4.78996
0.093969 0.187938 5.43619
0.297232 0.594464 4.21661
1.66496 1.53065 0.80754
0.117799 0.235599 5.2932
1.36607 1.66492 0.648387
0.309136 0.618273 4.14518
0.153741 0.307482 5.07755
0.344715 0.68943 3.93171
1.38846 1.43334 1.41716
2.57096 1.00015 2.28551
0.730716 1.46143 1.61571
0.237634 0.475268 4.5742
2.2758 1.24413 1.20019
1.83355 1.41513 1.05766
2.7063 1.14685 0.853151
2.47536 1.06167 1.95861
0.542259 1.08452 2.74645
0.213689 0.427379 4.71786
0.575417 1.15083 2.5475
0.627745 1.25549 2.23353
1.11575 1.94212 0.057877
0.426804 0.853608 3.43918
0.473091 0.946181 3.16146
1.46841 1.48722 1.15725
0.496344 0.992689 3.02193
0.801649 1.6033 1.1901
0.0116297 0.0232595 5.93022
0.320955 0.64191 4.07427
0.687165 1.37433 1.87701
1.60341 1.69829 0.301706
1.23588 1.88206 0.117941
0.225659 0.451318 4.64605
2.41432 1.29284 0.707161
0.415197 0.830395 3.50882
0.903806 1.80761 0.577164
0.962713 1.92543 0.223722
0.647119 1.29424 2.11728
0.75378 1.50756 1.47732
0.332806 0.665613 4.00316
0.261531 0.523062 4.43081
2.13023 1.43488 0.565117
0.0349791 0.0699582 5.79013
0.0702647 0.140529 5.57841
0.403523 0.807046 3.57886
0.0584694 0.116939 5.64918
2.34448e-15 2.4555e-15 6
1.56937 1.35133 1.59492
0.484672 0.969344 3.09197
