1.86163 1.56918 0.430815
0.824141 1.64828 1.05516
1.31604 1.84198 0.158022
0.122214 0.244428 5.26672
1.89444 1.40566 1.02074
0.414093 0.828186 3.51544
2.35688 1.07606 2.10468
0.0730786 0.146157 5.56153
0.562292 1.12458 2.62625
0.245092 0.490183 4.52945
1.55413 1.32283 1.72757
0.0976294 0.195259 5.41422
0.171367 0.342733 4.9718
1.21009 1.89495 0.105047
0.220621 0.441242 4.67627
2.09878 1.45061 0.549391
0.497047 0.994093 3.01772
0.461581 0.923163 3.23051
2.47282 1.26359 0.736409
0.473417 0.946834 3.1595
2.86265 1.06868 0.931325
1.41981 1.79009 0.209906
2.81647 1.00023 1.54866
1.68139 1.36971 1.41454
2.54416 1.00016 2.36563
1.63285 1.68357 0.316426
1.70621 1.49387 0.897581
0.485261 0.970521 3.08844
1.3081 1.54556 1.08419
0.769858 1.53972 1.38085
0.159077 0.318155 5.04554
2.04317 1.13478 2.20993
0.513032 1.02606 2.92181
0.545687 1.09137 2.72588
2.99873 1.00031 1.00169
0.0608345 0.121669 5.63499
0.426035 0.852069 3.44379
2.32178 1.21752 1.25946
0.678035 1.35607 1.93179
0.402212 0.804424 3.58673
0.183726 0.367452 4.89765
1.31798 1.67886 0.64671
0.390284 0.780568 3.6583
2.10691 1.31128 1.1424
0.281714 0.563428 4.30972
2.34458 1.32771 0.672288
2.51084 1.12076 1.45419
2.2055 1.16841 1.74414
1.74537 1.62731 0.372687
0.318207 0.636413 4.09076
0.580558 1.16112 2.51665
0.012119 0.0242381 5.92729
2.63231 1.04153 1.73109
0.109925 0.219851 5.34045
1.47631 1.59436 0.77732
0.745685 1.49137 1.52589
1.1032 1.9484 0.0516006
0.146827 0.293654 5.11904
0.437889 0.875779 3.37266
0.330236 0.660471 4.01859
0.232856 0.465713 4.60286
1.97725 1.51138 0.488623
0.69994 1.39988 1.80036
0.877482 1.75496 0.735107
0.0364239 0.0728479 5.78146
1.8158 1.22166 1.96705
1.96967 1.26626 1.5552
0.721905 1.44381 1.66857
2.73016 1.13492 0.865083
4.56899e-16 6.23433e-16 6
0.61789 1.23578 2.29266
0.134516 0.269032 5.1929
0.656375 1.31275 2.06175
0.354351 0.708702 3.87389
0.933252 1.8665 0.400486
0.637094 1.27419 2.17744
1 2 1.23316e-14
0.905186 1.81037 0.568886
0.0242585 0.0485171 5.85445
0.964046 1.92809 0.215725
0.366304 0.732607 3.80218
0.306026 0.612053 4.16384
0.0853403 0.170681 5.48796
0.796673 1.59335 1.21996
0.257337 0.514674 4.45598
0.529051 1.0581 2.82569
0.378347 0.756694 3.72992
2.22272 1.38864 0.611358
2.60509 1.19745 0.802547
0.208336 0.416673 4.74998
0.293855 0.587709 4.23687
0.0486185 0.0972369 5.70829
0.59881 1.19762 2.40714
0.19605 0.392099 4.8237
0.342236 0.684472 3.94658
0.269591 0.539183 4.38245
0.850466 1.70093 0.897204
1.52453 1.73773 0.262267
0.449752 0.899504 3.30149
1.44457 1.45509 1.29401
