0.198661 0.397317 4.80806
1.6887 1.65565 0.344352
0.328634 0.657263 4.02821
2.39616 1.18666 1.29128
0.424238 0.848471 3.45459
0.0705821 0.141161 5.57652
0.483748 0.96749 3.09753
0.388462 0.776918 3.66925
1.66307 1.28645 1.79643
0.786621 1.57325 1.28028
1.52087 1.45255 1.23865
0.412372 0.824737 3.52579
2.77844 1.00012 1.66367
0.611744 1.22348 2.32956
0.163831 0.327658 5.01703
2.45307 1.27347 0.726533
0.6705 1.34099 1.97702
0.839607 1.67922 0.962366
0.257157 0.514309 4.45708
0.0588025 0.117602 5.6472
0.81277 1.62554 1.12339
0.630586 1.26116 2.21651
1.88999 1.19596 2.02598
1.71963 1.49743 0.869143
0.868002 1.73601 0.791995
2.86557 1.06722 0.932785
0.152248 0.304493 5.08653
0.269004 0.538003 4.386
0.436049 0.872092 3.38373
0.0470589 0.0941151 5.71766
0.713851 1.4277 1.7169
0.542372 1.08474 2.74579
0.459942 0.919878 3.24037
1.43805 1.3918 1.53715
2.26755 1.14631 1.77476
0.593095 1.18618 2.44145
2.58413 1.20793 0.792067
0.280878 0.56175 4.31475
0.175418 0.350832 4.94751
0.0822305 0.164458 5.50663
0.737248 1.4745 1.57652
1.82307 1.3386 1.39572
1.81171 1.59415 0.405854
2.14465 1.10461 2.27357
0.511018 1.02203 2.93392
0.495624 0.99124 3.02628
0.245362 0.49072 4.52785
0.650399 1.30079 2.09763
0.927538 1.85508 0.434775
0.352552 0.705099 3.88471
0.2336 0.467195 4.59842
2.05998 1.47001 0.529991
1.4516 1.7742 0.225802
0.960805 1.92162 0.23517
2.44131 1.061 2.04303
1.30331 1.70126 0.58999
0.292793 0.585582 4.24326
2.17408 1.28977 1.14077
2.29801e-06 2.29803e-06 6
0.576024 1.15204 2.54388
0.55913 1.11825 2.64525
2.31689 1.34155 0.658445
0.448004 0.896002 3.312
0.690901 1.38179 1.85462
1.44872 1.60881 0.754953
0.316665 0.633324 4.10003
2.72367 1.13817 0.861833
1.22603 1.88698 0.113016
0.526429 1.05285 2.84145
2.5925 1.09249 1.45576
2.18505 1.40747 0.592527
0.376477 0.752948 3.74116
1.33336 1.54774 1.05755
0.187053 0.374103 4.8777
0.897286 1.79458 0.616286
0.471847 0.943687 3.16894
0.0352928 0.0705831 5.78826
0.364523 0.72904 3.81288
0.0235231 0.0470436 5.85888
0.340563 0.68112 3.95664
1.93273 1.53364 0.466363
0.210277 0.420549 4.73836
1.94164 1.39126 1.01963
1.56764 1.71618 0.283819
0.221922 0.443839 4.66849
0.117325 0.234646 5.29607
0.140643 0.281282 5.15616
0.105635 0.211267 5.36621
0.400445 0.800884 3.59735
2.56158 1.00008 2.31432
1.33969 1.83016 0.169844
0.304726 0.609447 4.17166
2.05626 1.23903 1.57585
0.0117364 0.0234705 5.9296
1 2 2.29724e-06
0.761146 1.5223 1.43313
0.129012 0.25802 5.22595
2.9997 1.00015 0.999858
0.0939347 0.187866 5.43641
1.11096 1.94452 0.0554791
