0.964474 2.07105
0.457725 3.08455
1.93514 0.129723
0.983948 2.0321
1.78545 0.429102
0.633868 2.73226
1.97846 0.0430752
1.39712 1.20575
0.769595 2.46081
1.74342 0.513152
0.47748 3.04504
1.6397 0.720603
0.614493 2.77101
1.02291 1.95418
0.925504 2.14899
0.575588 2.84882
1.68085 0.638298
0.944988 2.11002
0.828023 2.34395
1.25795 1.48411
1.19883 1.60234
1.57837 0.843261
0.0431488 3.9137
1.35722 1.28556
1.27771 1.44459
1.47728 1.04545
1.76441 0.471174
1.10095 1.7981
1.33731 1.32537
1.14002 1.71996
0.789069 2.42186
1.49739 1.00522
1.04239 1.91521
0.556075 2.88785
1.00342 1.99315
0.255461 3.48908
1.31745 1.36511
0.150163 3.69967
0.691991 2.61602
1.91356 0.172875
0.337345 3.32531
0.672601 2.6548
1.12047 1.75906
0.84751 2.30498
1.72253 0.554945
1.06189 1.87623
0.730757 2.53849
0.0646232 3.87075
1.61922 0.761567
1.82782 0.344366
0.59507 2.80986
0.357657 3.28469
1.66023 0.679548
0.867011 2.26598
1.5989 0.802191
0.397916 3.20417
0.0215791 3.95684
1.53785 0.9243
1.37713 1.24574
1.41709 1.16582
0.536498 2.927
1.8921 0.215804
0.653237 2.69353
2 7.80927e-09
0.711381 2.57724
0.497187 3.00563
1.87057 0.258853
1.55811 0.883775
1.84911 0.301786
1.23823 1.52355
1.45716 1.08568
0.21372 3.57256
1.15961 1.68077
1.29753 1.40493
0.171365 3.65727
0.808549 2.3829
0.417917 3.16417
1.95681 0.0863871
0.437869 3.12426
0.234563 3.53087
1.70156 0.596877
0.377808 3.24438
0.0860821 3.82784
0.516886 2.96623
0.75018 2.49964
0.886519 2.22696
1.51752 0.96495
0.128967 3.74207
0.296553 3.40689
2.86083e-07 4
1.08142 1.83717
0.317048 3.3659
1.21854 1.56292
1.43711 1.12578
1.17923 1.64154
0.906012 2.18798
0.192617 3.61477
0.107553 3.78489
1.80663 0.386734
0.275994 3.44801
