0.13128 3.73749
0.21699 3.56607
0.582384 2.83528
0.972621 2.05481
1.48011 1.03982
1.2762 1.44765
0.992466 2.01512
0.300712 3.39862
0.893542 2.21297
0.621315 2.75742
1.58042 0.839215
1.93903 0.121984
1.62009 0.759873
1.54045 0.919158
1.21462 1.57081
0.342142 3.31577
1.85838 0.283297
0.873776 2.2525
1.97966 0.0407355
1.15347 1.69311
2.00002 1.63139e-05
0.73751 2.52503
1.07247 1.85512
1.63195e-05 4.00002
0.0220758 3.9559
0.423849 3.15235
0.698773 2.6025
1.25567 1.48872
0.756857 2.48633
0.321483 3.35708
1.52041 0.959233
1.67946 0.64113
0.443982 3.11209
0.362916 3.27422
0.403734 3.19258
1.71893 0.562184
0.463943 3.07216
1.79833 0.403399
0.932975 2.1341
0.543159 2.91373
0.679416 2.64122
1.41928 1.16149
0.38335 3.23335
0.503651 2.99275
1.1942 1.61164
0.854217 2.29162
0.834654 2.33074
1.05237 1.89531
0.279855 3.44034
1.89857 0.202906
1.56045 0.879143
0.195758 3.60853
0.523393 2.95326
1.09264 1.81477
1.63996 0.720129
0.562754 2.87454
1.7784 0.443258
1.11286 1.77434
0.483813 3.03242
0.795676 2.4087
1.3786 1.24286
1.17377 1.6525
1.60031 0.799419
1.13315 1.73375
1.69919 0.601679
1.3377 1.32464
1.45987 1.08031
1.87846 0.24312
0.601892 2.79626
1.50024 0.999562
1.75854 0.482976
0.718126 2.5638
1.83831 0.323433
1.39895 1.20215
1.65972 0.680601
1.35817 1.28372
1.31724 1.36557
0.0878485 3.82435
1.81832 0.363404
1.91877 0.162508
1.03236 1.93533
0.640703 2.71864
1.95933 0.0813912
1.43956 1.12094
0.044072 3.9119
0.109565 3.78092
0.17423 3.65159
1.01238 1.97529
0.0660223 3.868
0.237996 3.52406
1.29673 1.40658
0.952813 2.09442
0.776261 2.44753
1.73867 0.522706
0.913315 2.17342
0.258924 3.4822
0.815139 2.36977
0.660069 2.67991
0.152845 3.69436
1.23514 1.52977
