1.78079 0.43845
0.179388 3.64126
0.218832 3.56237
1.34615 1.30774
0.453415 3.0932
1.57027 0.859488
1.26524 1.46955
1.61164 0.776751
1.54974 0.900554
0.6472 2.70564
1.82395 0.352144
1.63242 0.735202
0.922458 2.15512
1.65342 0.693202
0.080028 3.83998
0.099983 3.80007
0.823152 2.35373
0.511608 2.97682
1.15212e-05 4.00001
1.12362 1.7528
0.962412 2.07521
0.764153 2.47173
0.589073 2.82189
1.67429 0.651452
0.159616 3.6808
0.277818 3.4444
1.18432 1.6314
1.48816 1.02372
0.982463 2.03511
1.69537 0.609304
1.42711 1.14581
1.93334 0.133348
0.550343 2.89935
0.686079 2.62788
1.8675 0.265027
1.46771 1.06461
0.297417 3.4052
1.22479 1.55045
0.433978 3.13208
1.02265 1.95474
0.842924 2.31419
0.725057 2.54992
0.942385 2.11526
0.492235 3.01556
1.00254 1.99496
1.24502 1.51
1.52914 0.941756
0.258156 3.48372
1.75936 0.481324
1.1034 1.79323
0.395026 3.20998
1.88936 0.221318
0.472825 3.05438
1.73797 0.524101
0.119876 3.76028
0.0400667 3.9199
0.316984 3.36607
1.5086 0.982833
1.84571 0.308621
0.530977 2.93808
0.666636 2.66676
1.16409 1.67185
0.569713 2.86061
0.0600457 3.87994
1.30568 1.38868
1.28546 1.42911
1.3866 1.22684
1.71662 0.566798
0.139777 3.72048
0.356042 3.28795
1.91134 0.177356
0.627796 2.74444
1.80227 0.395485
0.783775 2.43249
0.414496 3.17104
0.0200414 3.95995
0.705548 2.58894
1.36636 1.26731
1.08319 1.83365
0.375542 3.24895
0.238521 3.52299
0.90251 2.19502
0.744619 2.5108
1.063 1.87403
1.40683 1.18637
1.95543 0.0891673
0.19912 3.60179
2.00001 1.1502e-05
1.44739 1.10525
1.59098 0.81808
0.862748 2.27454
1.32593 1.34818
0.336519 3.327
1.20456 1.59092
1.97773 0.0445788
0.803436 2.39316
0.882627 2.23478
1.04282 1.91439
0.608431 2.78317
1.14385 1.71233
