0.690244 1.38049 1.85854
0.756107 1.51221 1.46336
1.43843 1.396 1.52065
0.0787561 0.157512 5.52746
0.461011 0.922023 3.23393
0.425516 0.851033 3.4469
0.38995 0.7799 3.6603
1.32567 1.57658 0.967761
0.354237 0.708474 3.87458
0.778256 1.55651 1.33046
0.877601 1.7552 0.734392
0.4018 0.8036 3.5892
0.366171 0.732342 3.80297
0.449127 0.898253 3.30524
1.74064 1.62968 0.370318
0.511917 1.02383 2.9285
0.577428 1.15486 2.53543
0.631693 1.26339 2.20984
1.60885 1.69557 0.304425
0.342339 0.684679 3.94596
1.80699 1.3485 1.37062
0.0225252 0.0450505 5.86485
1.48278 1.75861 0.241392
0.318552 0.637104 4.08869
0.496384 0.992769 3.02169
1.88468 1.19961 2.01152
0.903543 1.80709 0.578741
2.7077 1.14615 0.853855
0.0899818 0.179964 5.46011
1.49109 1.46957 1.20177
2.13886 1.43057 0.569428
0.30675 0.6135 4.1595
0.112455 0.22491 5.32527
2.26178 1.15036 1.75919
0.613078 1.22616 2.32153
1.36009 1.81996 0.180043
0.27151 0.543021 4.37094
2.14268 1.10646 2.26278
2.14806 1.30216 1.12229
0.0450851 0.0901703 5.72949
0.651047 1.30209 2.09372
2.00611 1.49694 0.503056
1.66309 1.29053 1.77767
0.852273 1.70455 0.886361
0.23674 0.47348 4.57956
2.55524 1.00027 2.33124
1.37255 1.66084 0.655545
0.213839 0.427679 4.71696
1.1169 1.94155 0.0584508
0.22528 0.45056 4.64832
0.294953 0.589906 4.23028
1.87017 1.56492 0.435085
0.25989 0.51978 4.44066
0.283178 0.566355 4.30093
0.168615 0.337229 4.98831
0.101235 0.202469 5.39259
0.437311 0.874623 3.37613
2.99856 1.00071 0.999361
0.413632 0.827264 3.51821
0.0563448 0.11269 5.66193
0.0675436 0.135087 5.59474
2.44387 1.06239 2.02563
1 2 2.18385e-16
2.04743 1.24543 1.55502
2.58511 1.09688 1.44349
0.134936 0.269872 5.19038
0.157365 0.31473 5.05581
2.2791 1.36045 0.639553
0.56051 1.12102 2.63694
0.931141 1.86228 0.413156
2.77901 1.00037 1.65981
0.179879 0.359759 4.92072
3.09886e-16 4.20909e-16 6
0.123707 0.247414 5.25776
2.38197 1.19427 1.27559
0.202502 0.405003 4.78499
0.802426 1.60485 1.18544
1.90285 1.40967 0.993294
0.0338318 0.0676637 5.79701
0.670562 1.34112 1.97663
0.543569 1.08714 2.73859
0.330427 0.660854 4.01744
2.56067 1.21966 0.780336
1.66866 1.52445 0.826043
0.484546 0.969093 3.09272
0.594497 1.18899 2.43302
2.85699 1.0715 0.928499
0.711891 1.42378 1.72865
0.146152 0.292305 5.12309
0.527452 1.0549 2.83529
2.42299 1.2885 0.711497
0.827108 1.65422 1.03735
0.0112597 0.0225194 5.93244
1.2381 1.88095 0.119051
0.248271 0.496543 4.51037
0.733824 1.46765 1.59706
0.962524 1.92505 0.224854
0.378061 0.756122 3.73163
0.472812 0.945624 3.16313
0.191182 0.382363 4.85291
