1.71971 0.560769
0.703022 2.59415
0.334997 3.3302
0.904548 2.19109
0.106204 3.78778
1.2823 1.43559
0.600951 2.79829
1.20259 1.59501
1.81958 0.36103
0.252462 3.49527
1.10328 1.79363
0.416911 3.16637
0.127273 3.74565
0.844437 2.31132
0.884526 2.23114
0.231679 3.53683
1.67984 0.640517
0.864458 2.27127
1.50113 0.997928
1.06368 1.87282
1.95986 0.0804712
1.18268 1.63483
1.04389 1.91242
1.14298 1.71423
1.8797 0.240787
1.89975 0.200691
1.44149 1.11721
0.211029 3.57813
1.48125 1.03769
6.35697e-05 4.00006
1.38186 1.23647
1.83962 0.320949
1.85967 0.28086
0.964437 2.07132
1.56067 0.878843
1.36192 1.27636
0.984311 2.03157
0.662213 2.67576
1.34205 1.3161
1.46137 1.07744
0.437339 3.12551
1.79958 0.401031
0.478234 3.04372
1.93983 0.120531
0.6826 2.63499
1.62023 0.759725
1.02407 1.95205
1.54084 0.918506
1.60042 0.799353
1.12313 1.75393
0.148361 3.70347
1.7796 0.440991
0.190154 3.61988
0.743642 2.51291
1.22252 1.55516
0.924508 2.15117
0.293777 3.41264
0.763852 2.47249
1.42164 1.15692
0.314386 3.37142
0.273155 3.45388
0.51915 2.96189
1.73966 0.520874
0.784096 2.432
0.0851335 3.82992
0.457781 3.08463
1.16281 1.67457
1.08349 1.8332
0.804257 2.39168
0.498703 3.00279
0.621383 2.75742
2.00006 6.36226e-05
1.26237 1.47545
0.560057 2.88008
0.723329 2.55353
0.169315 3.66156
1.75963 0.480938
1.30223 1.39573
0.0213796 3.95743
0.641809 2.71657
1.0042 1.9918
1.32214 1.35592
1.52099 0.958202
1.65999 0.680214
1.91978 0.160636
1.58056 0.839062
0.063946 3.8723
0.539615 2.92096
0.376012 3.24817
0.944447 2.1113
0.0426609 3.91487
0.58051 2.83917
1.64014 0.719909
0.355509 3.28917
1.97997 0.0402583
1.24244 1.51532
0.824381 2.35143
1.69978 0.60064
1.40176 1.19666
0.396479 3.20723
