1.37404 1.25193
1.93496 0.130077
1.43427 1.13146
1.59693 0.806133
1.19616 1.60769
0.239533 3.52093
1.04157 1.91685
1.87028 0.259447
1.72187 0.556269
0.344209 3.31158
0.662661 2.67468
0.643351 2.7133
0.302633 3.39473
0.927604 2.14479
1.25498 1.49004
1.61763 0.764734
1.11857 1.76286
1.57635 0.847304
0.260615 3.47877
0.0222353 3.95553
0.604642 2.79072
0.984415 2.03117
1.80635 0.387291
0.88992 2.22016
0.77702 2.44596
1.51522 0.969553
0.28169 3.43662
0.52591 2.94818
0.0663825 3.86723
1.0034 1.9932
0.0882942 3.82341
1.15732 1.68536
8.84076e-09 4
0.681816 2.63637
0.965448 2.0691
1.47467 1.05066
1.89175 0.216492
0.565565 2.86887
0.385163 3.22967
0.814671 2.37066
1.41411 1.17178
0.110145 3.77971
1.06079 1.87842
1.76406 0.471882
1.31437 1.37127
1.53548 0.929048
0.506125 2.98775
1.65912 0.681759
1.49491 1.01018
0.218253 3.56349
1.35412 1.29176
1.97833 0.0433388
1.23538 1.52925
0.623981 2.75204
1.84894 0.30211
1.07996 1.84008
0.044351 3.9113
0.758102 2.4838
0.852304 2.29539
1.21572 1.56855
0.545716 2.90857
0.700996 2.59801
0.364776 3.27045
1.13788 1.72425
0.739106 2.52179
0.585134 2.82973
1.74293 0.514138
0.486219 3.02756
1.45444 1.09113
1.78517 0.429665
1.95664 0.0867163
0.196774 3.60645
1.39405 1.21191
1.91332 0.173352
0.425975 3.14805
0.720112 2.55978
1.17673 1.64654
0.946536 2.10693
0.466281 3.06744
1.70096 0.598086
1.63827 0.723467
1.82756 0.344882
1.3342 1.33161
0.908732 2.18254
0.446227 3.10755
1.55593 0.888135
1.29454 1.41093
1.68001 0.639982
0.833502 2.333
0.323477 3.35305
0.405578 3.18884
2 1.66542e-10
1.02242 1.95516
1.09926 1.80148
0.175233 3.64953
0.87111 2.25778
1.27473 1.45055
0.131916 3.73617
0.153744 3.69251
0.795875 2.40825
