0.481204 0.962408 3.11278
2.20723 1.26791 1.19487
0.057505 0.11501 5.65497
1.48666 1.3679 1.59429
0.32018 0.640361 4.07892
0.0691199 0.13824 5.58528
0.697206 1.39441 1.81677
0.945125 1.89025 0.329252
0.295825 0.59165 4.22505
0.332415 0.66483 4.00551
0.139635 0.27927 5.16219
1.7175 1.49734 0.871901
2.78742 1.01942 1.48025
1.68942 1.65529 0.34471
0.8252 1.6504 1.0488
0.394217 0.788434 3.6347
0.717766 1.43553 1.69341
0.555071 1.11014 2.66958
0.283673 0.567346 4.29796
2.17772 1.41114 0.588858
0.493659 0.987318 3.03805
1.72176 1.26307 1.85217
0.369399 0.738798 3.78361
0.456347 0.912694 3.26192
1.863 1.32037 1.43078
2.99857 1.00043 1.00135
0.571184 1.14237 2.5729
0.307986 0.615972 4.15208
0.780731 1.56146 1.31561
0.19936 0.398719 4.80384
0.406617 0.813234 3.5603
0.871316 1.74263 0.772106
0.658493 1.31699 2.04904
0.640227 1.28045 2.15864
0.127768 0.255536 5.23339
0.271568 0.543137 4.37059
1.46384 1.76808 0.231922
0.539578 1.07916 2.76253
2.71341 1.14329 0.856707
0.676899 1.3538 1.9386
0.759106 1.51821 1.44536
0.802763 1.60553 1.18342
1.35398 1.82301 0.176991
0.431473 0.862947 3.41116
2.05529 1.47236 0.527643
0.235397 0.470795 4.58762
2.55258 1.08432 1.60631
0.344711 0.689422 3.93173
0.0343922 0.0687844 5.79365
1.80891 1.59554 0.404457
0.468789 0.937577 3.18727
1.57435 1.71282 0.287176
0.443956 0.887911 3.33627
2.26776 1.11902 1.95682
0.419024 0.838048 3.48586
1.37308 1.54638 1.03049
0.223388 0.446775 4.65967
0.895036 1.79007 0.629785
1.53295 1.44206 1.26737
0.919483 1.83897 0.483102
0.50875 1.0175 2.9475
1.2412 1.8794 0.120599
1.40616 1.63443 0.710042
2.85176 1.07412 0.92588
2.09096 1.21484 1.65554
0.0228875 0.045775 5.86268
0.187373 0.374746 4.87576
0.0924402 0.18488 5.44536
0.163446 0.326892 5.01932
0.0114253 0.0228506 5.93145
0.247437 0.494874 4.51538
2.30645 1.34677 0.653227
0.259485 0.51897 4.44309
2.41194 1.17095 1.35109
1.92928 1.53536 0.464641
1.95215 1.38255 1.0427
1 2 3.168e-16
0.738554 1.47711 1.56868
2.57185 1.21407 0.785927
2.64317 1.00028 2.06778
2.43549 1.28226 0.717745
0.848077 1.69615 0.91154
0.622104 1.24421 2.26738
1.95802 1.16406 2.13286
0.175395 0.350791 4.94763
0.211358 0.422716 4.73185
0.0807677 0.161535 5.51539
0.115965 0.23193 5.30421
0.0459319 0.0918637 5.72441
0.605013 1.21003 2.36992
0.58804 1.17608 2.47176
2.39724 1.04145 2.31946
0.381803 0.763605 3.70918
0.524172 1.04834 2.85497
1.12387 1.93807 0.0619335
5.43928e-16 9.32506e-16 6
0.97201 1.94402 0.16794
0.104189 0.208378 5.37486
0.357032 0.714063 3.85781
0.151521 0.303041 5.09088
