0.618827 1.23765 2.28704
0.304751 0.609502 4.17149
0.0342542 0.0685084 5.79447
0.165462 0.330923 5.00723
2.0647 1.13334 2.18935
0.279169 0.558337 4.32499
1.12813 1.93593 0.0640662
0.291981 0.583962 4.24811
1.25002 1.87499 0.125012
1.48267 1.58785 0.793272
2.25172 1.37414 0.625859
0.703645 1.40729 1.77813
0.0809478 0.161896 5.51431
0.580711 1.16142 2.51574
0.470277 0.940555 3.17834
0.0227331 0.0454662 5.8636
1.81635 1.34361 1.38133
1.36834 1.81583 0.18417
0.68096 1.36192 1.91424
1.73069 1.63465 0.365347
2.02093 1.25294 1.55342
0.240745 0.48149 4.55553
0.659679 1.31936 2.04193
0.190302 0.380603 4.85819
0.457583 0.915167 3.2545
2.22137 1.16904 1.71351
0.0113544 0.0227087 5.93187
2.36689 1.20624 1.2377
0.343092 0.686185 3.94145
0.432227 0.864454 3.40664
2.11596 1.44202 0.557978
0.545577 1.09115 2.72654
1.83418 1.21349 1.99113
0.215376 0.430752 4.70774
0.177837 0.355674 4.93298
0.253545 0.507089 4.47873
2.38561 1.3072 0.692805
0.749934 1.49987 1.5004
0.355879 0.711758 3.86473
0.104733 0.209466 5.3716
0.0458095 0.0916191 5.72514
0.528719 1.05744 2.82769
1.94507 1.39395 1.00365
1.48497 1.75752 0.242483
2.54594 1.12214 1.36786
1 2 5.62269e-15
0.511899 1.0238 2.92861
1.85724 1.57138 0.428622
0.317615 0.63523 4.09431
0.87057 1.74114 0.77658
0.638692 1.27738 2.16785
0.419531 0.839063 3.48281
1.60523 1.69738 0.302617
2.83163 1.08418 0.915816
1.62581 1.29715 1.78058
2.40665 1.08756 1.90997
1.98346 1.50827 0.491731
0.140952 0.281904 5.15429
1.32916 1.67359 0.653542
1.43119 1.38617 1.56395
0.406907 0.813813 3.55856
2.32232 1.0493 2.41247
2.66545 1.04286 1.63335
0.394147 0.788293 3.63512
6.08793e-16 9.4186e-16 6
0.330409 0.660818 4.01755
0.945183 1.89037 0.328904
0.773566 1.54713 1.3586
0.822107 1.64421 1.06736
0.381388 0.762775 3.71167
0.128794 0.257588 5.22724
0.0691165 0.138233 5.5853
0.972053 1.94411 0.167684
2.52844 1.23578 0.76422
0.26636 0.532719 4.40184
2.99968 1.00008 1.00037
0.444838 0.889677 3.33097
0.846094 1.69219 0.923437
2.16528 1.29434 1.13267
1.52968 1.44408 1.26264
0.919679 1.83936 0.481927
0.202853 0.405707 4.78288
0.153127 0.306255 5.08124
0.562415 1.12483 2.62551
1.34399 1.53002 1.10912
2.58652 1.00005 2.23987
0.89568 1.79136 0.625918
1.74146 1.48644 0.885688
0.599147 1.19829 2.40512
0.116763 0.233527 5.29942
0.482924 0.965848 3.10246
0.797485 1.59497 1.21509
0.0928212 0.185642 5.44307
0.726635 1.45327 1.64019
0.368659 0.737318 3.78805
2.67866 1.16067 0.839328
2.84424 1.00007 1.46674
0.495552 0.991104 3.02669
0.228035 0.456069 4.63179
0.0573988 0.114798 5.65561
