1.87578 0.248434
0.0210329 3.95793
1.56567 0.868663
1.85505 0.289899
0.958058 2.08388
0.0629324 3.87414
0.757915 2.48417
1.28209 1.43581
1.2619 1.47621
0.718312 2.56338
1.60665 0.786695
1.22144 1.55711
1.38301 1.23398
0.897612 2.20478
1.68908 0.621834
1.14033 1.71934
0.600738 2.79852
0.503793 2.99241
1.58611 0.827781
1.62719 0.745623
1.73047 0.539069
1.01871 1.96258
0.327956 3.34409
0.187044 3.62591
1.52489 0.950223
0.679009 2.64198
0.620249 2.7595
1.79277 0.414467
0.817565 2.36487
1.16061 1.67878
1.03891 1.92217
1.4437 1.11259
0.69864 2.60272
0.978258 2.04348
1.81353 0.372942
0.56188 2.87624
1.0592 1.88161
0.937883 2.12423
1.91722 0.165555
0.268173 3.46365
1.66838 0.663242
0.837482 2.32504
1.50455 0.990903
1.36282 1.27437
1.40322 1.19356
1.54527 0.909461
0.387152 3.2257
1.97931 0.0413804
0.465095 3.06981
1.70977 0.580458
1.09976 1.80048
9.64537e-10 4
0.145925 3.70815
1.20118 1.59764
0.91772 2.16456
0.542508 2.91498
0.28816 3.42368
0.247951 3.5041
1.95862 0.0827559
1.48427 1.03146
0.738088 2.52382
1.34261 1.31478
0.308066 3.38387
0.227758 3.54448
0.166596 3.66681
1.75121 0.497586
0.367529 3.26494
0.639795 2.72041
1.89652 0.206965
1.64773 0.704548
1.77199 0.456025
0.426328 3.14734
0.207488 3.58502
0.857465 2.28507
0.581282 2.83744
0.406783 3.18643
0.347715 3.30457
0.777749 2.4445
1.42342 1.15316
0.523126 2.95375
1.1809 1.6382
1.46396 1.07207
0.659376 2.68125
1.32244 1.35511
1.93793 0.124137
0.445693 3.10861
1.30228 1.39545
0.484451 3.0311
0.125232 3.74954
0.104524 3.79095
1.24167 1.51666
2 2.39052e-09
1.07946 1.84107
1.83429 0.33142
0.797637 2.40473
0.877543 2.24491
1.12004 1.75993
0.0838309 3.83234
0.0420345 3.91593
0.9985 2.003
