0.413258 0.826517 3.52045
1.76253 1.61873 0.381265
0.742505 1.48501 1.54497
0.0245707 0.0491415 5.85258
0.512444 1.02489 2.92533
0.293022 0.586043 4.24187
0.280948 0.561895 4.31431
0.842155 1.68431 0.947071
2.35466 1.32267 0.677331
0.48482 0.96964 3.09108
0.562574 1.12515 2.62456
1.54 1.73 0.269998
0.171682 0.343364 4.96991
0.7197 1.4394 1.6818
0.353209 0.706419 3.88074
0.220339 0.440678 4.67797
2.55902 1.08562 1.58205
0.110631 0.221262 5.33621
2.47924 1.26038 0.739621
0.437211 0.874423 3.37673
0.183833 0.367667 4.897
0.0861388 0.172278 5.48317
0.79018 1.58036 1.25892
0.654857 1.30971 2.07086
2.23624 1.38188 0.618119
0.0368507 0.0737013 5.7789
2.0717 1.23109 1.59566
2.72739 1.1363 0.863696
0.425275 0.850551 3.44835
1.67538 1.28003 1.81498
0.0615084 0.123017 5.63095
0.268859 0.537718 4.38684
1.65253 1.67374 0.326265
0.472919 0.945838 3.16248
2.99859 1.00071 0.9993
0.697321 1.39464 1.81607
1.43148 1.78426 0.215739
1.93615 1.38993 1.03255
0.305081 0.610161 4.16952
0.871584 1.74317 0.770498
0.147362 0.294725 5.11583
1.50956 1.44433 1.27942
1.34004 1.54481 1.06217
1.21652 1.89174 0.108258
2.85815 1.07092 0.929077
0.815878 1.63176 1.10473
0.598064 1.19613 2.41162
1.10636 1.94682 0.0531816
0.0738238 0.147648 5.55706
2.6747e-15 2.78572e-15 6
2.28619 1.13585 1.8089
1 2 1.4635e-14
1.32539 1.8373 0.162696
0.341229 0.682458 3.95262
0.0984102 0.19682 5.40954
1.72771 1.48738 0.897834
0.36527 0.73054 3.80838
0.580036 1.16007 2.51978
2.406 1.17797 1.32191
1.46326 1.60001 0.770689
0.195969 0.391937 4.82419
0.616297 1.23259 2.30222
2.11329 1.44335 0.556647
0.930782 1.86156 0.415308
0.0122787 0.0245574 5.92633
0.232538 0.465077 4.60477
0.46101 0.92202 3.23394
1.99235 1.50382 0.496177
1.91364 1.18735 2.04765
2.65409 1.00047 2.03313
1.28507 1.69772 0.616428
0.244693 0.489386 4.53184
0.449113 0.898226 3.30532
0.496771 0.993541 3.01938
0.401271 0.802543 3.59237
0.765116 1.53023 1.4093
1.87692 1.56154 0.438458
0.0491863 0.0983727 5.70488
0.901877 1.80375 0.588736
0.20815 0.416301 4.7511
0.122889 0.245778 5.26267
0.389294 0.778589 3.66423
0.634659 1.26932 2.19205
0.377279 0.754558 3.73633
0.159534 0.319067 5.0428
2.79384 1.01835 1.47026
1.83608 1.33123 1.41351
0.545217 1.09043 2.7287
2.15525 1.10692 2.23903
1.45701 1.37407 1.59222
0.256825 0.51365 4.45905
0.1351 0.2702 5.1894
0.528809 1.05762 2.82715
2.408 1.03921 2.31571
0.962656 1.92531 0.224061
2.5998 1.2001 0.799903
0.317161 0.634322 4.09703
2.18345 1.28328 1.1574
0.329219 0.658437 4.02469
0.675278 1.35056 1.94833
