1.3213 1.3574
0.71126 2.57748
0.236406 3.52719
0.56783 2.86434
1.11004 1.77992
0.444628 3.11074
1.6499 0.70019
1.97891 0.042176
1.43545 1.12909
1.77072 0.458553
1.57094 0.858118
1.9368 0.126395
0.731575 2.53685
2 6.48991e-08
0.832778 2.33444
1.68984 0.62032
1.79132 0.417352
0.0217665 3.95647
0.172544 3.65491
1.41638 1.16723
1.37828 1.24344
0.257563 3.48487
1.81191 0.376175
0.0651097 3.86978
0.852881 2.29424
0.6089 2.7822
0.972498 2.055
1.49326 1.01349
0.362084 3.27583
1.59055 0.818901
1.01212 1.97576
1.07102 1.85797
0.0434548 3.91309
1.51253 0.974941
1.05147 1.89706
0.341296 3.31741
0.751853 2.49629
1.26418 1.47164
0.952653 2.09469
0.526775 2.94645
1.30231 1.39538
1.34029 1.31943
0.690817 2.61837
0.215174 3.56965
1.35928 1.28144
1.2259 1.5482
0.382777 3.23445
1.28327 1.43345
0.129814 3.74037
1.12946 1.74108
1.39731 1.20537
0.424054 3.15189
0.0867209 3.82656
0.912902 2.1742
0.547298 2.9054
0.506224 2.98755
0.278558 3.44288
0.872899 2.2542
1.09058 1.81883
1.62998 0.740031
1.73011 0.53979
1.0318 1.93641
0.108291 3.78342
1.83255 0.334909
1.61028 0.779439
0.932776 2.13445
0.19388 3.61224
1.91579 0.16842
0.320448 3.3591
1.75041 0.499171
1.47391 1.05218
1.66985 0.660294
1.16815 1.6637
0.58837 2.82326
1.14882 1.70237
0.99229 2.01542
0.772159 2.45568
0.670384 2.65923
1.24503 1.50994
1.70986 0.580279
0.892912 2.21418
1.89481 0.210374
1.20668 1.58665
0.629427 2.74115
0.485679 3.02864
1.45463 1.09074
1.55136 0.897276
1.87404 0.251914
1.95791 0.0841895
1.18748 1.62505
0.649917 2.70017
0.465151 3.0697
1.8533 0.293399
0.403484 3.19303
1.53189 0.93622
0.299535 3.40093
0.812634 2.37473
3.88031e-08 4
0.151209 3.69758
0.792426 2.41515
