2.00217 0.00217407
1.40473 1.19065
1.81637 0.367386
0.949528 2.10107
0.714583 2.57095
0.75388 2.49234
0.655506 2.68913
1.48505 1.03002
0.497843 3.00444
0.537528 2.92507
1.08649 1.82714
0.334442 3.33122
1.36395 1.27223
1.85832 0.283511
1.30324 1.39366
1.56685 0.86642
0.675178 2.64977
1.79556 0.409018
1.83735 0.325451
1.58715 0.825823
0.00136956 4.00137
1.28358 1.43296
1.00822 1.98368
1.34352 1.31309
0.47775 3.04462
0.77348 2.45316
0.396494 3.20711
1.22405 1.55201
1.52585 0.948419
1.047 1.90612
0.969256 2.06161
1.69037 0.619392
1.96162 0.0769147
1.02759 1.9449
0.437171 3.12578
1.18475 1.63063
0.0817063 3.83672
1.94119 0.117759
0.207045 3.58602
0.355245 3.28965
0.557174 2.88578
0.249405 3.50129
1.62798 0.744161
1.32336 1.35341
0.890569 2.21899
0.576915 2.84629
1.24401 1.51208
0.186104 3.6279
0.929935 2.14024
1.7321 0.535917
0.416953 3.16621
0.270653 3.45882
1.54631 0.907514
0.313451 3.3732
1.46466 1.07081
1.98197 0.0362406
0.376015 3.24807
1.20453 1.59105
0.793134 2.41383
0.832132 2.33585
0.0201001 3.96002
0.616282 2.76756
0.694945 2.61023
1.3841 1.23195
0.871024 2.25808
0.123233 3.75367
1.12584 1.74844
0.228276 3.54355
1.77436 0.451413
1.64852 0.70308
1.50547 0.989185
0.596663 2.8068
0.0614114 3.87736
1.42467 1.15077
1.92066 0.158842
1.14562 1.70888
1.44467 1.11077
0.1024 3.79531
1.75307 0.493985
0.457529 3.08506
0.734137 2.53185
1.10613 1.78785
0.910235 2.17964
1.06672 1.86668
1.16533 1.66947
0.292032 3.41603
0.144261 3.71161
1.26376 1.47261
0.0407824 3.91862
1.7112 0.577727
1.87935 0.24146
0.812737 2.37464
1.60749 0.785144
0.517842 2.96444
1.6696 0.660925
0.988755 2.02258
0.16517 3.66979
0.635854 2.72843
0.851459 2.29719
1.90011 0.199931
