1.44504 1.77748 0.222522
1.68076 1.65962 0.340378
0.672907 1.34578 1.96265
0.0629419 0.125873 5.62241
2.72069 1.13965 0.860347
0.200014 0.400014 4.79998
0.467917 0.93581 3.19258
0.634528 1.26903 2.19292
0.692377 1.38472 1.84583
0.0251631 0.0503169 5.84908
2.4351 1.06183 2.05035
0.758563 1.51714 1.44865
2.86322 1.06839 0.931612
1.65407 1.29039 1.78643
0.358425 0.716829 3.84953
1.56021 1.71989 0.280107
0.61644 1.23285 2.30145
0.406994 0.813965 3.55812
0.881706 1.76343 0.70978
0.382689 0.765357 3.70394
0.53568 1.07133 2.78601
2.44884 1.27558 0.724419
0.261399 0.52278 4.43168
2.58985 1.09342 1.4557
0.0755249 0.151039 5.54691
2.12461 1.11155 2.25365
2.17215 1.29046 1.14052
2.0529 1.2411 1.56981
0.782414 1.56485 1.30554
1.43727 1.39251 1.53497
0.0881278 0.176244 5.4713
0.212386 0.424756 4.72575
0.907875 1.81577 0.552766
1.22017 1.88992 0.110084
0.964678 1.92938 0.21194
0.0378046 0.0755993 5.77323
0.334213 0.668405 3.9948
1.00002 1.99999 8.55019e-06
0.506716 1.01341 2.95979
1.33839 1.53966 1.08082
0.856186 1.71239 0.8629
2.05303 1.47349 0.526514
0.582353 1.16468 2.50597
0.0125581 0.0251072 5.92471
1.108 1.946 0.0540026
0.370558 0.741096 3.77673
0.714098 1.42821 1.71544
0.831176 1.66237 1.01296
1.53275 1.44887 1.24185
0.285792 0.571566 4.28532
0.806631 1.61326 1.16027
0.9347 1.86942 0.391814
1.79957 1.60022 0.399784
0.224641 0.449265 4.65223
0.175317 0.350619 4.94817
0.566275 1.13252 2.60244
1.31522 1.68835 0.6196
1.87611 1.20178 2.00919
2.31228 1.34386 0.656143
0.150498 0.300983 5.09708
0.187698 0.375381 4.87388
1.47417 1.59396 0.780704
0.736187 1.47239 1.5829
0.322122 0.644224 4.06735
0.419148 0.838273 3.48519
1.33277 1.83361 0.166387
0.273605 0.547192 4.35844
0.346315 0.69261 3.92219
1.92389 1.53805 0.461946
0.65362 1.30721 2.07837
0.138083 0.276152 5.17157
0.480109 0.960194 3.11943
8.55068e-06 8.55088e-06 6.00001
0.113184 0.226356 5.32096
0.521098 1.04217 2.8735
0.162944 0.325874 5.0224
0.310007 0.619994 4.14004
0.125685 0.251358 5.24595
0.236993 0.473969 4.57811
2.26356 1.14837 1.76871
0.10063 0.201247 5.39629
2.39376 1.18803 1.28813
0.443505 0.886987 3.33905
1.94678 1.39029 1.01685
0.431323 0.862623 3.41214
0.394828 0.789635 3.63111
0.455711 0.911397 3.26582
0.598553 1.19708 2.40877
0.550328 1.10063 2.69812
0.249184 0.498351 4.50497
0.492323 0.98462 3.04615
0.0503861 0.100762 5.69775
0.297863 0.595706 4.2129
2.78018 1.00046 1.65551
1.73277 1.49299 0.870887
2.56539 1.00034 2.3
1.82298 1.33912 1.39354
2.5804 1.2098 0.790202
2.17909 1.41046 0.589545
2.99885 1.00055 0.99957
