0.259423 0.51883 4.44353
0.932013 1.86405 0.407934
0.235641 0.471266 4.58623
0.822027 1.64407 1.06785
2.28925 1.24427 1.17592
0.660408 1.32079 2.03765
0.849599 1.69922 0.902423
2.21464 1.39268 0.607318
1.93978 1.37169 1.10591
2.79065 1.00026 1.62584
0.0818061 0.163601 5.50923
0.392417 0.784812 3.64558
0.53731 1.07459 2.77623
1.11158 1.94421 0.0557879
0.0700703 0.14013 5.57964
2.65017 1.07249 1.45404
0.770439 1.54089 1.37739
1.82556 1.58722 0.412782
0.45449 0.908957 3.27314
0.0466295 0.093249 5.72028
0.723813 1.44762 1.65718
1.00002 1.99999 8.43625e-06
0.429503 0.858984 3.42306
0.680927 1.36182 1.91453
0.640948 1.28187 2.1544
0.553392 1.10676 2.67974
0.247548 0.49508 4.51478
2.08162 1.45919 0.54081
1.34356 1.82822 0.17178
0.319421 0.638824 4.08355
1.5784 1.7108 0.289202
2.82291 1.08854 0.911457
1.22753 1.88623 0.113766
0.343617 0.687215 3.93837
0.0349427 0.0698759 5.7904
0.271397 0.542777 4.37169
0.307367 0.614715 4.15587
0.380166 0.760311 3.71908
0.522012 1.044 2.86801
0.211942 0.423869 4.72842
0.105321 0.21063 5.36814
1.27443 1.60257 0.923332
0.492213 0.984401 3.04681
0.200085 0.400154 4.79956
2.49935 1.25032 0.749676
0.585854 1.17168 2.48496
0.621719 1.24341 2.26978
0.367967 0.735913 3.79228
2.18265 1.09246 2.30448
0.746221 1.49246 1.5227
0.117119 0.234225 5.29735
0.795047 1.59011 1.22974
1.70255 1.64873 0.351273
0.188225 0.376434 4.87072
0.0583376 0.116665 5.65004
0.355761 0.711502 3.86551
0.479633 0.959242 3.12228
0.223776 0.447536 4.65741
0.876495 1.75301 0.741045
0.417092 0.834161 3.49753
0.603719 1.20741 2.37777
2.35417 1.32292 0.677083
2.99906 1.00035 1.00037
0.295308 0.590597 4.22823
0.164504 0.328995 5.01304
1.60638 1.555 0.783181
8.45296e-06 8.45445e-06 6.00001
2.46485 1.05372 2.0494
0.507095 1.01416 2.95752
2.01074 1.2952 1.35814
0.0116537 0.0232985 5.93014
1.7824 1.45387 0.963651
1.75301 1.25777 1.84755
0.569574 1.13912 2.58265
0.17637 0.352726 4.94185
2.14065 1.20796 1.61817
2.6554 1.1723 0.827703
1.33575 1.68018 0.627157
0.467048 0.934071 3.1978
0.0233235 0.0466378 5.86012
0.128988 0.257964 5.22614
0.404744 0.809466 3.57162
1.45923 1.77039 0.229614
1.49758 1.41748 1.39149
2.32272 1.12697 1.79958
1.38388 1.50554 1.1622
0.441971 0.88392 3.34825
1.94565 1.17595 2.07608
0.14079 0.281567 5.15533
0.152645 0.305276 5.0842
0.283334 0.566651 4.30007
0.701717 1.4034 1.78979
0.0935335 0.187055 5.43886
0.904112 1.80825 0.575342
1.61344 1.33841 1.61097
2.56491 1.00019 2.30316
0.963176 1.92637 0.220957
2.48545 1.15453 1.29885
0.33152 0.663021 4.01095
1.95491 1.52254 0.477457
