2.78187 1.02334 1.46573
0.046632 0.093264 5.72021
0.348078 0.696157 3.91153
1.25542 1.87229 0.127708
0.782279 1.56456 1.30633
0.336252 0.672504 3.98249
0.093268 0.186536 5.44039
0.359958 0.719916 3.84025
0.10486 0.209721 5.37084
0.469573 0.939146 3.18256
1.73608 1.63196 0.368039
0.574227 1.14845 2.55464
1.84267 1.32992 1.41167
0.220426 0.440852 4.67745
0.383953 0.767905 3.69628
0.758218 1.51644 1.45069
0.481963 0.963925 3.10822
0.457205 0.914409 3.25677
0.0815992 0.163198 5.5104
0.11648 0.23296 5.30112
2.6991 1.15045 0.849551
1.34973 1.53563 1.08563
0.312735 0.62547 4.12359
1.48556 1.59192 0.776736
2.84443 1.07779 0.922214
0.139759 0.279517 5.16145
0.884561 1.76912 0.692631
1.32231 1.68411 0.626622
0.649565 1.29913 2.10261
0.713841 1.42768 1.71696
1.373 1.8135 0.186501
2.40559 1.2972 0.702796
0.408126 0.816251 3.55125
1.95803 1.38409 1.02822
0.541194 1.08239 2.75284
0.432591 0.865183 3.40445
0.0699575 0.139915 5.58025
0.277831 0.555663 4.33301
0.831812 1.66362 1.00913
0.912048 1.8241 0.527711
0.208914 0.417829 4.74651
1.74504 1.48108 0.901943
0.243325 0.48665 4.54005
0.174434 0.348868 4.9534
2.13033 1.43484 0.565165
3.01143e-16 3.56654e-16 6
0.0233185 0.0466371 5.86009
2.18899 1.15667 1.8443
0.494331 0.988662 3.03401
0.371929 0.743857 3.76843
0.444878 0.889755 3.33073
0.0350065 0.070013 5.78996
0.509498 1.019 2.94301
2.42469 1.03299 2.33661
0.736214 1.47243 1.58272
0.18595 0.3719 4.8843
0.940055 1.88011 0.359669
0.969352 1.9387 0.183888
1.48924 1.75538 0.244619
0.128134 0.256267 5.2312
2.39874 1.18158 1.31529
0.629238 1.25848 2.22457
1.1318 1.9341 0.0659018
0.151318 0.302635 5.09209
0.396018 0.792035 3.62389
0.591222 1.18244 2.45267
0.231869 0.463738 4.60879
0.0583285 0.116657 5.65003
1.86812 1.19255 2.06989
2.54556 1.08836 1.59414
2.64968 1.00077 2.04331
0.254825 0.50965 4.47105
0.197408 0.394815 4.81555
0.61015 1.2203 2.3391
2.55019 1.22491 0.775094
0.420331 0.840662 3.47801
1.46632 1.36784 1.60996
0.670107 1.34021 1.97936
0.806781 1.61356 1.15931
0.289402 0.578805 4.26359
0.691827 1.38365 1.84904
2.99734 1.00073 1.00289
2.26949 1.36525 0.634746
1.52376 1.4383 1.28976
1 2 2.20825e-15
1.66797 1.27827 1.82988
0.266328 0.532655 4.40203
1.60989 1.69505 0.304947
2.19863 1.27742 1.16165
0.557655 1.11531 2.65407
1.86589 1.56705 0.432947
2.25426 1.09799 2.13449
0.301014 0.602028 4.19392
1.99472 1.50264 0.497358
0.324468 0.648936 4.05319
0.162852 0.325705 5.02289
0.52534 1.05068 2.84796
0.857878 1.71576 0.852733
2.04936 1.23664 1.5983
0.0116502 0.0233004 5.9301
