1.33155 1.83423 0.165773
2.15644 1.42178 0.578218
0.554781 1.10956 2.67132
0.523583 1.04717 2.8585
0.120929 0.241858 5.27443
0.169689 0.339377 4.98187
0.145306 0.290612 5.12816
0.622947 1.24589 2.26232
0.15749 0.31498 5.05506
0.0844651 0.16893 5.49321
0.0360267 0.0720533 5.78384
1.79088 1.60456 0.395442
0.508248 1.0165 2.95051
1.88312 1.41682 0.989059
1.35098 1.6755 0.62842
0.379357 0.758715 3.72386
1.46431 1.4065 1.46053
0.329227 0.658454 4.02464
0.858168 1.71634 0.850992
2.3767 1.07164 2.09863
0.480289 0.960579 3.11826
2.07237 1.1257 2.23087
2.42651 1.28675 0.713255
0.417225 0.834449 3.49665
0.492936 0.985872 3.04238
0.679396 1.35879 1.92363
1.79922 1.35834 1.33671
0.78555 1.5711 1.2867
0.90823 1.81646 0.550623
0.0723266 0.144653 5.56604
2.01925 1.25783 1.53078
0.455084 0.910168 3.2695
2.81728 1.00009 1.54748
1.44392 1.77804 0.221958
0.719938 1.43988 1.68037
0.0239913 0.0479825 5.85605
0.316796 0.633592 4.09922
0.4298 0.859601 3.4212
0.93491 1.86982 0.390537
2.22486 1.16154 1.75356
0.571341 1.14268 2.57196
0.27973 0.559461 4.32162
0.763269 1.52654 1.42039
2.13729 1.31079 1.09819
1.62882 1.30582 1.7392
0.391935 0.783869 3.64839
1.10759 1.9462 0.0537979
0.741284 1.48257 1.55229
1.21939 1.8903 0.109697
2.84919 1.07541 0.924595
0.206303 0.412606 4.76218
0.698765 1.39753 1.80741
0.267445 0.534889 4.39533
1.84047 1.21619 1.96984
1.90874 1.54563 0.45437
0.833512 1.66702 0.998929
2.2881 1.35595 0.644052
2.53477 1.11648 1.42904
0.354215 0.70843 3.87471
2.70162 1.14919 0.850811
0.133094 0.266188 5.20144
2.99972 1.00013 0.999955
0.304413 0.608827 4.17352
0.230729 0.461457 4.61563
1.66173 1.52744 0.822706
2.34949 1.20583 1.27245
0.588034 1.17607 2.4718
0.0601915 0.120383 5.63885
1 2 1.00571e-15
1.43394 1.48763 1.18489
1.67804 1.66098 0.339019
0.809276 1.61855 1.14434
0.404555 0.809111 3.57267
0.882947 1.76589 0.702317
0.366768 0.733536 3.79939
0.0119804 0.0239608 5.92812
0.341691 0.683382 3.94985
1.55872 1.72064 0.279362
0.539173 1.07835 2.76496
2.55988 1.22006 0.779943
2.03185 1.48408 0.515924
0.660245 1.32049 2.03853
0.242941 0.485882 4.54235
0.604721 1.20944 2.37167
0.442434 0.884868 3.3454
0.108748 0.217496 5.34751
0.64121 1.28242 2.15274
0.218531 0.437063 4.68881
2.54416 1.00006 2.36679
0.194105 0.38821 4.83537
4.14402e-16 5.25424e-16 6
0.181895 0.363789 4.90863
1.32255 1.59013 0.92583
0.255173 0.510347 4.46896
0.292062 0.584125 4.24763
2.63685 1.03834 1.74478
0.0480916 0.0961832 5.71145
0.964766 1.92953 0.211403
0.46767 0.93534 3.19398
0.0965982 0.193196 5.42041
