1.30059 1.39887
1.43742 1.12522
1.69264 0.614766
1.32022 1.35961
0.634853 2.73035
1.35945 1.28116
0.167926 3.6642
0.229932 3.54019
0.0633521 3.87335
0.352983 3.29409
0.735505 2.52905
1.67275 0.654551
1.79366 0.412744
1.39847 1.20312
1.02017 1.95972
1.59356 0.812938
0.999889 2.00028
2.00002 1.83629e-05
1.77334 0.453381
0.291609 3.41684
0.0422633 3.91553
0.250531 3.49899
1.1012 1.79766
0.188669 3.62272
0.574658 2.85074
0.332596 3.33486
1.06081 1.87843
0.534584 2.93089
0.454166 3.09172
0.8369 2.32626
0.979535 2.04098
0.021184 3.95769
1.33988 1.32029
0.594694 2.81067
0.271065 3.45793
0.93874 2.12257
0.105299 3.78946
1.24122 1.51761
0.857254 2.28555
1.08107 1.83791
1.37903 1.242
1.57384 0.85237
1.63307 0.733922
1.20148 1.59709
1.28088 1.43829
0.796266 2.40752
0.715315 2.56942
1.1214 1.75726
1.65286 0.694329
0.614759 2.77054
1.83437 0.33132
0.147107 3.70584
0.494433 3.01119
1.73282 0.534412
0.918344 2.16337
0.373235 3.25358
1.49577 1.00852
1.93762 0.124824
1.41793 1.1642
0.675056 2.64994
1.97922 0.0416199
1.4569 1.08626
1.47633 1.0474
1.55426 0.891531
1.18158 1.6369
0.209303 3.58145
1.51527 0.969509
1.7127 0.57465
0.474326 3.0514
0.0843264 3.8314
1.26112 1.47781
0.95918 2.0817
0.433975 3.1321
1.89596 0.208139
0.755722 2.48861
0.413762 3.17253
0.554648 2.89076
1.87535 0.249351
1.81394 0.372166
0.877611 2.24483
1.53476 0.930529
1.83441e-05 4.00002
0.695146 2.60976
1.04053 1.91899
0.816565 2.36692
0.897928 2.2042
0.654945 2.69016
0.312135 3.37578
1.91674 0.166575
1.85488 0.290301
1.61324 0.77358
0.126297 3.74746
1.14147 1.71711
1.16154 1.67697
1.75302 0.494018
0.775989 2.44808
1.22138 1.5573
1.9584 0.0832562
0.393489 3.21308
0.51451 2.97103
