1.75219 0.495623
1.07186 1.8563
0.0208875 3.95823
1.1537 1.6926
0.604062 2.79188
1.55216 0.895683
0.624042 2.75193
1.01031 1.97938
0.407168 3.18567
0.724125 2.55176
0.367637 3.26474
1.11289 1.77423
0.287821 3.42437
1.61167 0.776664
0.505501 2.98901
0.9897 2.02061
0.907431 2.18515
0.186417 3.62717
1.93723 0.125553
0.327934 3.34414
0.663832 2.67234
1.47318 1.05364
1.45331 1.09339
1.67163 0.656746
0.166051 3.66791
0.124853 3.7503
0.206924 3.58616
0.866349 2.26731
1.17402 1.65197
1.81347 0.373068
1.732 0.536009
0.643983 2.71204
1.27443 1.45115
0.347839 3.30433
0.0833386 3.83333
1.05142 1.89718
1.21423 1.57154
1.77244 0.455137
1.85452 0.290968
1.57202 0.855965
1.5918 0.816413
0.886867 2.22627
0.387393 3.22522
1.9164 0.167208
0.426912 3.14619
0.845843 2.30832
1.4137 1.17262
1.89566 0.208695
1.69172 0.616566
1.43352 1.13297
1.13335 1.73332
1.31432 1.37137
1.25438 1.49125
1.6516 0.696808
1.0309 1.93821
1.19424 1.61153
1.53243 0.935144
0.466186 3.06764
1.09229 1.81543
1.95812 0.0837671
0.564554 2.8709
0.267663 3.46468
1.83398 0.332041
0.948588 2.10283
0.703919 2.59217
1.39392 1.21218
1.87512 0.249779
0.247491 3.50503
0.544823 2.91036
0.805185 2.38964
0.446548 3.10691
0.0418539 3.9163
1.51269 0.974625
1.79286 0.414292
0.927941 2.14413
0.307968 3.38407
1.7118 0.576419
1.23435 1.5313
0.485831 3.02835
1.493 1.01402
0.744271 2.51147
0.22738 3.54525
0.525124 2.94976
0.145545 3.70892
1.97907 0.0418619
0.584311 2.83139
1.63158 0.736854
0.683862 2.63229
0.784791 2.43043
1.33441 1.33119
0.969105 2.0618
1.29448 1.41105
0.104176 3.79166
0.764498 2.47101
1.37415 1.25172
0.0626961 3.87462
0.825521 2.34897
2 3.51404e-06
1.35435 1.29132
2.99713e-06 4
