1.10659 1.78682
0.510448 2.9791
0.849089 2.30182
0.0883681 3.82326
1.54958 0.900844
0.175234 3.64953
1.80623 0.387533
1.36775 1.26451
1.22653 1.54693
0.868849 2.2623
0.88862 2.22276
0.829332 2.34134
1.16644 1.66711
1.62952 0.740961
1.58965 0.82069
2 2.44567e-09
1.0271 1.9458
0.809574 2.38085
1.76716 0.465672
1.26673 1.46655
1.28689 1.42622
0.153526 3.69295
1.90311 0.19377
0.770049 2.4599
0.240092 3.51982
1.48913 1.02174
0.0442726 3.91145
0.32483 3.35034
0.591129 2.81774
0.690907 2.61819
0.63121 2.73758
1.12648 1.74703
1.84505 0.30991
1.88376 0.232473
0.0663287 3.86734
0.789805 2.42039
1.74768 0.504636
0.282598 3.4348
0.94795 2.1041
1.40827 1.18345
0.530726 2.93855
1.3475 1.305
0.611183 2.77763
0.387334 3.22533
1.50929 0.981413
1.82568 0.348642
1.44875 1.1025
1.08669 1.82661
1.94185 0.116305
0.428559 3.14288
1.96123 0.077546
0.571011 2.85798
0.36652 3.26696
1.20645 1.5871
0.490154 3.01969
1.52944 0.941117
1.46896 1.06208
0.407991 3.18402
1.42853 1.14294
1.72809 0.543813
1.60966 0.780676
8.15799e-07 4
0.218498 3.563
0.967727 2.06455
0.730492 2.53902
1.04693 1.90615
1.64929 0.701423
0.469783 3.06043
1.6888 0.622405
1.78676 0.426487
0.19691 3.60618
1.32725 1.3455
1.30706 1.38588
0.550945 2.89811
1.14648 1.70704
0.671035 2.65793
1.86442 0.271168
0.0221374 3.95573
1.66908 0.66184
1.18644 1.62712
1.7085 0.582993
0.131887 3.73623
1.06677 1.86645
0.303639 3.39272
1.00729 1.98542
1.56966 0.860678
0.908397 2.18321
0.345717 3.30857
0.750279 2.49944
0.449178 3.10164
1.98062 0.038769
0.928174 2.14365
0.651111 2.69778
0.26141 3.47718
1.388 1.22399
0.110201 3.7796
1.24663 1.50674
0.987502 2.025
1.92247 0.155052
0.710699 2.5786
