1.91112 0.177759
1.22807 1.54386
1.6762 0.64759
1.45646 1.08708
0.177204 3.64559
1.65574 0.688515
0.749661 2.50068
0.0893374 3.82133
0.111446 3.77711
1.32225 1.3555
1.63507 0.729869
1.39848 1.20304
0.886106 2.22779
0.671065 2.65787
1.15302 1.69396
0.220413 3.55917
1.03954 1.92092
2 8.52478e-10
1.7391 0.521791
0.924648 2.1507
0.690778 2.61844
1.97775 0.0444914
0.511807 2.97639
0.808367 2.38327
0.13339 3.73322
1.86731 0.265379
0.471405 3.05719
1.93325 0.13351
0.847298 2.3054
0.651298 2.6974
0.347652 3.3047
0.943933 2.11213
0.241946 3.51611
1.82415 0.351692
1.00147 1.99707
1.78143 0.437133
1.37934 1.24132
1.61457 0.770859
0.284737 3.43053
1.24677 1.50645
0.410049 3.1799
1.84568 0.308638
1.36024 1.27951
0.982333 2.03533
0.451098 3.0978
1.5743 0.851405
1.20936 1.58128
0.43067 3.13866
1.47582 1.04835
1.437 1.126
1.69707 0.605855
0.389282 3.22144
0.0223953 3.95521
1.09646 1.80707
1.26551 1.46898
0.263468 3.47306
1.71792 0.564167
0.866757 2.26649
0.305831 3.38834
0.531941 2.93612
0.0670046 3.86599
0.368516 3.26297
1.95548 0.0890333
1.07754 1.84493
1.80274 0.394523
0.769244 2.46151
0.710434 2.57913
1.30329 1.39341
0.788829 2.42234
0.571949 2.8561
1.05854 1.88292
1.51485 0.970307
0.631556 2.73689
0.905325 2.18935
1.13422 1.73157
0.730067 2.53987
0.491539 3.01692
1.53455 0.930906
0.963154 2.07369
1.49523 1.00953
1.19062 1.61876
1.59438 0.811231
0.611746 2.77651
1.41777 1.16446
0.155412 3.68918
1.88914 0.221717
1.11536 1.76928
1.55433 0.891342
0.0447028 3.91059
6.03119e-10 4
0.326814 3.34637
1.17185 1.65629
1.34125 1.3175
1.02054 1.95892
0.198893 3.60221
1.28435 1.43131
0.827866 2.34427
1.76018 0.479643
0.551984 2.89603
0.591905 2.81619
