0.319453 0.638685 4.08415
1.94035 1.18268 2.04274
1.62768 1.54951 0.780084
0.828841 1.65791 1.02715
9.66999e-05 9.66999e-05 6.0001
0.0492353 0.0983551 5.70529
0.0123289 0.0245564 5.92671
0.0369222 0.0737336 5.77916
2.17611 1.09797 2.27243
0.061489 0.122858 5.63178
1.82555 1.58722 0.412775
0.331644 0.663063 4.011
0.246346 0.492501 4.52274
0.606189 1.21205 2.36389
0.307214 0.614212 4.15757
0.197248 0.394322 4.81731
0.523139 1.04598 2.86214
2.58995 1.09557 1.44092
1.7149 1.26336 1.85732
1.29814 1.59354 0.934052
0.730945 1.46208 1.61458
2.45556 1.05939 2.02349
1.44738 1.49999 1.12958
1.7309 1.39177 1.27139
2.61497 1.19251 0.807487
2.47935 1.26033 0.739673
0.707702 1.41503 1.75488
1.53152 1.3464 1.64657
0.221863 0.443544 4.66963
2.09031 1.33474 1.0586
0.417387 0.834515 3.4966
0.880201 1.76065 0.718961
0.429825 0.859387 3.42198
0.295016 0.589822 4.23075
0.392603 0.784958 3.64528
2.99924 1.00023 1.00069
2.56279 1.00013 2.31017
1.85319 1.44035 0.931393
0.778794 1.55779 1.32746
2.35073 1.32464 0.675363
1.22677 1.88662 0.113384
0.571562 1.14281 2.57164
0.0246547 0.0492033 5.85276
0.404978 0.809704 3.57104
0.492706 0.985126 3.04472
0.507914 1.01554 2.95349
0.343854 0.687478 3.93775
0.123251 0.246359 5.26124
2.30808 1.14343 1.71917
1.93903 1.30049 1.42873
0.480005 0.959728 3.12092
0.803609 1.60743 1.17856
2.08047 1.45976 0.540236
0.355974 0.711715 3.86504
0.135555 0.270961 5.18743
0.209573 0.418969 4.74336
0.110855 0.22157 5.33561
0.258554 0.516911 4.4495
1.34814 1.67627 0.628502
1.70297 1.64852 0.351483
0.933423 1.86711 0.3996
0.555099 1.10989 2.6704
0.754737 1.50967 1.47182
2.11228 1.22577 1.56394
0.160371 0.320582 5.03855
0.0738507 0.147576 5.55761
0.0861987 0.172267 5.48353
1.36121 1.43794 1.4199
1.45891 1.77054 0.229456
2.21374 1.39313 0.606871
0.270775 0.541349 4.37618
0.380334 0.760424 3.7189
0.23413 0.468073 4.59603
2.74046 1.12977 0.870231
0.685831 1.3713 1.88609
0.467325 0.934372 3.197
0.624499 1.24866 2.25405
2.36796 1.20641 1.23477
0.442302 0.884336 3.34712
0.538773 1.07724 2.76835
0.588104 1.17588 2.47239
2.76787 1.00017 1.69489
0.172695 0.345227 4.96461
0.854614 1.70946 0.872496
1.00019 1.9999 9.66017e-05
1.95407 1.52296 0.477037
1.11132 1.94434 0.0556592
0.906305 1.81286 0.562328
2.87327 1.06337 0.936635
1.57843 1.71078 0.289216
0.644277 1.28821 2.13539
0.147953 0.295752 5.11304
0.454741 0.90921 3.27249
0.0985226 0.196911 5.4096
0.963922 1.92812 0.216585
0.368136 0.736033 3.79207
0.6643 1.32825 2.01526
1.34263 1.82868 0.171317
0.185011 0.369853 4.89072
0.282876 0.565547 4.30358
