2.26823 1.1258 1.90913
1.79868 1.60066 0.399341
1.33363 1.83318 0.166817
2.77494 1.0002 1.67349
0.23005 0.460099 4.6197
3.82071e-16 5.48605e-16 6
0.964578 1.92916 0.212534
0.765653 1.53131 1.40608
0.72339 1.44678 1.65966
2.38565 1.06074 2.1705
0.17109 0.342179 4.97346
1.10852 1.94574 0.0542583
1.51358 1.35213 1.63718
2.58073 1.20963 0.790368
1.55755 1.42178 1.32291
0.480398 0.960796 3.11761
0.0908026 0.181605 5.45518
0.66252 1.32504 2.02488
2.17421 1.4129 0.587104
1.95738 1.16397 2.13418
1.88778 1.31095 1.44412
1.68202 1.65899 0.34101
0.571942 1.14388 2.56835
1.44635 1.77682 0.223177
1.39108 1.51726 1.11568
0.102157 0.204314 5.38706
0.366405 0.73281 3.80157
2.56373 1.00014 2.30721
0.404429 0.808858 3.57343
0.379092 0.758183 3.72545
0.58931 1.17862 2.46414
0.194482 0.388964 4.83311
1 2 1.60596e-15
0.606755 1.21351 2.35947
2.3086 1.3457 0.654299
0.266522 0.533044 4.40087
0.882112 1.76422 0.707328
0.182765 0.365529 4.90341
0.278759 0.557517 4.32745
1.4928 1.5812 0.80619
2.72491 1.13754 0.862457
0.0453877 0.0907755 5.72767
0.206276 0.412552 4.76235
1.22084 1.88958 0.110422
0.0113232 0.0226464 5.93206
0.41709 0.834181 3.49746
0.328524 0.657049 4.02885
1.56177 1.71911 0.280888
0.643314 1.28663 2.14011
0.832317 1.66463 1.0061
0.493024 0.986048 3.04186
0.787557 1.57511 1.27466
0.455075 0.91015 3.26955
0.159484 0.318968 5.0431
0.254333 0.508666 4.474
1.72174 1.25969 1.86856
0.5555 1.111 2.667
0.6826 1.3652 1.9044
2.09587 1.21368 1.65461
0.907862 1.81572 0.552829
2.23033 1.26078 1.19244
1.99123 1.36746 1.05484
0.744102 1.4882 1.53539
0.31602 0.63204 4.10388
0.429734 0.859468 3.4216
0.934593 1.86919 0.392442
0.124949 0.249898 5.25031
0.218155 0.43631 4.69107
0.508314 1.01663 2.95011
0.353734 0.707468 3.87759
0.442443 0.884887 3.34534
0.291094 0.582187 4.25344
2.5956 1.08257 1.51673
0.113535 0.22707 5.31879
0.539608 1.07922 2.76235
0.523672 1.04734 2.85797
0.303521 0.607041 4.17888
2.04421 1.47789 0.522106
0.0680753 0.136151 5.59155
1.77689 1.46456 0.92843
0.0794366 0.158873 5.52338
0.0226691 0.0453383 5.86399
0.391757 0.783513 3.64946
0.702914 1.40583 1.78252
1.32374 1.68333 0.627821
2.42546 1.16835 1.33952
2.44074 1.27963 0.720368
0.341112 0.682224 3.95333
0.624296 1.24859 2.25422
0.13639 0.27278 5.18166
0.467727 0.935455 3.19364
0.242133 0.484266 4.5472
1.92023 1.53989 0.460114
0.0567386 0.113477 5.65957
2.86543 1.06729 0.932714
0.856937 1.71387 0.858376
0.809739 1.61948 1.14157
0.0340164 0.0680329 5.7959
2.9995 1.00024 0.999788
0.147902 0.295803 5.11259
