1.42319 1.15361
0.876224 2.24755
0.935106 2.12979
0.226886 3.54623
0.679437 2.64113
1.756 0.487995
1.52452 0.95095
0.165658 3.66868
1.40329 1.19342
0.543004 2.91399
1.12948 1.74104
0.124656 3.75069
0.77765 2.4447
1.86572 0.268568
0.856527 2.28695
1.32384 1.35232
0.445594 3.10881
0.620834 2.75833
0.406312 3.18738
0.0625879 3.87482
0.757938 2.48412
1.84358 0.312838
0.581882 2.83624
0.287258 3.42548
1.88792 0.224169
0.186099 3.6278
1.16809 1.66383
0.97429 2.05142
1.50412 0.991767
1.73437 0.531268
0.103967 3.79207
0.386533 3.22693
0.307332 3.38534
1.1874 1.62521
1.36338 1.27324
0.817078 2.36584
1.26494 1.47012
0.465218 3.06956
0.562419 2.87516
0.366884 3.26623
0.699025 2.60195
1.58615 0.82771
1.34357 1.31286
1.69131 0.61737
0.247105 3.50579
1.64895 0.702091
1.8214 0.357198
1.28457 1.43085
0.523591 2.95282
0.954731 2.09054
0.020927 3.95815
1.3042 1.3916
0.42596 3.14808
0.797353 2.40529
2 3.69013e-08
1.48382 1.03237
1.46359 1.07283
1.24551 1.50897
1.67004 0.659928
1.77776 0.444481
0.504155 2.99169
1.607 0.786006
0.738285 2.52343
0.20651 3.58698
1.03276 1.93447
1.20672 1.58655
1.14878 1.70245
1.79961 0.400777
1.5051e-08 4
1.9775 0.0450049
1.95494 0.0901131
1.44331 1.11337
1.01332 1.97335
1.71282 0.574369
0.0417659 3.91647
0.993837 2.01233
1.09085 1.81829
1.11018 1.77965
0.601341 2.79732
1.2261 1.54781
0.915523 2.16895
1.62789 0.74421
0.327292 3.34542
0.640347 2.71931
1.07151 1.85699
0.48468 3.03064
0.836809 2.32638
0.718618 2.56276
1.93249 0.135014
1.91018 0.179639
1.05214 1.89572
0.895873 2.20825
0.659868 2.68026
0.145322 3.70936
1.54496 0.91008
0.267282 3.46544
0.0832705 3.83346
0.347123 3.30575
1.3832 1.23359
1.5655 0.869002
