0.552521 1.10504 2.68487
0.800327 1.60065 1.19804
1.42887 1.39663 1.52534
2.56934 1.21533 0.78467
2.04545 1.47728 0.522725
0.584719 1.16944 2.49169
0.600881 1.20176 2.39471
0.454911 0.909822 3.27053
0.316248 0.632496 4.10251
2.03169 1.25025 1.55227
0.776666 1.55333 1.34
0.149951 0.299901 5.1003
1.9196 1.5402 0.459801
0.277827 0.555654 4.33304
0.618487 1.23697 2.28908
0.112203 0.224406 5.32678
2.08425 1.12115 2.24557
0.137319 0.274638 5.17608
2.53973 1.11341 1.43795
2.80936 1.00025 1.56987
2.30063 1.34968 0.650316
1.043e-14 2.0644e-14 6
0.037285 0.07457 5.77629
0.188034 0.376069 4.87179
2.53857 1.00017 2.38236
0.367108 0.734216 3.79735
0.0497316 0.0994632 5.70161
1.64262 1.29646 1.76903
0.692161 1.38432 1.84703
2.38174 1.07023 2.09933
0.429997 0.859994 3.42002
0.0871902 0.17438 5.47686
0.713012 1.42602 1.72193
0.507396 1.01479 2.95562
1.85457 1.20934 1.99153
1.49692 1.46319 1.22015
0.96377 1.92754 0.21738
2.99898 1.00031 1.00086
0.442467 0.884934 3.3452
0.905689 1.81138 0.565866
1.22009 1.88996 0.110045
2.4375 1.28125 0.718751
2.63319 1.03654 1.76914
0.467465 0.93493 3.19521
2.36173 1.20039 1.27972
0.29061 0.58122 4.25634
2.70891 1.14554 0.854456
2.85353 1.07323 0.926767
0.933171 1.86634 0.400974
1.55771 1.72114 0.278855
0.0746884 0.149377 5.55187
0.755511 1.51102 1.46693
0.568561 1.13712 2.58863
0.200813 0.401626 4.79512
2.16982 1.41509 0.584909
2.15172 1.30146 1.11991
0.26496 0.52992 4.41024
0.824464 1.64893 1.05322
0.673336 1.34667 1.95998
0.239247 0.478493 4.56452
0.876999 1.754 0.738006
0.417438 0.834877 3.49537
1.44525 1.61846 0.726276
0.0996818 0.199364 5.40191
1 2 1.36982e-12
0.162613 0.325225 5.02432
1.32822 1.5636 1.00866
0.479972 0.959944 3.12017
0.392281 0.784562 3.64631
0.024849 0.0496979 5.85091
1.67756 1.66122 0.338782
1.70449 1.506 0.854225
0.654651 1.3093 2.0721
0.303394 0.606788 4.17964
0.354398 0.708796 3.87361
0.341674 0.683348 3.94995
0.175304 0.350608 4.94817
0.012429 0.0248579 5.92543
0.849211 1.69842 0.904737
0.379675 0.759351 3.72195
1.79962 1.60019 0.399811
1.80464 1.34896 1.37127
1.44307 1.77847 0.221535
0.522353 1.04471 2.86588
1.33203 1.83399 0.166015
0.0622181 0.124436 5.62669
0.492479 0.984957 3.04513
0.252103 0.504205 4.48738
1.92011 1.40146 1.00506
0.537399 1.0748 2.77561
0.32895 0.6579 4.0263
1.10797 1.94601 0.0539873
0.40487 0.809739 3.57078
0.636184 1.27237 2.1829
1.27678 1.70683 0.595556
2.23219 1.15729 1.76738
0.73412 1.46824 1.59528
0.226413 0.452826 4.64152
0.124749 0.249497 5.25151
0.213591 0.427182 4.71846
