0.292385 3.41525
1.36186 1.2763
1.93526 0.129497
0.125371 3.74927
0.552975 2.89407
1.76882 0.462381
0.413639 3.17274
1.85114 0.297734
1.44231 1.11541
0.4543 3.09141
0.188727 3.62256
1.83056 0.338902
1.97882 0.0423824
1.28118 1.43766
1.52379 0.952447
0.983467 2.03308
1.80996 0.38009
1.26112 1.47778
1.30113 1.39775
1.00292 1.99417
1.56423 0.871565
0.592676 2.81466
1.32114 1.35773
0.493979 3.01206
1.4627 1.07462
0.631155 2.73771
1.1806 1.63882
1.87236 0.255298
0.847189 2.30564
9.64812e-05 3.99998
0.312528 3.37496
1.08102 1.83798
0.964143 2.07173
0.788099 2.42382
0.944903 2.11021
1.62528 0.749455
1.12064 1.75874
0.0207832 3.95848
1.54424 0.911541
0.906308 2.1874
0.37316 3.2537
0.332674 3.33467
1.42197 1.15607
0.533464 2.93309
0.393354 3.21331
1.91448 0.171055
0.74871 2.5026
0.0830227 3.83397
0.104158 3.7917
0.866857 2.2663
1.14077 1.71848
1.10056 1.7989
1.60472 0.790581
0.230295 3.53943
0.729085 2.54184
1.70727 0.585471
0.434046 3.13192
1.50363 0.992765
0.76839 2.46323
0.474333 3.05135
1.74822 0.503585
0.611916 2.77619
1.6663 0.667423
1.16069 1.67864
0.925825 2.14836
1.40186 1.19629
1.24101 1.51799
2.00013 0.000133171
0.886582 2.22685
0.689829 2.62036
0.650835 2.69835
1.38197 1.23608
1.72789 0.544233
1.64568 0.708667
0.572745 2.85453
0.0415902 3.91684
0.209572 3.58087
0.146543 3.70693
0.251064 3.49789
1.95684 0.0863399
0.827734 2.34455
1.22101 1.55799
0.709499 2.58102
1.02253 1.95495
1.68654 0.62695
0.670373 2.65927
0.062499 3.87504
1.06141 1.87718
0.167589 3.66484
1.483 1.03401
1.20071 1.5986
0.808022 2.38397
1.89379 0.212441
0.513719 2.97259
0.352909 3.2942
0.27199 3.45604
1.04199 1.91604
1.78938 0.421248
1.58432 0.831386
1.34163 1.31675
