0.315722 0.631443 4.10567
0.423681 0.847362 3.45791
1.47316 1.58946 0.796817
1.33345 1.53214 1.11008
0.578843 1.15769 2.52694
0.447784 0.895567 3.3133
0.303838 0.607675 4.17697
0.363508 0.727016 3.81895
0.152187 0.304375 5.08688
0.904424 1.80885 0.573453
0.635378 1.27076 2.18773
0.22179 0.443579 4.66926
1 2 2.51732e-16
2.85262 1.07369 0.92631
0.411656 0.823311 3.53007
0.387592 0.775184 3.67445
0.339594 0.679187 3.96244
0.720935 1.44187 1.67439
1.91177 1.39718 1.03388
0.280199 0.560397 4.31881
1.72003 1.49079 0.893655
1.33632 1.83184 0.16816
0.745615 1.49123 1.52631
0.0821986 0.164397 5.50681
0.399635 0.799271 3.60219
1.98246 1.26086 1.56536
0.351554 0.703107 3.89068
2.04972 1.13141 2.22371
0.676537 1.35307 1.94078
1.10931 1.94535 0.054655
2.81037 1.00014 1.56771
0.163794 0.327588 5.01724
0.932298 1.8646 0.406213
0.654741 1.30948 2.07156
0.459801 0.919603 3.24119
0.0704524 0.140905 5.57729
1.82022 1.21817 1.98094
0.527814 1.05563 2.83311
0.291985 0.583971 4.24809
0.105559 0.211117 5.36665
2.62886 1.03985 1.75368
0.0587108 0.117422 5.64774
1.80086 1.59957 0.400432
0.117211 0.234422 5.29673
2.20966 1.16389 1.76481
2.05009 1.47495 0.525046
0.435758 0.871517 3.38545
0.0352472 0.0704945 5.78852
1.44887 1.77556 0.224437
0.198607 0.397214 4.80836
0.187011 0.374023 4.87793
1.56408 1.71796 0.282042
0.375529 0.751059 3.74682
0.128841 0.257681 5.22696
0.876882 1.75376 0.738709
0.823773 1.64755 1.05736
0.616178 1.23236 2.30293
2.36395 1.07511 2.09747
0.963364 1.92673 0.219814
1.22266 1.88867 0.111328
2.17322 1.41339 0.586608
0.256729 0.513457 4.45963
1.56261 1.31847 1.73944
0.471848 0.943696 3.16891
0.698618 1.39724 1.80829
0.597094 1.19419 2.41743
0.0235313 0.0470626 5.85881
0.140496 0.280992 5.15702
0.771183 1.54237 1.3729
0.0469814 0.0939628 5.71811
1.68398 1.65801 0.341991
0.511867 1.02373 2.9288
2.99864 1.00017 1.00288
2.3413 1.20579 1.28788
2.53955 1.0001 2.38015
0.0938838 0.187768 5.4367
2.78369e-16 3.3388e-16 6
1.46016 1.44766 1.30869
2.52834 1.11753 1.43654
0.560749 1.1215 2.63551
0.233413 0.466825 4.59952
0.268439 0.536878 4.38936
1.92332 1.53834 0.461662
0.850055 1.70011 0.899671
0.544229 1.08846 2.73463
0.0117583 0.0235166 5.92945
0.495969 0.991937 3.02419
2.43645 1.28177 0.718227
2.56758 1.21621 0.783789
0.327647 0.655295 4.03412
2.12348 1.30547 1.14461
0.175387 0.350775 4.94768
0.2102 0.420399 4.7388
2.30262 1.34869 0.651311
2.70729 1.14635 0.853646
1.69685 1.36267 1.4285
0.483909 0.967818 3.09655
0.797208 1.59442 1.21675
0.24505 0.4901 4.5297
1.31793 1.68197 0.637068
