1.22615 1.88692 0.113076
1.73473 1.38576 1.29212
0.0841693 0.168053 5.49659
2.21034 1.09044 2.27235
2.61624 1 2.15128
1.93669 1.53165 0.468347
1.00049 1.99975 0.000245777
0.0480936 0.0959362 5.71297
0.318582 0.636691 4.09036
0.700456 1.4001 1.79966
0.902586 1.80572 0.58482
2.05783 1.47108 0.528917
0.219112 0.437836 4.68705
0.0241754 0.0481124 5.8565
0.13283 0.265332 5.20469
0.54728 1.0939 2.71845
0.268869 0.537296 4.38862
0.293785 0.587107 4.23916
2.46128 1.15984 1.31729
2.63334 1.07403 1.48488
0.746088 1.4926 1.52401
0.638177 1.27565 2.17309
0.846729 1.69396 0.920033
0.496092 0.991563 3.02552
0.281264 0.56208 4.31425
2.40753 1.03443 2.36398
0.470505 0.940412 3.17901
0.658016 1.31526 2.05425
2.5866 1.2067 0.7933
2.14531 1.19896 1.66164
0.793223 1.58691 1.24114
2.31191 1.34405 0.655953
0.356536 0.712572 3.86267
1.61734 1.55312 0.778278
1.81177 1.59412 0.405884
0.769816 1.54007 1.38161
0.582753 1.16483 2.50562
0.432643 0.864727 3.40611
0.331234 0.661969 4.01453
1.45442 1.77279 0.227208
0.108534 0.216782 5.35032
1.83886 1.44337 0.937093
1.57091 1.71454 0.285456
0.457732 0.914876 3.25563
1.28915 1.60417 0.906778
2.86598 1.06701 0.932991
0.483256 0.965885 3.10258
1.69214 1.65393 0.346068
1.93814 1.28848 1.4872
1.99032 1.16097 2.11098
0.874075 1.7487 0.755939
0.157201 0.314056 5.05848
0.306312 0.612165 4.16395
0.0963094 0.192323 5.42376
0.256386 0.512342 4.4635
0.000277429 0.000277429 6.00028
0.0601927 0.120116 5.64044
0.600913 1.20112 2.39673
2.79869 1.00176 1.58922
0.819297 1.63907 1.08466
0.181798 0.363221 4.91097
0.618832 1.23697 2.28913
0.0721656 0.14406 5.56857
1.11127 1.94436 0.0556363
1.34082 1.82959 0.170409
2.7288 1.1356 0.864398
1.43714 1.49993 1.13842
0.529774 1.05888 2.82353
0.194148 0.387916 4.83686
2.27807 1.24493 1.19204
0.144956 0.289576 5.13194
0.369172 0.737816 3.78693
0.407088 0.81361 3.55951
0.244073 0.487725 4.53737
0.723106 1.44662 1.66193
0.931069 1.86272 0.413884
1.37545 1.4276 1.44764
0.962765 1.92614 0.223669
0.564881 1.12909 2.61286
0.343805 0.687119 3.93904
0.12072 0.241118 5.27736
1.32801 1.68296 0.625259
2.36837 1.11045 1.82337
0.231576 0.462732 4.61238
2.18481 1.4076 0.592404
0.512529 1.02443 2.92689
0.679234 1.35768 1.92695
0.445292 0.890015 3.33023
0.419806 0.839071 3.48309
0.38171 0.762905 3.71163
0.169452 0.33854 4.98503
1.74865 1.24717 1.90421
0.0361623 0.0720883 5.78452
0.394301 0.788054 3.63619
0.0121908 0.0241544 5.92839
0.206724 0.413051 4.76144
2.07506 1.33511 1.07956
1.55013 1.33451 1.68124
2.4461 1.27695 0.723051
3 1 1
