0.309348 3.38132
0.0678371 3.86435
0.287909 3.4242
1.38083 1.23836
0.756705 2.48661
1.93713 0.12576
1.32336 1.35329
0.856542 2.28694
0.434724 3.13057
1.11199 1.77605
1.28509 1.42984
0.616941 2.76614
1.63304 0.733933
1.15072 1.69859
0.636904 2.72621
0.8167 2.36662
0.556795 2.88643
0.179337 3.64135
0.656832 2.68636
1.26595 1.46813
1.13137 1.73729
1.53524 0.929543
1.67256 0.654907
0.994933 2.01015
1.75263 0.494768
1.2468 1.50642
0.135072 3.72988
1.7325 0.535012
1.77276 0.454499
0.536622 2.92678
0.157353 3.68532
0.516414 2.96719
1.41932 1.16137
1.03416 1.93169
1.89558 0.208852
1.30422 1.39157
0.372569 3.25488
0.393472 3.21308
7.04316e-06 4.00001
1.51586 0.9683
0.836642 2.32674
0.77671 2.4466
0.244532 3.51096
1.97899 0.0420469
1.83385 0.332316
0.876466 2.24709
0.896338 2.20735
1.49652 1.00698
1.34251 1.31501
0.596902 2.80622
1.55464 0.890733
1.20844 1.58313
1.36168 1.27666
0.935884 2.12825
0.975295 2.04943
1.01457 1.97088
0.112712 3.7746
1.71258 0.574865
1.87499 0.250047
0.69671 2.6066
0.222849 3.55432
1.09259 1.81484
0.330502 3.33902
1.95806 0.0838974
0.201141 3.59774
0.79671 2.4066
0.955609 2.0888
0.916178 2.16766
0.0902835 3.81945
1.40006 1.1999
0.266091 3.46784
1.07315 1.85371
1.69263 0.614762
1.59368 0.812653
1.81348 0.373062
1.61338 0.773262
1.79311 0.413798
1.43858 1.12286
2.00001 7.05397e-06
1.57408 0.851862
0.736701 2.52662
0.676771 2.64648
1.22764 1.54474
1.91633 0.167353
0.57684 2.84634
1.17 1.66002
0.716711 2.5666
1.18925 1.62152
0.351524 3.29697
1.8544 0.291216
0.475719 3.04858
1.05362 1.89278
1.45786 1.0843
0.0452842 3.90945
1.65274 0.694543
0.496063 3.0079
0.0226743 3.95467
0.414093 3.17184
1.47719 1.04565
0.455277 3.08947
