1.64406 0.71188
1.80795 0.384107
1.15027 1.69947
0.785732 2.42854
0.927654 2.14469
0.0837332 3.83253
0.526586 2.94683
0.166696 3.66661
0.846341 2.30732
0.228087 3.54383
1.21016 1.57967
0.546337 2.90733
0.428141 3.14372
1.13025 1.73951
0.328846 3.34231
1.42692 1.14616
1.76631 0.467384
0.125413 3.74917
0.3886 3.2228
1.68419 0.631627
0.248356 3.50329
1.48561 1.02879
1.0293 1.94141
1.11014 1.77972
1.82883 0.342333
0.042002 3.916
1.329 1.34199
0.907298 2.1854
0.948001 2.104
1.72518 0.549632
1.40735 1.18529
1.34857 1.30285
1.84993 0.300131
1.91378 0.172442
1.56427 0.871459
0.886949 2.2261
0.021002 3.958
0.645519 2.70896
0.62559 2.74882
1.28955 1.4209
1.93521 0.129578
0.268677 3.46265
0.805889 2.38822
1.74566 0.508675
1.19028 1.61944
1.52478 0.950438
1.44648 1.10705
0.725404 2.54919
0.447898 3.1042
0.348858 3.30228
1.62408 0.751848
1.36823 1.26354
0.585886 2.82823
0.566073 2.86785
1.87114 0.257721
0.368782 3.26244
1.44573e-08 4
0.467605 3.06479
0.605741 2.78852
1.26975 1.46049
0.685371 2.62926
1.24995 1.50011
1.78702 0.425956
1.97836 0.0432805
0.988702 2.0226
1.50521 0.98957
0.487249 3.0255
1.95685 0.0862948
0.10457 3.79086
0.408428 3.18314
1.30929 1.38142
1.66411 0.671789
1.89248 0.215038
2 2.21278e-09
0.0628863 3.87423
0.826104 2.34779
0.506917 2.98617
0.207738 3.58452
0.288723 3.42255
0.187306 3.62539
1.06982 1.86036
0.705352 2.5893
0.76555 2.4689
0.146084 3.70783
0.866655 2.26669
1.58416 0.831683
1.54439 0.911229
1.09 1.82001
1.009 1.98201
0.968357 2.06329
1.23012 1.53976
1.04955 1.90091
0.665444 2.66911
0.308785 3.38243
1.38779 1.22442
1.6042 0.791602
1.70464 0.590725
1.17027 1.65947
0.745429 2.50914
1.46604 1.06792
