0.385401 0.770802 3.68759
0.693582 1.38716 1.83851
0.126416 0.252831 5.24151
0.275787 0.551574 4.34528
0.361223 0.722446 3.83266
3.46691e-16 5.13224e-16 6
0.11385 0.2277 5.3169
0.336948 0.673896 3.97831
0.879176 1.75835 0.724946
0.300399 0.600799 4.1976
0.445817 0.891634 3.3251
1.5399 1.73005 0.269951
0.0633433 0.126687 5.61994
0.201588 0.403176 4.79047
0.0506691 0.101338 5.69599
0.288099 0.576198 4.2714
0.0759554 0.151911 5.54427
0.637404 1.27481 2.17558
0.213965 0.427929 4.71621
0.088596 0.177192 5.46842
0.238761 0.477522 4.56743
2.62293 1.18853 0.811467
2.14893 1.29554 1.15267
0.620087 1.24017 2.27948
0.758051 1.5161 1.4517
0.96387 1.92774 0.21678
2.00306 1.49847 0.501532
0.263497 0.526994 4.41902
1.32492 1.83754 0.16246
0.226396 0.452792 4.64162
2.58881 1.00028 2.23049
0.602913 1.20583 2.38252
1.64997 1.29228 1.78143
0.46982 0.939639 3.18108
0.251145 0.50229 4.49313
0.409669 0.819337 3.54199
1.10614 1.94693 0.0530699
0.905301 1.8106 0.568193
1.48892 1.46934 1.2045
1.88229 1.55885 0.441147
1.80666 1.34741 1.37577
0.655911 1.31182 2.06454
0.828507 1.65701 1.02896
1.66857 1.52281 0.832105
0.0126721 0.0253443 5.92397
0.481878 0.963756 3.10873
1.65107 1.67447 0.325534
0.0253564 0.0507128 5.84786
0.349014 0.698028 3.90592
0.101277 0.202555 5.39234
0.176599 0.353199 4.9404
2.24378 1.37811 0.621888
0.3248 0.649599 4.0512
2.64661 1.07494 1.4457
0.523274 1.04655 2.86036
0.189119 0.378238 4.86529
1.89953 1.40946 0.998419
2.31512 1.06327 2.29927
0.164072 0.328143 5.01557
2.02254 1.24167 1.60947
2.77971 1.00038 1.65765
0.457835 0.915671 3.25299
2.12072 1.43964 0.560359
1.86597 1.19337 2.06763
2.17581 1.14602 1.93406
2.36581 1.3171 0.682904
0.433792 0.867583 3.39725
0.373284 0.746568 3.7603
2.74747 1.12627 0.873734
2.99896 1.0005 0.999606
0.585804 1.17161 2.48518
1.32131 1.57598 0.973196
0.139005 0.27801 5.16597
0.493866 0.987732 3.03681
0.77984 1.55968 1.32096
1 2 3.53807e-16
0.933018 1.86604 0.40189
0.736221 1.47244 1.58268
0.312605 0.62521 4.12437
2.3405 1.19804 1.33246
0.508564 1.01713 2.94861
2.49421 1.2529 0.747103
2.87911 1.06044 0.939557
0.71477 1.42954 1.71138
0.0380503 0.0761006 5.7717
0.538633 1.07727 2.7682
1.76652 1.61674 0.383261
1.43235 1.78382 0.216176
0.674639 1.34928 1.95216
1.2158 1.8921 0.107902
1.3765 1.65554 0.668876
0.569568 1.13914 2.58259
0.397524 0.795047 3.61486
0.803909 1.60782 1.17655
0.151624 0.303247 5.09026
0.853764 1.70753 0.877417
0.554082 1.10816 2.67551
1.43336 1.39794 1.51699
0.42173 0.84346 3.46962
2.44881 1.1082 1.672
