0.289173 0.578346 4.26496
0.263547 0.527094 4.41872
0.0981269 0.196254 5.41124
0.798367 1.59673 1.2098
1.68686 1.65657 0.343428
0.931695 1.86339 0.409829
0.441183 0.882366 3.3529
1.61823 1.30169 1.76673
0.537008 1.07402 2.77795
2.61496 1.19252 0.807478
0.662383 1.32477 2.0257
0.466455 0.932911 3.20127
0.683242 1.36648 1.90055
1.38289 1.64886 0.684501
1.79328 1.60336 0.396639
2.01099 1.25523 1.5554
0.641743 1.28349 2.14954
1.09735 1.95132 0.0486774
2.48785 1.25607 0.743926
0.186594 0.373187 4.88044
0.751035 1.50207 1.49379
0.622608 1.24522 2.26435
1.79457 1.35305 1.36487
1.67026 1.51951 0.842311
2.33367 1.04876 2.39307
1.90244 1.54878 0.451223
0.173809 0.347617 4.95715
2.364 1.318 0.682001
0.19939 0.39878 4.80366
1.48491 1.75755 0.242453
0.428559 0.857117 3.42865
1.4824 1.46702 1.21866
0.276422 0.552845 4.34147
2.73818 1.13091 0.869092
0.378198 0.756395 3.73081
0.6037 1.2074 2.3778
2.77142 1.01278 1.57892
2.86868 1.06566 0.934342
1.83768 1.2143 1.98303
0.0364935 0.0729871 5.78104
0.453812 0.907624 3.27713
1.38871 1.80565 0.194354
0.340185 0.68037 3.95889
5.24204e-16 7.46249e-16 6
0.110616 0.221231 5.33631
0.849707 1.69941 0.901759
0.161055 0.32211 5.03367
0.403369 0.806738 3.57978
0.301936 0.603871 4.18839
0.553053 1.10611 2.68168
0.212221 0.424441 4.72668
2.24636 1.37682 0.623183
0.0243088 0.0486176 5.85415
0.0857071 0.171414 5.48576
2.01633 1.49183 0.508166
0.49178 0.98356 3.04932
0.0733203 0.146641 5.56008
0.0609961 0.121992 5.63402
0.0487314 0.0974628 5.70761
2.45498 1.07791 1.87741
1.42729 1.39392 1.5369
0.250734 0.501467 4.4956
0.135706 0.271413 5.18576
1.29562 1.85219 0.147811
2.1393 1.30226 1.13548
0.479108 0.958217 3.12535
1.32 1.5701 0.993595
2.57008 1.10936 1.39566
0.823737 1.64747 1.05758
0.773709 1.54742 1.35775
0.705453 1.41091 1.76728
2.09625 1.12703 2.18646
2.3504 1.20707 1.26392
0.365476 0.730951 3.80715
0.963394 1.92679 0.219635
2.23435 1.16451 1.71896
0.390803 0.781605 3.65518
0.352895 0.705789 3.88263
0.902381 1.80476 0.585713
1 2 1.23507e-15
1.89578 1.41073 0.997991
0.148345 0.296691 5.10993
0.416005 0.832009 3.50397
0.314709 0.629418 4.11175
0.521069 1.04214 2.87359
0.875718 1.75144 0.745691
0.237872 0.475744 4.57277
0.327473 0.654946 4.03516
0.123124 0.246247 5.26126
0.0121483 0.0242965 5.92711
2.12845 1.43577 0.564226
0.586654 1.17331 2.48008
2.61272 1.00028 2.15891
1.58401 1.708 0.292003
0.569726 1.13945 2.58164
2.99889 1.00048 1.00001
0.728111 1.45622 1.63133
0.506387 1.01277 2.96168
0.225097 0.450195 4.64942
1.1978 1.9011 0.0989012
