0.890827 2.21839
1.87803 0.243979
1.79777 0.404495
1.95916 0.0817258
1.64016 0.719724
1.54299 0.914069
1.32763 1.34478
0.575699 2.84865
0.134034 3.73198
0.734342 2.53136
1.7779 0.444252
0.17805 3.64394
0.910466 2.17911
1.0888 1.82245
1.30782 1.38439
1.93875 0.122543
0.792924 2.41419
0.514965 2.97011
0.773438 2.45317
0.371087 3.25787
0.350002 3.30004
1.02908 1.94187
0.286104 3.42783
1.73828 0.523489
1.83773 0.32458
0.412451 3.17514
1.69888 0.602289
1.42596 1.14812
1.6012 0.797643
0.930177 2.13969
0.111973 3.7761
0.0897765 3.82049
1.36708 1.26588
0.433092 3.13386
0.535307 2.92943
0.714741 2.57056
1.50406 0.991924
1.38675 1.22655
0.831967 2.33611
0.949938 2.10017
1.22847 1.5431
1.40637 1.18731
1.97957 0.0409037
1.85778 0.284485
1.81769 0.364663
0.30742 3.3852
1.16866 1.66273
1.58181 0.836433
1.26819 1.46366
0.655625 2.68879
0.474242 3.05156
1.43655e-05 4.00001
1.14868 1.70268
1.67927 0.641497
1.52353 0.952974
0.0451934 3.90966
0.555531 2.88898
1.00923 1.98157
0.675353 2.64934
1.48458 1.03088
1.10876 1.78252
1.12872 1.7426
1.24837 1.5033
0.156104 3.68784
0.328729 3.34259
1.28804 1.42396
0.264701 3.47064
0.595773 2.8085
0.494657 3.01073
1.91839 0.163256
1.89817 0.203704
1.62068 0.758684
0.243277 3.51349
1.06887 1.8623
0.871202 2.25764
0.969678 2.06069
1.20858 1.58289
0.989399 2.02124
0.635694 2.72865
1.44553 1.10898
1.5624 0.875241
1.34738 1.30528
1.46508 1.06988
2.00001 1.4379e-05
0.812445 2.37515
0.453592 3.09286
0.75393 2.49218
1.75809 0.48387
1.71861 0.562816
0.0226915 3.95466
0.39179 3.21646
0.85159 2.29686
0.221567 3.55691
0.0675236 3.865
0.695023 2.61
1.04898 1.90208
1.65971 0.680615
0.199971 3.6001
1.18863 1.62279
0.615826 2.76839
