0.217689 0.435378 4.69387
0.205812 0.411624 4.76513
1.94601 1.16903 2.11727
2.55729 1.00023 2.32554
0.13581 0.271621 5.18514
0.663998 1.328 2.01601
1.85263 1.32161 1.43748
0.302022 0.604043 4.18787
0.044985 0.0899701 5.73009
0.0112073 0.0224145 5.93276
0.931708 1.86342 0.409755
0.591043 1.18209 2.45374
0.158914 0.317828 5.04652
2.08865 1.45568 0.544324
0.625976 1.25195 2.24414
1.69931 1.26864 1.84663
2.87166 1.06417 0.935831
0.289902 0.579804 4.26059
2.999 1.00044 0.999923
0.338461 0.676922 3.96923
0.147324 0.294648 5.11606
1.83862 1.58069 0.419309
0.253618 0.507236 4.47829
0.904013 1.80803 0.575919
1.35301 1.52632 1.11473
1.47495 1.58872 0.797635
1.43475e-15 2.656e-15 6
0.386808 0.773617 3.67915
0.0675537 0.135107 5.59468
0.422985 0.845969 3.46209
0.112911 0.225822 5.32253
0.683309 1.36662 1.90015
1.97232 1.37539 1.04631
1.7139 1.64305 0.356948
0.876868 1.75374 0.738794
0.362754 0.725508 3.82348
2.07991 1.22136 1.63612
0.824822 1.64964 1.05107
1.74973 1.48044 0.898972
0.326297 0.652595 4.04222
0.182245 0.364491 4.90653
2.37671 1.0627 2.17335
0.314132 0.628265 4.11521
0.410901 0.821801 3.5346
0.0788593 0.157719 5.52684
0.727662 1.45532 1.63403
2.76774 1.00033 1.69394
0.374745 0.74949 3.75153
0.705283 1.41057 1.7683
0.799504 1.59901 1.20297
2.73785 1.13108 0.868925
0.0224411 0.0448822 5.86535
1 2 5.55261e-13
0.774777 1.54955 1.35134
2.47797 1.26101 0.738987
0.962921 1.92584 0.222473
2.60449 1.19775 0.802246
2.21309 1.39345 0.606545
0.101532 0.203064 5.39081
0.750484 1.50097 1.49709
0.0562556 0.112511 5.66247
0.47095 0.9419 3.1743
0.573714 1.14743 2.55772
0.458921 0.917842 3.24647
1.55233 1.43341 1.28286
1.34955 1.82523 0.174775
0.350612 0.701224 3.89633
1.32343 1.67956 0.639837
1.46081 1.37445 1.58791
0.265676 0.531351 4.40595
1.58848 1.70576 0.294238
0.525412 1.05082 2.84753
0.446968 0.893935 3.31819
1.96051 1.51975 0.480255
0.608452 1.2169 2.34929
2.25867 1.12932 1.90252
0.17051 0.341019 4.97694
1.46771 1.76615 0.233855
2.5896 1.08425 1.5193
0.0337063 0.0674125 5.79776
0.482971 0.965942 3.10217
0.850537 1.70107 0.896777
0.124335 0.24867 5.25399
0.557265 1.11453 2.65641
2.19689 1.27519 1.17551
2.40886 1.17283 1.34613
0.229619 0.459238 4.62229
2.34383 1.32808 0.671917
0.541352 1.0827 2.75189
0.241585 0.48317 4.55049
0.0901843 0.180369 5.45889
0.494937 0.989873 3.03038
0.398847 0.797694 3.60692
1.11368 1.94316 0.0568381
0.43494 0.86988 3.39036
0.510181 1.02036 2.93891
0.644841 1.28968 2.13095
1.23152 1.88424 0.11576
0.277781 0.555562 4.33331
0.19403 0.38806 4.83582
