0.193344 0.386689 4.83993
1.72491 1.39766 1.25365
2.29959 1.3502 0.649796
0.240914 0.481828 4.55451
0.44533 0.890659 3.32802
0.276394 0.552788 4.34164
0.457611 0.915221 3.25434
2.19099 1.09576 2.26429
0.371896 0.743792 3.76862
0.420726 0.841453 3.47564
2.71775 1.14113 0.858873
1.22212 1.88894 0.11106
0.57629 1.15258 2.54226
1.51635 1.57746 0.796218
1.8681e-10 1.86821e-10 6
0.612642 1.22528 2.32415
0.757677 1.51535 1.45394
0.32388 0.647759 4.05672
2.60542 1.09625 1.39995
0.66954 1.33908 1.98276
0.804713 1.60943 1.17172
1.74364 1.25307 1.87987
2.58021 1.2099 0.790104
0.181385 0.36277 4.91169
2.46606 1.05859 2.00567
1.56248 1.71876 0.28124
2.77842 1.00031 1.66217
0.109305 0.218611 5.34417
1.36965 1.44546 1.38656
0.384023 0.768046 3.69586
2.07997 1.33548 1.07062
0.229062 0.458124 4.62563
0.0971453 0.194291 5.41713
1.79781 1.6011 0.398904
0.906198 1.8124 0.56281
0.12136 0.24272 5.27184
0.217161 0.434322 4.69704
1.10913 1.94543 0.0545672
0.300116 0.600232 4.1993
0.0486007 0.0972014 5.7084
0.157481 0.314961 5.05512
0.133388 0.266776 5.19967
0.432986 0.865972 3.40208
1.40138 1.52237 1.08958
0.828679 1.65736 1.02792
0.25273 0.505461 4.48362
0.0729383 0.145877 5.56237
1.91888 1.54056 0.459442
0.359791 0.719583 3.84125
0.16944 0.33888 4.98336
2.04147 1.47926 0.520736
0.853962 1.70792 0.876225
1.53785 1.34816 1.63421
0.408446 0.816892 3.54932
0.0121481 0.0242962 5.92711
0.264563 0.529126 4.41262
2.99868 1.00035 1.00158
0.541775 1.08355 2.74935
0.288268 0.576536 4.27039
0.78112 1.56224 1.31328
0.963993 1.92799 0.21604
2.16994 1.41503 0.584968
0.347776 0.695553 3.91334
0.311992 0.623984 4.12805
0.0243112 0.0486225 5.85413
1.9314 1.29712 1.45448
0.933483 1.86697 0.399102
2.3479 1.14002 1.6656
0.690512 1.38102 1.85693
1.96745 1.17166 2.07469
0.494578 0.989156 3.03253
2.86502 1.06749 0.932511
0.558985 1.11797 2.64609
0.0607355 0.121471 5.63559
0.205275 0.410551 4.76835
0.510134 1.02027 2.9392
0.482248 0.964496 3.10651
1.32586 1.67922 0.638797
1.8134 1.45597 0.918373
0.52573 1.05146 2.84562
1.68187 1.65907 0.340933
0.594405 1.18881 2.43357
0.145505 0.29101 5.12697
0.0364947 0.0729894 5.78103
2.56742 1.00021 2.29543
0.879742 1.75948 0.721547
1 2 1.86552e-10
2.43737 1.28131 0.718686
0.335795 0.671591 3.98523
1.33502 1.83249 0.167509
0.734579 1.46916 1.59252
0.631403 1.26281 2.21158
0.396206 0.792413 3.62276
1.44765 1.77617 0.223827
2.31408 1.23089 1.20184
0.0850049 0.17001 5.48997
0.469922 0.939844 3.18047
0.711786 1.42357 1.72928
2.13678 1.21149 1.60452
0.650417 1.30083 2.0975
