1.75919 0.48161
0.919178 2.16164
1.26778 1.46444
1.71635 0.567292
0.958073 2.08385
1.69524 0.609518
0.977466 2.04507
1.17048 1.65905
0.605415 2.78917
1.61122 0.777552
0.229068 3.54186
1.93367 0.132664
1.95575 0.0884908
1.24826 1.50348
0.0423459 3.91531
1.52859 0.942815
0.664267 2.67147
0.20844 3.58312
0.105218 3.78956
0.449053 3.10189
1.40668 1.18664
1.3867 1.2266
1.07398 1.85204
1.48773 1.02455
0.683933 2.63213
1.56976 0.860481
0.880148 2.2397
1.447 1.10601
0.330048 3.3399
0.507704 2.98459
0.996781 2.00644
0.821458 2.35708
1.42683 1.14634
0.16745 3.6651
1.63214 0.735711
0.899658 2.20068
1.46736 1.06529
1.82401 0.351978
1.86773 0.26454
1.20927 1.58146
1.65312 0.693763
0.782249 2.4355
1.09323 1.81353
0.370058 3.25988
0.146775 3.70645
0.742931 2.51414
0.84101 2.31798
1.18987 1.62026
0.389879 3.22024
1.22875 1.54251
8.88409e-10 4
0.0212001 3.9576
1.91155 0.17691
0.269753 3.46049
0.409753 3.18049
0.7626 2.4748
1.0161 1.9678
1.80239 0.395229
0.28997 3.42006
1.67417 0.651667
0.488164 3.02367
1.78075 0.438494
0.58587 2.82826
0.429411 3.14118
0.188112 3.62378
1.34666 1.30667
0.309996 3.38001
0.860575 2.27885
0.723249 2.5535
1.05472 1.89056
0.0843286 3.83134
1.32672 1.34656
0.350194 3.29961
2 1.04964e-09
0.566314 2.86737
1.88951 0.22098
1.97787 0.044253
1.13178 1.73644
0.125988 3.74802
1.59038 0.819248
1.54916 0.901688
0.249512 3.50098
0.52725 2.9455
1.36671 1.26658
1.11251 1.77498
1.30706 1.38588
0.625005 2.74999
1.50816 0.983681
1.73778 0.524443
1.84584 0.308315
1.03541 1.92918
0.546763 2.90647
0.468606 3.06279
0.644628 2.71074
0.938619 2.12276
0.703575 2.59285
1.28737 1.42526
1.15108 1.69784
0.0633983 3.8732
0.801866 2.39627
