2.83859e-16 2.83859e-16 6
0.559881 1.11976 2.64071
0.288537 0.577073 4.26878
2.05516 1.23842 1.58063
1.8625 1.56875 0.43125
1.46056 1.60244 0.765088
1.51543 1.45109 1.24893
0.594135 1.18827 2.43519
0.542893 1.08579 2.74264
0.0696443 0.139289 5.58213
0.715339 1.43068 1.70797
0.398931 0.797861 3.60642
0.0462585 0.0925171 5.72245
0.214256 0.428513 4.71446
0.300873 0.601746 4.19476
0.362384 0.724768 3.8257
0.962787 1.92557 0.223276
0.116972 0.233945 5.29817
0.386783 0.773567 3.6793
0.576975 1.15395 2.53815
1.74977 1.62512 0.374883
1.42463 1.78768 0.212317
0.0346442 0.0692885 5.79213
2.59283 1.09208 1.45777
1.32015 1.83992 0.160077
1.88483 1.19702 2.02593
2.39546 1.1847 1.30379
2.18061 1.28622 1.14759
2.21356 1.39322 0.606779
0.165231 0.330463 5.00861
0.201911 0.403822 4.78853
1.97619 1.51191 0.488093
0.226644 0.453288 4.64013
2.33885 1.33058 0.669425
0.0931954 0.186391 5.44083
0.902027 1.80405 0.587839
0.189638 0.379276 4.86217
1.82293 1.33715 1.40233
1.9479 1.38575 1.0347
0.447438 0.894875 3.31537
1.43747 1.39181 1.53754
0.871377 1.74275 0.771737
0.65172 1.30344 2.08968
0.0814082 0.162816 5.51155
1.64198 1.67901 0.320988
0.762624 1.52525 1.42426
0.671877 1.34375 1.96874
0.930959 1.86192 0.414249
0.841634 1.68327 0.950199
0.105054 0.210109 5.36967
0.0230623 0.0461247 5.86163
0.788424 1.57685 1.26946
2.99959 1.0002 0.999814
1.72906 1.48954 0.888131
1.21322 1.89339 0.106609
1.53106 1.73447 0.265529
0.0115219 0.0230437 5.93087
0.631803 1.26361 2.20918
0.325614 0.651229 4.04631
0.45948 0.91896 3.24312
0.526782 1.05356 2.83931
0.153076 0.306152 5.08154
2.7305 1.13475 0.865251
0.251383 0.502766 4.4917
2.09462 1.45269 0.54731
1.33341 1.54739 1.05868
0.423213 0.846426 3.46072
2.26399 1.14618 1.78197
0.471542 0.943084 3.17075
0.483628 0.967255 3.09823
1.6573 1.28723 1.79799
0.411128 0.822257 3.53323
2.46958 1.26521 0.73479
2.55875 1.00012 2.32247
2.5959 1.20205 0.797949
1.27977 1.69929 0.616083
0.350162 0.700323 3.89903
0.141003 0.282006 5.15398
0.177421 0.354841 4.93548
0.738785 1.47757 1.56729
0.276129 0.552258 4.34323
0.435305 0.87061 3.38817
0.337774 0.675548 3.97336
2.1403 1.10516 2.27635
0.0579383 0.115877 5.65237
0.23901 0.47802 4.56594
0.12895 0.257899 5.2263
0.612893 1.22579 2.32264
2.86892 1.06554 0.934461
1.10479 1.94761 0.0523929
0.511199 1.0224 2.9328
1 2 7.04809e-15
0.263757 0.527515 4.41746
0.81476 1.62952 1.11144
2.43974 1.0614 2.04323
0.495606 0.991211 3.02637
0.374555 0.749111 3.75267
0.313235 0.626471 4.12059
2.77884 1.00016 1.66213
0.692261 1.38452 1.84644
