1.23396 1.43702 4.20156
1.7365 1.17584 2.39838
0.000267174 0.00241628 6.00023
0.00338681 4.00008 8.95693e-05
0.825006 3.20721 2.59459
0.715106 4.48038e-05 5.60345
1.1545 2.80464 2.51146
9.01849e-05 3.56745 2.71419
1.52339 1.12264 3.50421
1.23103 2.94095 1.70363
1.49474 4.64534e-05 3.98665
0.818841 2.02128 4.55806
1.03468 1.77163 4.3937
1.3751 2.90469 4.48437e-05
1.70625 4.48193e-05 3.13048
1.61906 1.32372 2.91013
1.26901 2.46963 2.79023
4.66016e-05 2.78649 4.30474
1.08209 3.36407 4.49037e-05
1.19547 2.26007 3.4127
1.1646 4.47959e-05 4.87798
4.62381e-05 2.20262 5.00848
0.684473 3.47302 2.15574
0.370706 4.48166e-05 5.8961
1.346 2.64338 1.99364
1.28197 3.07033 4.48509e-05
4.72587e-05 3.79991 1.87416
0.563499 2.26082 4.65234
1.81561 1.23448 1.7045
0.000135536 1.75892 5.38901
1.61026 2.37257 4.48038e-05
0.603496 1.0851 5.48442
0.940087 1.45638 4.8246
9.03612e-05 1.99485 5.20078
1.67761 2.17811 8.95596e-05
1.37488 2.06097 3.07152
4.56872e-05 3.90045 1.33063
0.65961 1.83376 4.95186
2.00046 0.000456277 0.000457515
0.587753 2.84347 3.83431
0.858394 3.61302 8.95726e-05
1.12234 2.00559 3.95173
0.974551 3.49318 8.95515e-05
0.583879 3.65228 1.70881
1.69406 1.65528 2.00214
0.963358 4.4817e-05 5.25821
4.63101e-05 3.13111 3.73393
4.58393e-05 1.49925 5.56268
1.85407 1.50015 4.49081e-05
0.94174 2.94409 2.91875
5.18093e-05 0.898248 5.84683
1.18293 3.22543 4.48377e-05
1.57018 4.48302e-05 3.7165
1.06898 4.48149e-05 5.07118
0.901053 2.25965 4.14818
1.60364 2.05073 1.84294
0.55317 1.55538 5.27307
1.49403 2.40637 1.69817
0.567847 3.83546 4.49785e-05
8.98733e-05 2.61639 4.53867
1.44087 2.24558 2.44429
1.54523 1.82653 2.64721
0.378699 3.9277 4.48174e-05
0.560121 4.48024e-05 5.75998
1.95066 0.883421 4.48022e-05
1.90719 1.2047 4.49643e-05
0.919557 3.34223 1.80534
0.657855 3.07004 3.3015
1.46254 1.62012 3.29315
0.852342 4.49089e-05 5.42796
0.722556 3.72991 4.51074e-05
9.72243e-05 3.27684 3.44125
0.560358 3.32945 2.86967
0.818022 1.2441 5.1476
0.662392 2.50811 4.23068
5.52067e-06 3.68523 2.33304
1.30121 1.81101 3.6584
0.838537 2.74213 3.57161
9.36701e-05 2.96344 4.03019
1.25438 4.48848e-05 4.67335
1.12933 1.231 4.59511
1.92113 4.53452e-05 1.66881
4.50305e-05 2.41344 4.78491
1.7406 1.97032 5.3312e-05
1.76657 5.02602e-05 2.81334
1.4176 4.47993e-05 4.23262
1.33986 4.47995e-05 4.45471
1.53484 2.56474 4.4937e-05
1.05856 3.10824 2.04513
1.79705 1.75592 4.49478e-05
1.45347 2.74782 4.49939e-05
4.55865e-05 1.23353 5.70764
1.38265 1.26124 3.90112
1.64381 4.50963e-05 3.41801
0.973903 2.44622 3.74182
1.06982 2.62483 3.19362
1.82253 4.48133e-05 2.47126
1.96574 4.663e-05 1.10663
4.54692e-05 3.42852 3.09077
1.87423 4.48111e-05 2.09454
