1.58158 2.44836
1.93424 1.01725
1.99052 0.388987
1.71841 2.04654
1.86259 1.45705
0.830672 3.63867
0.926592 3.54481
0.949648 3.52032
1.90488 1.21894
1.21895 3.17122
1.44493 2.76564
0.805607 3.66115
0.376483 3.92849
1.87349 1.40007
1.91492 1.15426
1.96912 0.700174
1.85146 1.51273
1.65183 2.25517
2.00059 0.00218355
1.4288 2.79895
1.55241 2.52193
1.94348 0.944212
1.61012 2.37279
1.84022 1.56665
0.552456 3.84437
1.99619 0.246826
0.672266 3.76726
1.1614 3.25647
1.10119 3.33908
1.89459 1.28145
0.000710483 4
1.34505 2.9603
1.49211 2.66355
1.41246 2.83193
1.984 0.504897
0.292177 3.95709
0.48647 3.87987
1.37915 2.89685
1.46085 2.73198
1.92472 1.08709
1.82876 1.61944
0.41491 3.91298
1.20003 3.19995
1.18085 3.22838
0.727491 3.72599
1.14165 3.28429
1.59591 2.41086
0.191433 3.98163
1.95239 0.867596
1.03822 3.41883
0.127667 3.99184
0.244718 3.96994
0.520112 3.86237
1.23763 3.14215
0.451481 3.89675
1.66541 2.21486
1.76889 1.86657
1.6922 2.13211
1.53759 2.55798
1.25608 3.11273
1.39591 2.86457
1.63808 2.29494
0.855236 3.61584
1.8171 1.67109
1.56708 2.48536
1.79331 1.77091
0.780099 3.68318
0.583818 3.82578
1.73123 2.00283
1.96095 0.786536
0.754089 3.70478
1.2743 3.08296
1.3622 2.92876
1.52262 2.59356
0.614134 3.80675
0.700208 3.74684
1.47657 2.69796
1.31009 3.02236
1.62418 2.33412
1.67888 2.17382
1.75652 1.91273
0.335761 3.94323
1.01661 3.44471
1.12156 3.31185
1.05957 3.39253
1.74397 1.95814
1.78112 1.81945
1.50746 2.62873
1.08056 3.36594
1.80527 1.72164
0.903173 3.56891
1.29229 3.05285
1.97683 0.607077
0.643575 3.78725
1.88409 1.34196
0.972346 3.49545
0.994613 3.4703
1.32767 2.99152
1.70536 2.08972
0.879396 3.59258
