0.602894 1.90607 4.95522
1.56181 2.4986 1.67294e-14
1.86609 1.43903 1.51706e-14
8.62104e-13 3.72681 2.17932
0.572825 2.92101 3.72145
0.56222 3.26458 3.02916
1.0099e-14 0.00143709 6
0.961453 3.28312 1.8515
0.739222 2.67691 3.86765
1.84436 1.07197 1.67314
0.787615 1.30825 5.15423
1.21898 2.32876 3.22874
4.82155e-14 2.51425 4.66656
1.81055 1.6993 1.51706e-14
2.38629e-13 2.09579 5.1105
1.83327 5.60601e-15 2.39837
1.13206e-13 2.69416 4.4349
1.96306 0.765183 1.40472e-14
1.10539 1.36025 4.56507
0.557094 6.34375e-14 5.76254
4.4931e-14 2.32108 4.88654
0.874139 1.6898 4.76426
1.45576 1.79006 3.11725
0.700958 2.15577 4.59581
0.369991 1.23727e-14 5.89644
1.5038 1.3379 3.40877
0.797184 3.48725 1.70836
1.50193 6.71745e-15 3.96204
1.89265 5.61328e-15 1.93932
1.58135 1.71326 2.62479
0.655098 3.4134 2.43355
1.24967 8.1797e-15 4.68455
1.07566 3.37221 1.01945e-14
1.30566 1.90096 3.53927
3.92349e-13 4 4.69129e-15
0.940764 2.85595 3.11169
0.985832 1.13125 4.93698
1.23207 2.86569 1.96486
8.34781e-13 3.60717 2.59301
0.707733 1.25641e-14 5.61178
1.77455 5.59882e-15 2.76744
7.047e-13 3.03756 3.90381
1.75316 1.92503 1.45272e-14
2 5.25939e-15 5.38185e-15
1.69144 2.13451 1.45272e-14
1.57354 6.72622e-15 3.70346
0.857547 3.61365 1.45272e-14
1.42667 5.55621e-15 4.20493
1.38894e-13 3.35028 3.27797
1.34024 8.19079e-15 4.45352
2.30875e-13 1.56009 5.52483
1.19971 1.68945 4.07729
0.88736 2.32335 4.09487
1.9162 1.14571 1.40472e-14
1.31676 2.49281 2.53251
6.13507e-14 0.915433 5.84076
1.51123 2.23767 2.0444
1.4911 2.66579 1.67294e-14
1.11009 2.141 3.8204
1.38839 1.29755 3.85528
0.949785 1.27253e-14 5.28026
0.439443 3.90225 1.00932e-14
0.970745 3.49723 1.01945e-14
1.17335 3.23929 1.67294e-14
1.15009e-13 1.8415 5.32635
0.552456 3.64521 1.83197
1.64404 1.91115 1.85904
1.39312 2.6028 1.81389
1.25787 3.10984 1.67294e-14
3.00736e-13 1.26864 5.69023
1.27544 1.14986 4.28771
1.44405e-13 3.49106 2.92884
3.864e-13 3.83345 1.71335
0.60211 3.81443 1.00932e-14
0.989435 1.91836 4.34844
1.1639 8.16919e-15 4.87935
1.75319 1.49767 1.81389
1.62585 2.32947 1.67294e-14
1.40221 2.14501 2.81989
0.590367 1.1117 5.48475
9.38207e-13 3.19894 3.60211
1.33834 2.97245 1.01945e-14
0.734021 3.72087 1.67294e-14
1.62255 1.1798 3.02886
1.13878 2.69955 2.8163
6.0178e-13 2.8635 4.18936
1.41673 2.82338 1.67294e-14
0.702455 3.0241 3.31397
1.06037 1.27639e-14 5.08729
0.841435 1.26398e-14 5.44315
1.00731 2.53304 3.5258
1.64421 5.58286e-15 3.41601
1.07039 3.03495 2.22795
0.848959 3.15297 2.67313
1.94567 5.61977e-15 1.38894
0.534441 1.6117 5.25213
0.615582 2.48249 4.32705
1.6099e-13 3.92653 1.14469
1.71169 5.59112e-15 3.1034
1.71219 1.24715 2.47307
