0.553981 3.16424 3.27262
0.457891 3.89376 1.12635e-10
2.00089 0.000893928 0.00088996
0.8311 3.00893 3.06802
1.55667 2.23834 1.70826
1.24053 1.1553e-10 4.70635
1.74483 8.38127e-11 2.93262
0.946637 3.52357 1.14938e-10
4.37483e-11 3.69582 2.29501
4.01357e-11 0.897403 5.84705
1.01961 3.26646 1.62376
0.679589 3.2864 2.74636
0.669262 2.88952 3.63082
1.94324 9.451e-11 1.41922
1.4598 2.73422 1.0397e-10
1.80884 1.70656 5.74124e-11
3.7195e-11 2.80558 4.27664
1.81944 9.79213e-11 2.49131
0.857542 2.5497 3.84115
1.68529 2.15389 3.65505e-11
1.83339 1.20292 1.57873
1.21637e-10 3.56831 2.71129
1.47376 1.25204 3.59515
0.999253 2.18656 4.03188
1.48386 2.06305 2.57039
1.33528 2.70727e-10 4.4669
3.49079e-11 2.97905 4.00399
1.33925 2.24694 2.91513
1.66884 2.84602e-10 3.30678
1.42116 2.46686 2.03236
0.831795 3.3932 1.96648
1.86796 1.42928 2.81488e-10
1.42448 3.54137e-10 4.21161
1.50823 1.57901e-10 3.94046
0.705864 2.39847 4.30956
4.54433e-11 3.42805 3.09177
0.878077 9.89086e-11 5.39081
0.685703 3.58308 1.69755
4.13686e-11 3.81322 1.81204
0.906736 1.17946 5.04696
1.40093 1.80448 3.31816
1.08566 1.04974 4.78672
1.74924 1.93925 9.12157e-11
1.18299 3.22523 1.57097e-10
1.62405 1.86806 2.10011
0.963141 2.70731 3.34062
5.41207e-11 1.229 5.70977
0.676382 1.40666 5.23741
0.800845 1.72016 4.85491
3.55966e-11 1.76846 5.38175
1.12714 2.99746e-10 4.95642
2.53024e-11 3.12462 3.74602
1.07036 2.84461 2.7354
1.61192 2.36788 4.44142e-11
1.00547 2.01089e-10 5.18664
1.27584 3.08041 1.59012e-10
1.53344 2.56793 7.69103e-11
0.810738 3.65661 5.75721e-11
0.615911 2.18231 4.67656
1.67644 1.32023 2.60466
2.84616e-11 1.51295 5.55425
1.15367 2.99869 1.94657
1.92069 1.11529 4.56566e-11
0.518264 3.73468 1.48324
5.01844e-11 2.62034 4.53333
1.31673 2.79726 1.67048
1.8867 2.6842e-11 1.99078
6.14054e-11 3.91752 1.21216
1.33376 1.41129 3.93808
5.23266e-11 2.24126 4.96968
0.743728 3.27873e-11 5.56972
0.894412 1.99698 4.4528
1.37068 2.9129 1.56166e-10
0.942577 3.13632 2.42319
1.18271 2.48324 3.08808
0.592147 1.54724e-10 5.73099
1.587 3.03665e-10 3.65142
0.540947 3.49217 2.43455
2.52862e-11 0.000602072 6
0.395255 9.46785e-11 5.88166
1.54513 1.63216 2.9188
0.649926 3.78291 8.48247e-11
1.60708 1.10305 3.16513
1.2278 1.22303 4.36657
1.25792 2.64416 2.45512
1.06961 3.3799 4.69665e-11
1.10314 2.34439 3.56108
1.23789 1.96777 3.67376
0.571252 1.14488 5.48761
0.546677 1.87578 5.03921
1.01806 1.54758 4.61338
4.25718e-11 4 2.67986e-11
3.96511e-11 2.43707 4.75779
3.91199e-11 3.28195 3.42999
1.77829 1.0328 2.26697
1.13472 1.75935 4.17699
5.16672e-11 2.01537 5.18277
1.7272 1.62145 1.79879
0.56712 2.70047 4.08622
1.96595 0.73498 7.37458e-11
