0.829393 1.7422 4.79434
1.16882 2.9428 2.05546
0.000242716 3.6032 2.60639
1.81279 1.69044 0.000134363
1.3438 2.25705 2.87957
0.737227 3.52422 1.78019
1.67868 0.00026924 3.26315
0.553351 3.67849 1.67454
0.940082 1.99118 4.37397
1.21176 1.26723 4.37909
0.689026 3.21754 2.90513
0.000318617 2.69493 4.43461
1.33624 0.00022664 4.46516
2.00177 0.00177635 0.00209525
0.578148 3.82944 0.000134371
0.000315382 0.742923 5.89601
0.000316303 3.34584 3.2892
0.669823 2.21105 4.57907
0.00221915 4.00222 0.00343733
0.000316705 1.38868 5.62731
1.05255 1.41037 4.64308
0.000323592 3.03188 3.91462
1.1602 2.44624 3.22926
0.379137 3.92766 0.00013435
0.900041 0.000225256 5.35868
0.000235419 2.32891 4.87864
0.76526 0.00027201 5.54402
0.951549 2.61668 3.52908
0.994904 3.47016 8.98482e-05
1.54992 2.52835 9.02045e-05
1.60051 0.000275615 3.59933
1.25812 2.61037 2.5357
0.000271865 2.87717 4.16894
1.56028 1.11303 3.36378
0.000236061 3.72516 2.18682
1.4312 0.000269403 4.19215
0.558726 3.0754 3.45245
1.05587 2.23646 3.83653
1.30428 3.03276 0.000134352
1.1453 0.000198885 4.91942
0.735034 3.72031 0.000134393
1.51741 0.000199414 3.90949
1.95467 0.848166 0.000134424
1.02554 0.000239143 5.15182
0.873457 3.59864 0.000134349
0.444936 0.000236859 5.85004
0.000406698 3.47912 2.9621
1.37006 1.09731 4.05084
1.2389 0.000313832 4.71126
1.70342 1.24057 2.5357
1.59331 1.49728 2.84844
0.000282903 3.82382 1.76271
1.47936 2.69227 0.000134355
1.13364 1.79815 4.14289
1.91118 1.17979 0.000134346
0.934429 1.13565 5.02435
0.671021 2.77972 3.81679
1.74394 0.000225719 2.93878
1.64435 1.81902 2.0557
1.24566 2.0619 3.53193
1.57065 2.19448 1.72266
0.83559 2.92928 3.22711
1.33391 2.75234 1.71722
0.000427257 0.00388202 6.00042
1.04926 3.21303 1.69413
1.10996 3.32777 0.000134355
0.562259 2.56707 4.28188
0.000360676 1.64342 5.47081
0.595308 3.4322 2.51339
1.21666 3.17507 0.000134367
1.45494 1.35262 3.58312
0.568791 1.94694 4.95628
1.41699 1.83736 3.21618
1.7563 1.91416 0.000134353
1.805 0.000226084 2.5858
0.000324514 2.50449 4.67906
0.000273397 3.19414 3.6125
1.43472 2.42715 2.05546
1.86498 1.4456 0.000134337
0.00031648 2.11145 5.09659
0.000316907 3.90917 1.27387
1.30401 1.62421 3.84281
0.616478 0.00022921 5.70831
1.06917 2.78854 2.86723
0.830729 2.41091 4.08946
1.69575 2.12134 0.000134409
0.868949 3.33228 2.05545
1.9669 0.000226161 1.09102
0.688243 1.46538 5.18806
1.39513 2.86636 9.0213e-05
1.86541 0.00027148 2.16623
1.92065 0.000225841 1.67583
0.000317478 1.87314 5.30203
0.000244354 1.09945 5.76925
0.953399 3.07822 2.55083
1.50424 2.00197 2.57354
1.62765 2.32477 9.02775e-05
1.74323 1.5725 1.75848
0.600156 1.17357 5.4465
1.82109 1.11155 1.838
