0.247647 3.96922
1.0994 3.34145
1.87338 1.40064
1.49375 2.65985
1.46131 2.73099
1.60225 2.394
2 4.90845e-08
9.03901e-05 4
0.928073 3.54326
1.94914 0.896351
0.783086 3.68064
1.67485 2.18622
1.01643 3.44492
1.80561 1.72019
1.66067 2.22904
0.833344 3.63623
1.86269 1.45654
1.78119 1.81919
1.71629 2.05363
1.72969 2.00815
0.523535 3.86052
1.74289 1.96197
1.57204 2.4728
0.675759 3.76476
1.25317 3.11741
0.193957 3.98115
1.88383 1.34343
1.54123 2.5492
1.70267 2.09848
0.339209 3.94205
1.03765 3.41953
1.13921 3.28768
1.89401 1.28487
1.98521 0.485507
1.07911 3.3678
0.905017 3.56704
0.972975 3.49475
1.58723 2.43367
1.99097 0.379762
1.95717 0.823385
1.52552 2.58672
1.19711 3.20433
1.8175 1.66936
1.68885 2.14268
1.61711 2.35367
1.37737 2.90024
0.129362 3.99162
1.96485 0.746653
1.41139 2.83406
0.703501 3.74438
1.63178 2.31283
1.32509 2.99609
1.55671 2.51129
0.857691 3.61351
1.92295 1.09955
0.881566 3.59045
1.64632 2.27125
1.47758 2.69575
0.555835 3.84242
1.94073 0.966587
0.455151 3.89504
1.28952 3.05754
0.380017 3.92713
1.9136 1.163
0.757157 3.70228
0.994858 3.47002
0.647109 3.78484
1.93199 1.03427
0.490185 3.878
1.11942 3.31475
1.39446 2.8674
0.418518 3.91144
1.27145 3.08766
1.17805 3.23245
1.21598 3.17577
1.75587 1.91512
1.34268 2.9646
1.50966 2.62368
1.05852 3.39384
0.617713 3.80443
1.30741 3.027
0.295439 3.95612
1.90393 1.22481
1.97891 0.579399
1.76865 1.8675
0.950708 3.51918
1.23469 3.14678
1.42814 2.80029
0.587302 3.82365
1.82916 1.61761
1.3601 2.93266
1.85176 1.51125
1.97209 0.6659
1.44478 2.76594
0.808483 3.65861
1.79351 1.7701
1.15874 3.26026
1.84058 1.56495
1.99599 0.253195
0.730624 3.72354
