1.95748 0.820395
1.46959 2.71316
1.07783 3.36944
1.12055 3.31322
1.56289 2.4959
0.37644 3.92851
1.43698 2.78215
1.89644 1.27046
1.80152 1.73728
1.5478 2.53323
1.51708 2.60651
0.000316329 4
0.867669 3.60397
1.84579 1.54021
1.82407 1.64046
1.53253 2.57009
1.71622 2.05388
1.86668 1.43598
1.69007 2.13884
1.38643 2.88293
0.842173 3.62808
1.22172 3.16696
1.50144 2.64249
0.127579 3.99185
0.292149 3.95709
1.77816 1.831
1.3338 2.98059
1.96503 0.744725
1.09938 3.34148
1.27895 3.07525
1.40349 2.8497
0.816174 3.65177
1.88674 1.32697
0.734856 3.72021
1.26015 3.10614
1.87682 1.38211
1.98525 0.484827
1.24107 3.13671
0.965036 3.50354
1.6767 2.18051
1.62133 2.34205
0.988336 3.47747
0.4873 3.87945
1.59248 2.41992
1.14143 3.2846
1.01128 3.45098
1.97897 0.578558
2 3.0211e-10
1.42033 2.81614
0.789654 3.67502
0.33574 3.94324
1.83503 1.59079
1.29747 3.04405
1.63545 2.30244
1.8129 1.68924
1.78994 1.78451
1.75399 1.922
1.607 2.38121
0.706695 3.74197
1.64939 2.26231
1.70325 2.0966
1.45338 2.74786
0.521479 3.86164
0.677733 3.76334
1.03383 3.42415
0.244674 3.96995
1.74159 1.96658
1.9414 0.961174
0.762553 3.69784
1.85634 1.48863
1.99599 0.253135
1.93291 1.02731
1.91517 1.15262
0.415155 3.91287
0.892673 3.57946
0.941302 3.52928
1.97221 0.664532
1.05601 3.39697
0.617756 3.80441
1.35157 2.9484
1.729 2.01053
1.66314 2.22168
0.648171 3.78411
1.76617 1.87685
0.58649 3.82415
1.9496 0.892302
0.917213 3.55456
1.48561 2.67804
1.36911 2.91585
1.18217 3.22643
1.92416 1.09104
0.451972 3.89652
0.191442 3.98163
1.90591 1.21242
1.20211 3.19682
0.554483 3.8432
1.16196 3.25567
1.57778 2.45813
1.99097 0.379584
1.31571 3.01257
