1.82102 1.65396
0.709009 3.74022
1.71164 2.06908
1.32547 2.99542
1.52656 2.58427
1.17468 3.23735
1.02898 3.42998
0.866209 3.60537
1.55734 2.50973
0.841242 3.62895
1.54208 2.54714
1.36093 2.93112
0.914782 3.55706
1.61637 2.35571
0.622871 3.80107
1.78601 1.80018
1.21381 3.1791
0.562244 3.83869
1.84355 1.55091
1.67206 2.19473
0.938401 3.53237
1.34332 2.96344
1.58729 2.43352
1.11405 3.32198
1.97637 0.613021
1.49499 2.65707
1.51087 2.62089
0.498922 3.87354
1.92578 1.07957
1.77398 1.84717
1.95263 0.865392
1.99546 0.269442
0.530985 3.85645
0.961632 3.50729
0.277373 3.96135
0.7898 3.6749
0.120711 3.99271
0.181393 3.98351
0.890741 3.58139
1.90649 1.20879
0.592864 3.82022
1.8654 1.44261
0.396043 3.92079
1.0069 3.4561
0.431408 3.90584
1.13454 3.29413
1.72445 2.02609
0.000749566 4
1.96096 0.78647
0.46586 3.88997
1.25196 3.11936
1.93507 1.01097
0.680901 3.76105
1.88632 1.32936
1.05072 3.40352
1.98978 0.403842
1.19437 3.20842
1.9163 1.14505
1.41259 2.83167
1.79787 1.75235
1.73709 1.98243
0.319398 3.94866
1.94397 0.940184
0.35868 3.93515
1.68544 2.1534
1.47888 2.69288
0.232059 3.97298
1.09326 3.3495
0.652186 3.78135
0.763443 3.69711
1.76185 1.89304
1.233 3.14942
0.736501 3.71891
1.96887 0.702945
1.57242 2.47183
1.42943 2.79766
1.39556 2.86525
1.07214 3.37669
1.80953 1.70364
1.63064 2.31605
1.98337 0.514747
1.74954 1.93815
1.30743 3.02696
0.815762 3.65214
1.65845 2.23565
1.83235 1.60309
1.15475 3.26592
1.60194 2.39483
1.4626 2.72823
1.28917 3.05813
0.98446 3.48186
1.89651 1.27006
1.64465 2.27607
1.44611 2.76316
1.69863 2.11155
1.27068 3.08893
2 8.69149e-06
1.37834 2.89839
1.85458 1.49735
1.87601 1.38647
