0.000180349 1.49229 5.5671
0.568785 1.85032 5.03933
0.000181159 2.00355 5.19341
1.91014 0.000135771 1.77975
0.835307 1.68785 4.82899
0.68748 2.70146 3.91564
1.12581 1.79576 4.16459
1.24198 0.000181014 4.70351
0.000315146 4.00031 0.00031462
0.000180591 3.67686 2.36333
0.712398 1.37878 5.21174
1.02302 3.4375 0.000179782
0.000180243 2.81631 4.26118
1.59928 0.000181334 3.6038
1.76513 1.55588 1.58847
0.452076 0.000181031 5.84502
1.33443 0.000180627 4.46985
0.829088 2.98719 3.12126
0.946226 1.10315 5.02137
1.53652 1.77237 2.77472
2.00114 0.00114281 0.00140198
1.91919 1.12731 0.000224508
1.66951 1.68089 2.13831
1.03686 2.83886 2.86356
1.72779 1.17884 2.45253
0.000180901 2.97474 4.01166
1.02789 0.00018119 5.14745
1.39134 1.90779 3.22447
0.000733044 0.000386423 6.00031
0.000179736 1.1877 5.72967
0.405542 3.9171 0.000134816
0.000179622 0.793227 5.88107
0.514409 3.71666 1.59476
0.830635 3.43371 1.80909
1.13062 3.01003 2.02977
1.79891 0.000137413 2.62307
1.21598 1.24147 4.38609
0.931733 1.97026 4.41138
0.000137909 3.79495 1.89715
1.6694 2.20355 0.000182278
1.96525 0.744463 0.000180904
1.53123 2.33439 1.62647
0.000180145 1.75609 5.39117
0.7745 3.68815 0.000134776
1.13526 2.48492 3.24257
1.62438 1.3001 2.90869
0.558497 3.17057 3.25293
0.944434 2.6229 3.5355
0.600111 3.5323 2.16649
1.73725 0.000136382 2.97369
1.14443 0.000181396 4.92118
0.659004 3.31931 2.7033
1.22732 2.08485 3.56049
1.86626 1.43934 0.000189827
1.29146 1.64536 3.86133
0.000147585 3.12487 3.74598
1.28807 2.84808 1.67995
0.611818 3.80854 0.000183177
1.00667 3.2544 1.7482
1.60937 2.02856 1.85417
1.518 0.000226015 3.90757
1.55674 1.12713 3.36743
0.000180183 2.23358 4.97781
0.000136913 2.64168 4.50569
1.42991 2.79724 0.000179561
0.551326 2.50735 4.37345
0.000180491 3.28325 3.42775
0.624196 0.000181003 5.70066
0.000179934 2.42598 4.7709
0.581127 1.15163 5.476
1.33565 2.97777 0.000180576
1.80487 1.72427 0.00019008
1.95369 0.000135804 1.28565
1.82733 1.07841 1.8297
1.43007 0.000180448 4.19527
1.3139 2.32744 2.87814
1.59088 2.42479 0.000179722
0.000180553 3.43006 3.08737
0.772682 0.00018099 5.53454
0.912833 3.15382 2.47563
1.22466 2.68063 2.51813
1.67302 0.000225962 3.28897
1.73758 1.98154 0.000179829
0.823126 2.37145 4.15407
0.662665 2.15113 4.65255
1.13325 3.29633 0.000179555
1.23505 3.14666 0.000179591
1.0372 2.24532 3.87055
1.46442 2.17209 2.46772
0.000181557 3.55902 2.73934
1.39415 2.5493 1.97323
1.85742 0.000180925 2.22636
1.05499 1.39562 4.64948
0.000181822 3.89543 1.36428
1.50768 2.62896 0.000224124
0.906044 3.56636 0.000179506
0.899264 0.000180928 5.35974
0.622042 2.91995 3.65272
1.44488 1.40586 3.57413
1.37032 1.09604 4.05083
