0.823441 3.64524
1.58345 2.44351
1.68137 2.16609
0.132245 3.99125
0.797813 3.66797
0.302038 3.95412
0.000782071 4
0.534783 3.85435
1.75834 1.90602
1.69461 2.12444
1.21362 3.17939
0.944008 3.52639
1.05398 3.39949
1.15571 3.26456
0.771646 3.69029
1.96517 0.743252
1.26959 3.09073
0.599569 3.81603
1.85192 1.5105
1.09553 3.34653
1.32371 2.99853
1.84087 1.56358
1.59802 2.40528
1.88395 1.34271
1.70765 2.08223
1.03272 3.42548
1.65434 2.24779
0.427624 3.9075
1.19453 3.20817
1.64055 2.28789
1.66796 2.20716
1.56872 2.48123
1.28784 3.06038
1.0749 3.37319
1.97913 0.576393
0.68915 3.75504
1.72055 2.03934
0.744841 3.71226
0.848555 3.62213
1.99604 0.251662
1.30587 3.02966
0.989144 3.47655
0.346807 3.9394
1.01111 3.45118
0.630333 3.79615
1.62658 2.32743
0.500615 3.87267
0.388459 3.92382
1.87349 1.40007
1.92326 1.09738
1.9724 0.662283
1.79479 1.7649
1.86282 1.45588
1.2325 3.1502
1.98541 0.48226
0.87325 3.59857
1.82961 1.61557
1.42672 2.80318
1.95755 0.819715
0.966674 3.50174
1.45962 2.73459
1.90417 1.22331
1.89418 1.28387
0.920835 3.55081
1.41002 2.83679
0.567773 3.83543
0.464854 3.89046
1.55371 2.51872
0.66013 3.77583
1.53855 2.55566
1.78284 1.81271
1.50759 2.62843
1.93237 1.03136
1.6124 2.36656
1.7333 1.99566
1.34133 2.96703
1.49179 2.66425
1.94112 0.963432
2 1.30841e-07
1.74589 1.95126
1.52317 2.59226
0.253201 3.96782
0.897267 3.57486
0.71733 3.73387
0.198329 3.98028
1.44328 2.76908
1.99108 0.377385
1.80658 1.71614
1.77069 1.85973
1.94949 0.893283
1.39311 2.87001
1.9139 1.16103
1.37602 2.90281
1.13591 3.29223
1.25114 3.12067
1.35879 2.9351
1.81817 1.66646
1.47581 2.69961
1.11587 3.31954
1.17523 3.23656
