1.48093 2.68838
1.43216 2.79206
0.184165 3.98301
1.64569 2.27306
1.76537 1.87985
0.985948 3.48018
1.05269 3.40108
0.50278 3.87154
1.36421 2.92502
1.41548 2.82589
0.791071 3.6738
1.881 1.35916
1.52798 2.58091
1.54331 2.54416
1.25537 3.11386
0.565828 3.83658
1.98425 0.500969
1.23639 3.1441
1.9705 0.684492
0.654559 3.77971
0.596263 3.8181
1.58822 2.43109
1.9551 0.842797
0.625623 3.79926
1.92956 1.05227
1.4968 2.653
1.2926 3.05233
1.80218 1.73452
2 2.74771e-05
1.09555 3.34651
1.07427 3.37399
0.12281 3.99245
1.79008 1.78396
1.91104 1.17968
1.15762 3.26185
1.68704 2.14838
1.70051 2.10547
0.399782 3.91927
1.55845 2.50698
1.65966 2.23208
0.281202 3.96027
0.891794 3.58034
1.67342 2.19058
0.764744 3.69603
0.963009 3.50577
1.87047 1.41612
0.738015 3.71771
1.81408 1.68419
0.46979 3.88808
1.77783 1.83231
1.38153 2.89232
0.235446 3.97219
1.99569 0.262312
0.323286 3.9474
1.99031 0.393196
1.85966 1.47198
1.94691 0.915541
1.60285 2.39237
1.63159 2.31337
1.34667 2.95735
1.03079 3.42781
1.61731 2.35312
1.21709 3.17407
1.97761 0.596894
1.57341 2.46931
1.71387 2.06168
1.3986 2.85931
1.31088 3.021
1.92044 1.11696
1.44862 2.75789
0.939656 3.53103
1.11653 3.31865
0.915927 3.55588
0.435523 3.90401
1.46487 2.72334
0.842292 3.62797
1.73998 1.97229
0.000981224 4
1.17768 3.233
1.82579 1.6328
0.362535 3.93374
1.96295 0.766344
1.75276 1.9265
1.3289 2.98933
1.93838 0.985262
0.682817 3.75966
1.13723 3.29041
0.867226 3.6044
1.83731 1.58025
1.72703 2.0173
1.27408 3.08332
0.816882 3.65114
1.89129 1.30081
1.00853 3.4542
1.90131 1.24099
1.84861 1.52662
1.19752 3.20371
0.534834 3.85432
0.710639 3.73898
1.51248 2.61718
