1.05143e-08 2.5241 4.65458
1.73767 1.9804 1.26288e-10
1.70845 1.61216 1.97051
1.34085 2.9679 3.58381e-11
3.19467e-09 1.12103 5.75955
1.63893 1.28108 2.85179
1.47841 8.56431e-11 4.04088
1.54381 1.05767 3.46883
1.4207 2.8154 2.20683e-10
0.685717 3.24935 2.83056
0.51587 3.73767 1.4738
9.24115e-10 3.47888 2.96127
0.954933 3.11556 2.43984
0.789899 3.67481 1.81767e-10
8.02924e-09 2.89574 4.13921
1.24696 3.12736 1.32078e-10
1.20849 1.10367 4.48501
1.65498 1.13283e-10 3.36886
0.959372 2.13775 4.17541
1.57029 3.10129e-10 3.71587
9.0148e-09 3.9198 1.19548
1.85426 1.49894 6.47574e-11
0.859244 3.36828 1.95663
1.90712 1.20482 4.19405e-11
1.7942 3.12848e-10 2.65099
0.918046 3.5537 8.1403e-11
1.95077 0.882066 4.11611e-11
1.51423 2.22249 2.06156
1.08526 2.84436 2.68262
1.14057 3.28579 3.88544e-11
0.564997 3.10048 3.39085
0.684465 2.29881 4.4602
1.12629e-08 3.70614 2.25725
1.05917 3.21686 1.61864
1.63055 2.02765 1.67964
7.06836e-09 2.33456 4.87208
0.587634 3.45164 2.467
1.50843 2.62651 2.62805e-11
5.99108e-09 2.13269 5.07604
0.845813 2.49656 3.94177
0.920903 4.4445e-11 5.32611
0.624166 2.01783 4.83038
0.633077 3.79432 1.21128e-10
1.27941 7.62279e-11 4.61172
1.5779 1.79488 2.51865
1.59013 2.42609 3.5855e-11
0.673984 2.83094 3.72554
1.4109e-08 3.81907 1.78412
0.789057 4.58763e-11 5.5133
1.26894 2.18597 3.27972
2.09103e-09 0.749873 5.89362
1.28992 2.72784 2.0694
1.04979 1.56599e-10 5.10701
1.82004 1.2179 1.68813
1.35156 1.74903 3.56041
1.96123 1.91027e-10 1.17571
1.07536 2.34925 3.62969
1.30718e-08 4 6.98253e-11
1.03599 1.36897 4.7036
1.06845e-08 3.59712 2.62425
1.09364 1.70091 4.32738
8.0222e-09 2.71578 4.40514
2.53671e-10 1.90216 5.27817
1.02612 3.43341 5.29399e-11
1.18045 1.94381 3.86748
0.64098 5.80097e-11 5.68351
0.448994 3.8979 5.87118e-11
0.546874 1.6997 5.17766
1.42282 1.17898 3.82789
1.28482 1.39027 4.09808
0.461555 3.11632e-11 5.83804
1.44202 2.53169 1.69234
1.91179 1.20114e-10 1.76227
1.79572 1.76113 1.95179e-11
4.91723e-09 1.65169 5.46459
1.35765 2.39094 2.55906
1.8586 3.69599e-10 2.21596
1.49778 1.57302 3.2004
2 1.16836e-09 4.95154e-11
0.968101 1.10333 4.98257
1.17807 2.98838 1.84824
1.18325 2.54771 2.96561
1.27255e-08 3.20394 3.5921
0.873074 1.84558 4.6342
0.572196 2.61552 4.20252
0.67395 3.577 1.76733
1.1682 1.07687e-10 4.87009
1.01118e-08 3.04568 3.88956
0.615806 1.18801 5.42324
0.84488 2.97313 3.11236
0.787822 1.42612 5.08324
1.01544e-08 3.35215 3.27368
4.21277e-05 0.000489325 6.00001
0.96257 2.68721 3.37842
1.72356 6.40711e-11 3.04371
1.7517 1.07052 2.40944
3.58055e-09 1.40176 5.61951
1.43406 2.01575 2.88946
1.66674 2.21086 6.99699e-11
1.38272 9.50025e-11 4.33507
