0.670304 3.22566 2.92322
0.748088 1.54249 5.06062
0.00149156 6.99928e-13 6
1.58362 1.79716 2.4824
0.947282 2.34759 3.94002
2.51976e-11 3.92737 1.13819
0.674164 2.27941 4.49657
1.89857 7.37967e-13 1.88647
0.573824 2.03758 4.86777
1.66218 1.22967 2.7807
1.02553 3.23884 1.71227
4.67922e-11 2.78519 4.30652
1.84523 1.25489e-12 2.31431
1.65867 2.23502 4.83039e-12
1.09568 3.34633 3.86349e-12
1.43615 2.10144 2.73882
1.57401 4.31883e-12 3.70169
1.18059 2.11135 3.66412
0.760039 1.49567e-12 5.54987
0.853848 2.9063 3.23013
1.315 1.87778e-12 4.52073
0.626246 2.56981 4.19661
1.11981 2.00852e-12 4.97134
0.932346 3.1021 2.55437
0.618596 1.80144e-12 5.70579
1.45528 2.74385 5.64627e-12
1.25573e-11 1.99593 5.19967
5.03671e-11 4 1.78539e-12
2.55242e-11 3.38831 3.18881
1.56306 1.14851 3.32321
0.449084 1.07805e-12 5.84679
1.07452 1.46841 4.556
1.5047 1.63537 3.09925
1.19776 3.20335 6.23173e-12
1.12135 1.83469 4.13635
1.02992 2.54025 3.45463
1.2162 2.96072e-12 4.76317
2.15773e-11 3.51446 2.86519
1.27167 2.31543 3.06316
2.23949e-11 2.94781 4.05567
1.28159 3.07084 5.93074e-12
0.581318 3.46149 2.44935
0.619276 3.62498 1.72694
1.3046 2.79958 1.74565
3.08697e-11 2.61267 4.54329
1.43867 1.24155 3.72879
1.2214 2.64373 2.61681
0.738149 2.73655 3.77448
1.52629 2.5849 4.33534e-12
1.96623 0.73196 5.36207e-12
1.77771 1.83275 4.51687e-12
1.49308 1.87622e-12 3.99203
1.38596 2.50105 2.15353
1.92343 1.09618 5.96139e-12
1.40786 2.60239e-12 4.2616
8.52539e-12 1.73696 5.40478
0.573612 1.18126 5.46801
6.75446e-12 0.756879 5.89161
0.894584 2.17255e-12 5.36633
2.88296e-11 3.83572 1.70187
0.585208 3.02114 3.51872
1.94795 1.03007e-12 1.35991
0.983225 1.23123 4.88759
1.43829e-11 3.26128 3.47406
2 1.50042e-12 1.65908e-12
2.28273e-11 2.22049 4.99061
0.750768 3.70748 4.50535e-12
1.7213 1.11536e-12 3.0552
1.06502 2.78244 2.89346
1.59356 2.41709 4.68613e-12
1.45174e-11 2.42966 4.76631
1.72296e-11 1.14337 5.74966
2.75516e-11 3.73915 2.13123
0.828451 3.38418 2.01357
0.848349 1.80566 4.71029
1.72009 2.04089 2.14781e-12
1.6502 2.84186e-12 3.38994
1.89179e-11 3.63154 2.51532
1.81231 1.19336 1.79877
0.880402 3.5916 4.23476e-12
1.87923 1.36891 2.12798e-12
1.6419 1.95593 1.76915
1.83054 1.61138 1.24438e-12
1.78643 7.72134e-13 2.6978
8.21956e-12 1.45303 5.59013
0.513301 1.63763 5.25305
1.01698 1.31556e-12 5.16641
1.24186 1.18186 4.3563
0.441087 3.90151 5.98641e-12
0.986516 3.47953 5.41365e-12
1.3009 1.51398 3.95115
1.35765 1.85532 3.41555
0.60577 3.81211 6.26379e-12
1.51349 2.2767 1.92915
1.14516 2.98168 2.04793
1.72273 1.4867 2.07765
3.21396e-11 3.10936 3.77448
1.37086 2.91255 4.29304e-12
0.913848 2.06963 4.34124
0.818067 1.05666 5.24068
