0.957376 3.51194
1.5756 2.46372
1.08833 3.35591
0.703465 3.7444
0.645362 3.78603
1.54593 2.53781
0.551929 3.84467
1.20785 3.18817
0.886494 3.5856
1.67434 2.18777
1.99567 0.263148
1.22683 3.15904
1.56085 2.501
1.86892 1.42428
1.45266 2.74939
1.72716 2.01684
0.758782 3.70095
0.126943 3.99193
1.43648 2.78318
1.68776 2.14612
1.78944 1.78653
0.583997 3.82568
1.50011 2.64551
1.97738 0.599838
0.290246 3.95765
0.000793978 4
1.97014 0.688597
1.38688 2.88206
1.02445 3.43541
1.63299 2.3094
1.6189 2.34877
1.53083 2.57415
1.30021 3.03938
1.06739 3.38271
0.484646 3.88078
0.910577 3.56138
1.35286 2.94603
1.4036 2.84949
0.731483 3.72287
1.42013 2.81654
0.674834 3.76542
1.318 3.00857
1.18863 3.21693
1.95444 0.848874
0.190303 3.98185
1.12931 3.30131
1.71419 2.06065
1.89975 1.25053
1.36996 2.91425
1.91904 1.12654
0.333723 3.94392
1.84722 1.53333
1.46864 2.71521
0.934262 3.53675
1.28222 3.0698
1.33554 2.97747
0.615098 3.80613
0.518806 3.86308
1.96247 0.771221
1.88971 1.30995
1.9841 0.503342
1.10897 3.32878
0.412548 3.91398
2 4.88208e-07
0.811534 3.65591
1.87944 1.36779
1.00248 3.46123
1.60463 2.38762
0.980063 3.48682
1.99026 0.394249
1.70106 2.10372
1.8247 1.63764
1.59018 2.42595
1.90952 1.18951
1.48446 2.68058
1.85819 1.47937
1.24555 3.12961
0.449346 3.89774
1.75259 1.92711
1.77732 1.83426
1.16913 3.24538
1.76504 1.88108
1.73997 1.97232
1.83607 1.58601
1.9461 0.922369
1.92832 1.06128
0.785498 3.67858
1.14937 3.2735
0.243101 3.97034
1.93738 0.993083
1.64693 2.26946
1.51556 2.61003
1.66073 2.22889
0.862008 3.6094
1.26402 3.09985
0.374371 3.9293
1.80137 1.73789
1.04607 3.40924
1.81312 1.6883
0.837008 3.63286
