1.87504 1.39171
1.58535 2.43858
1.70995 2.07469
1.3234 2.99908
1.04555 3.40988
1.49337 2.66072
1.54028 2.5515
2 4.48963e-05
1.67013 2.2006
1.88544 1.33435
1.89565 1.27517
1.15108 3.2711
1.50921 2.62472
0.639716 3.78986
1.68361 2.15913
0.780001 3.68326
1.00098 3.46297
1.59998 2.40005
1.77283 1.85156
1.42794 2.8007
1.65651 2.24142
0.832306 3.63718
1.55551 2.51428
0.409736 3.91516
0.24153 3.97072
1.96605 0.733916
1.85358 1.50232
1.99619 0.246707
1.39396 2.86836
0.609643 3.80964
1.92457 1.08818
1.10984 3.32761
0.288353 3.95821
1.4611 2.73145
0.725585 3.72748
1.94228 0.954074
1.93356 1.02247
1.86439 1.44781
1.9056 1.21439
1.74817 1.94309
1.13064 3.29949
0.931248 3.53993
1.06734 3.38277
1.57054 2.47662
0.446247 3.89916
1.79675 1.75691
1.24933 3.12357
1.08876 3.35536
0.48118 3.88251
1.26819 3.09302
1.30521 3.03079
1.91521 1.15231
1.41105 2.83473
1.95062 0.883373
5.02131e-06 4
1.61442 2.36104
1.37665 2.90162
0.125967 3.99206
0.954882 3.51466
1.83141 1.6074
1.76058 1.89776
1.69687 2.1172
0.978135 3.48898
1.84258 1.55551
0.371599 3.93035
0.189069 3.98209
1.78485 1.8048
0.547398 3.84726
0.669017 3.76957
0.882695 3.58934
1.72285 2.03152
1.47733 2.6963
0.69758 3.7488
1.98585 0.474912
0.578961 3.82874
1.21088 3.18356
1.02344 3.43661
1.28681 3.0621
0.806431 3.66042
1.64268 2.28176
0.331355 3.94472
0.753067 3.70561
1.34137 2.96698
1.99141 0.370364
0.514719 3.86526
1.35912 2.93449
1.52483 2.58836
0.907219 3.5648
1.80845 1.70824
1.97974 0.56794
1.19123 3.21308
1.81998 1.65852
1.62865 2.32163
1.73558 1.98771
1.1713 3.24226
1.23024 3.15373
1.97311 0.653658
1.44462 2.76628
0.857737 3.61347
1.95853 0.81038
