4.48138e-10 2.23376 4.97727
1.96539 0.740928 8.19415e-10
0.554619 1.44089e-10 5.76468
1.31991 2.66786 2.07517
0.554776 3.29844 2.95815
6.53862e-10 3.84703 1.6434
1.05279 3.09889 2.10185
1.59462 2.17481 1.57247
1.50647 3.80052e-10 3.94652
1.15039e-10 2.01894 5.17965
1.65428 2.85112e-10 3.37198
0.881974 1.41131 4.95152
1.95946e-10 1.78675 5.36814
1.85121 3.76289e-10 2.27095
0.639997 3.05327 3.36721
1.58598 2.81457e-10 3.65542
1.79809 1.75143 1.42779e-09
0.574059 1.13514 5.48953
1.25342 1.84266e-10 4.67551
1.22168 2.48407 2.94682
1.74255 1.35393 2.1324
1.45654 2.45651 1.82457
0.762296 3.5502 1.55283
0.754427 1.22705 5.24307
2.24809e-10 3.25086 3.49596
1.13323 2.80397 2.59849
3.41424e-10 2.64229 4.50457
1.07369 1.14887 4.75972
3.51325e-10 3.74575 2.10499
0.916754 2.93907 3.00004
0.816166 3.65178 6.04345e-09
8.63233e-11 0.000545653 6
1.48156 2.68699 3.62584e-09
3.74271e-10 3.11421 3.76548
1.22549 2.95373 1.68921
1.04588 2.00977 4.13123
1.53619 2.03761 2.32799
1.45147 1.1111 3.77644
1.34007 4.44534e-10 4.45399
1.82657 1.1775 1.68912
4.73683e-10 1.24227 5.70331
1.15664 1.44408 4.38948
1.91655 1.14342 1.15223e-10
1.86056 1.4674 1.3078e-09
0.56437 2.34019 4.56194
1.13016 2.27055 3.59234
1.42215 2.85676e-10 4.2187
0.739406 2.7978 3.66977
1.56521 2.49008 2.09598e-09
2.04097e-10 2.81066 4.26912
1.72866 2.01172 3.71706e-09
0.471061 3.88747 4.48237e-09
1.67838 1.09198 2.8221
1.95169 4.39683e-10 1.31079
0.823928 2.20453 4.35377
0.685114 1.97392 4.79675
2.00183 0.00185513 0.00183711
0.819292 3.19739 2.63751
0.528959 3.67611 1.75381
1.39263 2.87095 2.73061e-09
0.832072 3.14265e-10 5.45609
0.957867 3.5114 1.15515e-09
1.68006 1.82297 1.76616
1.5484 1.30371 3.25545
1.46833 1.83977 2.99671
1.72653 1.7259e-10 3.02848
3.07894e-10 2.44505 4.74857
1.65036 2.25949 3.63358e-09
1.30528 1.25499 4.13793
0.00106686 4.00102 0.00118111
1.15291 6.70407e-10 4.90277
0.913436 2.44235 3.88191
1.01593 2.64184 3.31777
0.942916 4.14888e-10 5.29133
0.927417 3.32745 1.82956
2.66532e-10 3.52309 2.84125
0.702278 3.4101e-10 5.61794
3.20986e-10 3.63298 2.51064
0.603064 1.70352 5.11833
3.99657e-10 3.9347 1.07971
2.15373e-10 0.899163 5.84644
3.38271e-10 1.52955 5.54401
1.30756 2.0836 3.29309
1.90401 1.60141e-10 1.83646
1.61396 1.61231 2.58985
1.07381 3.37457 1.97988e-09
1.38637 1.62635 3.57079
1.04555 1.4793e-10 5.11483
0.949735 1.75431 4.57792
0.368389 2.01152e-10 5.89734
0.634586 2.61008 4.12886
0.64143 3.45515 2.33163
2.87186e-10 2.96921 4.0204
1.18135 3.22763 2.62079e-09
1.29103 3.05499 3.96969e-09
1.2268 1.81515 3.87833
1.22869e-10 3.39188 3.18026
1.79336 1.49433e-10 2.65606
0.656797 3.77816 1.53001e-09
1.3867 2.29027 2.62515
