1.96401 0.755385
1.42063 2.81553
0.844656 3.62577
0.791565 3.67338
0.895708 3.57643
0.920499 3.55116
1.76319 1.88802
1.29953 3.04054
1.14485 3.27983
1.67307 2.19164
1.64583 2.27265
1.91356 1.16324
1.16527 3.25094
1.99065 0.386309
1.85432 1.49867
1.63201 2.31218
1.22459 3.16251
0.618159 3.80415
1.77533 1.84196
0.7642 3.69648
1.26267 3.10203
1.08152 3.3647
1.54558 2.53864
1.83281 1.60101
0.707727 3.74119
2 9.64731e-07
1.60386 2.38968
1.82173 1.65082
0.944826 3.52551
1.1854 3.22169
0.870414 3.60132
1.87496 1.39216
1.20506 3.19239
0.413815 3.91344
0.119959 3.9928
1.84367 1.55032
1.90425 1.22287
0.73627 3.71909
0.992054 3.47323
1.53062 2.57464
1.88495 1.33711
1.5155 2.61018
0.486847 3.87968
1.45308 2.74849
0.374681 3.92918
1.5895 2.42774
0.333305 3.94406
1.81044 1.69977
1.03761 3.41956
0.186061 3.98265
0.648799 3.78368
1.40407 2.84857
1.12402 3.30853
1.93149 1.038
1.33536 2.97779
1.57502 2.4652
1.94832 0.903414
1.72562 2.0221
1.24383 3.13233
0.521283 3.86174
1.98476 0.492895
0.554544 3.84317
1.89472 1.28068
1.61802 2.35117
1.97831 0.58752
1.86474 1.44601
1.97136 0.674523
0.288903 3.95805
0.0129068 4.00073
1.99585 0.257663
1.28125 3.07141
1.79899 1.74771
1.68649 2.15013
1.46896 2.71452
1.95633 0.831312
1.94004 0.972095
1.48464 2.68018
1.01503 3.44657
1.50018 2.64533
0.678562 3.76274
1.75086 1.93339
0.586769 3.82398
0.240599 3.97095
0.451099 3.89693
0.968685 3.49951
1.69966 2.10822
0.818386 3.64979
1.71272 2.06552
1.43693 2.78225
1.05979 3.39225
1.35287 2.94601
1.37016 2.91388
1.92266 1.10162
1.65956 2.23235
1.10297 3.33673
1.38722 2.88141
1.73834 1.97806
1.78725 1.79526
1.31761 3.00925
1.56037 2.50219
