1.25507 3.11435
0.593587 3.81977
1.92537 1.08252
0.983857 3.48254
1.11463 3.32121
1.94255 0.951858
1.97956 0.570427
0.961093 3.50788
0.624254 3.80016
1.84638 1.53739
0.494589 3.87576
1.57712 2.45983
1.7161 2.05427
0.118225 3.99301
2 6.72473e-07
1.1964 3.20538
1.40061 2.85538
0.816893 3.65113
1.60648 2.38263
1.95067 0.882885
1.88772 1.32137
1.86748 1.43179
1.81322 1.68788
1.50011 2.64551
0.244414 3.97002
1.2929 3.05183
1.07216 3.37667
1.97293 0.65584
1.5919 2.42144
0.938004 3.53279
1.98571 0.47738
1.15603 3.2641
1.80177 1.73621
1.89751 1.26406
1.99126 0.373583
0.711025 3.73869
1.91634 1.14477
1.31143 3.02004
1.79012 1.7838
1.63507 2.30352
0.765242 3.69562
1.82447 1.63867
1.9341 1.01835
1.67648 2.18122
0.738478 3.71734
1.66288 2.22245
1.17634 3.23495
0.381714 3.92647
0.890719 3.58141
1.02858 3.43047
0.56178 3.83896
1.85704 1.48514
1.32975 2.98783
1.46782 2.71699
1.99612 0.249136
1.45138 2.75208
1.23576 3.14509
1.13543 3.2929
1.70309 2.09713
1.76623 1.87664
0.458925 3.89327
1.53153 2.57249
1.96589 0.735604
1.95847 0.810934
1.41775 2.82134
0.187935 3.9823
0.791306 3.6736
0.914573 3.55728
0.682897 3.7596
1.90705 1.20524
0.52897 3.85756
1.77826 1.8306
1.27411 3.08328
1.83552 1.58855
1.43469 2.78687
1.0935 3.34919
1.36562 2.92238
1.62087 2.3433
1.05047 3.40382
0.866557 3.60504
0.841949 3.62829
1.38322 2.88908
1.68987 2.13946
0.653991 3.7801
1.72892 2.01079
0.0107575 4.00127
1.87772 1.37722
1.75399 1.92202
1.74156 1.96668
1.51592 2.60919
1.21621 3.17542
1.00635 3.45674
1.54692 2.53539
1.64907 2.26324
0.421405 3.9102
1.34781 2.95527
1.56213 2.49781
1.48406 2.68146
0.339635 3.9419
0.294253 3.95647
