8.15613e-09 2.8371 4.22959
0.960659 1.95039 4.37437
1.44079 1.2658e-10 4.16138
1.88116 1.35828 2.11703e-10
6.68905e-09 2.46501 4.72529
1.06879e-08 3.43474 3.07503
0.973937 3.49368 2.84411e-10
1.30008 2.81276 1.72829
0.851908 2.3473 4.13173
0.561112 3.32823 2.87104
1.33217 1.63855 3.73992
1.23503 1.25296 4.32898
1.56676 1.68646 2.74009
1.49321 1.34325 3.44574
1.04206 9.79322e-10 5.12123
0.574788 1.90534 4.98582
0.877178 3.17691 2.52315
0.677376 3.43021 2.32298
0.601421 1.19359 5.43499
0.640112 3.78338e-10 5.68439
0.850651 3.62016 3.96505e-10
0.603417 2.95253 3.6206
1.62913 1.93301 1.92514
0.794145 3.51028 1.61223
1.34924 1.06828e-10 4.42899
1.26948 3.09089 8.73113e-11
1.74033 4.02445e-10 2.95656
4.32484e-09 3.8096 1.82911
1.92477 1.08675 1.18477e-10
9.74064e-09 3.57134 2.70231
0.678466 2.16655 4.61473
1.38998 1.11536 3.97672
0.708826 3.09814 3.14349
1.25809 2.08398 3.46166
1.02261 2.88806 2.79668
1.90772 1.3834e-09 1.80151
0.693249 2.69092 3.92203
0.915529 7.15039e-10 5.33444
1.1236 3.02531 2.01112
1.50904 2.16424 2.22853
1.5262 2.09796e-10 3.87769
3.19384e-09 1.37795 5.63275
1.6552 2.24526 3.13668e-10
0.715066 1.42728 5.17828
0.569458 2.51158 4.34608
0.848043 1.7038 4.7954
1.69931 1.32379 2.46339
0.88292 2.81153 3.34641
1.83367 1.59705 1.23969e-09
1.85513 1.49376e-10 2.24197
1.15932 4.91772e-10 4.88914
1.18204 3.22663 1.17445e-10
1.16198 1.78241 4.08657
1.9524 9.57387e-11 1.30118
0.981253 3.28234 1.75879
3.90711e-09 3.14513 3.7072
9.73475e-09 3.286 3.42125
0.381893 3.9264 1.79381e-10
4.38459e-09 1.62347 5.48359
0.715196 3.7355 3.44175e-10
1.25766 1.36384e-09 4.66526
1.42126 2.50404 1.92672
1.07749 2.20732 3.81949
2.3531e-09 0.737182 5.89723
8.03326e-09 2.6568 4.48533
1.59656 2.19519e-10 3.61374
1.34742 2.31006 2.76647
1.67117 1.52811e-09 3.29617
1.23022 2.67816 2.49814
2 1.54487e-09 1.50597e-06
1.79747 7.19466e-10 2.63097
4.10468e-09 1.84616 5.32272
1.36031 2.93227 1.59542e-10
0.975442 2.55289 3.5739
9.46648e-09 4 8.96269e-11
1.96696 0.724045 2.0947e-10
1.77737 1.83409 2.63591e-10
1.0816 3.3646 1.18131e-10
1.00528e-08 3.69676 2.29158
2.89351e-09 2.28764 4.9219
1.73784 1.6249 1.69661
0.955766 1.13656 4.9872
1.71614 2.05412 1.22117e-10
0.461088 5.44012e-10 5.83837
2.53769e-09 1.10266 5.76752
0.785875 8.25959e-10 5.51739
1.15712e-08 3.90026 1.33155
1.4458 2.76382 2.87883e-10
1.07405 1.39061 4.61158
1.4274 1.89342 3.09781
0.570915 3.83357 3.31871e-10
1.52029 2.59901 5.50454e-10
0.548272 3.63641 1.88195
4.72551e-09 2.0751 5.12946
0.000106237 1.5999e-10 6
1.81543 1.14118 1.84602
1.16131 2.48235 3.16192
1.62162 1.13124 3.07471
1.59044 2.42529 3.77875e-10
2.42805e-09 2.99575 3.97585
