1.61381 2.36274
0.527819 3.85819
1.99049 0.389591
0.421626 3.91011
1.58424 2.44147
1.97097 0.679096
0.838634 3.63136
1.99576 0.260438
1.40831 2.84019
1.97797 0.59208
1.18761 3.21844
1.71127 2.07033
0.708702 3.74045
1.94788 0.907217
1.72441 2.02625
1.82145 1.65207
1.3202 3.0047
1.33825 2.97261
1.78677 1.79715
1.90383 1.22546
1.7625 1.89061
0.382824 3.92604
1.64263 2.28191
1.53849 2.55582
0.249293 3.9688
1.30191 3.03646
0.910534 3.56142
0.933665 3.53738
1.92211 1.1054
1.59912 2.40235
0.341653 3.9412
1.74999 1.93653
1.37373 2.90714
0.863058 3.6084
0.195097 3.98092
0.652023 3.78146
1.62831 2.32259
1.45859 2.73681
1.73732 1.98162
1.06542 3.38519
0.00148393 4
1.12755 3.30371
1.89436 1.2828
1.26468 3.09876
1.02268 3.43752
1.77477 1.84412
1.84342 1.55152
1.24575 3.12929
1.08642 3.35838
1.52287 2.59295
0.978789 3.48825
1.2072 3.18916
2 5.20148e-05
0.493869 3.87613
0.762464 3.69792
0.956398 3.51301
1.39113 2.87386
1.96356 0.760047
0.591974 3.82077
1.98449 0.497127
1.10708 3.33129
1.56917 2.48008
1.86452 1.44715
1.42527 2.80615
1.49111 2.66578
1.04411 3.41164
1.88466 1.33873
0.56051 3.8397
0.130114 3.99153
1.6844 2.15665
1.47494 2.70151
0.297525 3.95549
1.8747 1.39354
1.69793 2.11378
1.65674 2.24073
1.931 1.04161
1.28341 3.0678
1.16782 3.24727
0.788345 3.67615
0.813753 3.65393
0.887003 3.58509
0.735908 3.71938
0.680687 3.7612
1.14779 3.27572
1.50708 2.62962
0.458589 3.89343
1.67066 2.19899
1.22658 3.15943
1.85411 1.49972
0.622505 3.80131
1.3561 2.94007
1.93959 0.975716
1.83256 1.60214
1.44201 2.77171
1.79858 1.74943
1.81009 1.70124
1.91307 1.16649
1.55391 2.51822
1.95585 0.835854
1.00089 3.46307
