0.611369 3.80853
1.97921 0.575196
1.20541 3.19185
1.26216 3.10288
1.38746 2.88094
0.998376 3.46597
0.780072 3.6832
1.63986 2.28985
1.9917 0.364147
0.549358 3.84614
1.77089 1.85897
1.97206 0.666293
1.88243 1.35123
1.86158 1.46223
1.16645 3.24925
1.65393 2.24901
1.9307 1.04383
1.61113 2.37003
1.35261 2.94649
1.66775 2.20781
1.73377 1.99404
0.44832 3.89821
1.59641 2.40954
0.975824 3.49157
0.411814 3.91429
1.75871 1.90467
1.53556 2.56285
0.483275 3.88147
1.72098 2.03787
0.189062 3.98209
1.43843 2.77916
0.881585 3.59044
1.96452 0.750112
1.02052 3.44008
1.31703 3.01027
0.289242 3.95795
0.698518 3.74811
0.373448 3.92965
1.29892 3.04159
1.45506 2.74431
1.3349 2.97861
0.241941 3.97062
1.85083 1.51581
1.89249 1.29381
0.00213143 4
1.12633 3.30538
1.14653 3.27748
1.78288 1.81255
0.332764 3.94425
1.48783 2.67311
2.00071 0.00166903
0.929574 3.54169
1.56641 2.48707
0.125931 3.99206
1.90235 1.23461
1.99686 0.224002
0.670122 3.76879
1.81768 1.66857
1.6256 2.33017
0.806199 3.66062
0.856915 3.61425
1.9483 0.903569
1.37014 2.9139
0.580813 3.82761
1.68139 2.16603
1.40459 2.84755
0.753413 3.70533
0.72622 3.72698
1.47154 2.70892
1.50393 2.63681
1.69478 2.12388
0.905774 3.56627
1.28063 3.07245
1.04236 3.41378
0.952871 3.51684
1.93966 0.975111
1.08499 3.36024
1.5511 2.52514
1.92148 1.10977
1.51984 2.60006
1.80627 1.71741
1.91199 1.17351
0.641121 3.78891
1.87204 1.40779
1.74633 1.94972
0.831828 3.63762
1.8289 1.61877
1.79467 1.7654
1.42161 2.81356
1.06385 3.38716
1.18607 3.2207
1.10585 3.33293
1.22453 3.1626
1.95658 0.829006
1.70798 2.08116
1.83997 1.56779
0.51687 3.86411
1.24346 3.13292
1.58152 2.44851
1.98583 0.475339
