0.803066 3.49926 1.62631
0.553381 1.0219 5.55826
0.818489 6.14677e-12 5.47455
0.654407 3.42443 2.40012
0.662996 1.98741 4.81216
1.09202 3.04966 2.08362
0.949067 9.88837e-12 5.28143
1.13702e-11 2.11883 5.08908
1.04981 2.0182 4.11297
1.25251 1.74779 3.87398
0.56423 1.71157 5.15204
0.923673 1.78136 4.60235
1.71714 1.19939 2.49524
0.688303 3.04644 3.29459
5.6962e-12 3.92612 1.14786
0.561693 2.37096 4.52904
4.88106e-12 3.72605 2.18226
0.657523 8.97054e-12 5.66648
0.564658 2.90131 3.76707
9.90891e-12 1.64561 5.46872
2 1.37817e-11 9.59003e-12
5.19747e-12 2.69922 4.42798
1.48265e-11 2.86068 4.19371
1.91492 4.4815e-11 1.7314
0.558277 3.27343 3.0142
0.967065 2.90454 2.93279
1.65178 2.25533 5.66291e-12
1.34704 2.58916 2.14146
0.836673 1.41884 5.017
1.34852 1.92098 3.36608
0.552487 3.64689 1.82433
1.05882 3.50259e-11 5.09021
8.96165e-12 3.60666 2.59461
0.897281 3.57485 1.55248e-11
1.12591 3.30595 1.01001e-11
1.59827 2.12462 1.68913
1.79848 8.86941e-12 2.62474
1.72387 2.02807 9.00583e-12
1.52447 6.95385e-11 3.88382
3.93011e-12 1.39087 5.6256
1.41929 2.81824 9.43516e-12
1.61528 1.29668 2.95546
0.943024 2.41271 3.85988
0.695604 1.20841 5.32538
1.54532 1.9022 2.52318
1.66254 1.73168 2.09205
1.75697 1.56733 1.64025
1.7357 2.27318e-11 2.98093
1.2238 3.16374 1.52174e-11
1.02067 3.43991 4.113e-12
0.840335 2.74777 3.5576
1.57486 2.46561 1.0822e-11
1.72534e-11 3.19552 3.60893
1.0595e-11 0.732289 5.8986
0.665117 2.59898 4.10129
1.3603 4.4009e-12 4.39845
1.3248 2.9966 8.78188e-12
0.621687 3.80184 1.38795e-11
0.000960468 0.000551921 6.00042
1.59858 6.30823e-12 3.60568
1.66849 1.56054e-11 3.30834
1.44174 1.29681 3.67541
1.49951 2.64687 8.17384e-12
1.20264 1.07918 4.51249
1.0692 2.57537 3.28451
1.41622 2.15675 2.73549
1.96232 1.55811e-11 1.15921
1.47524 2.38373 1.90473
5.23922e-12 4 2.71253e-11
0.466595 1.35431e-11 5.83443
0.960196 3.27971 1.87084
1.2612 2.88636 1.71453
1.82332 1.09356 1.84083
1.16077 1.66898e-11 4.88605
0.450686 3.89712 5.97156e-12
2.42691e-11 3.49071 2.92979
0.844328 3.17027 2.64009
0.822551 2.21003 4.34985
8.37396e-12 2.30945 4.89893
1.94864 0.900674 2.14412e-11
1.85155 1.51231 5.05403e-12
2.6909e-12 3.34828 3.28258
1.79038 1.78272 1.89815e-11
1.90178 1.23811 2.14464e-11
1.12979 1.57787 4.3486
1.17318 2.73993 2.5926
1.4448 7.18299e-12 4.14886
4.73481e-11 3.03339 3.91111
1.32667 1.22895 4.09404
8.48753e-12 1.10795 5.76524
1.0225 1.23533 4.81216
1.26201 2.38265 2.98208
1.08375e-11 3.83327 1.71424
1.16454 2.19684 3.59664
0.761099 3.69904 1.68758e-11
6.32627e-12 1.89061 5.28749
1.49929 1.57401 3.19292
9.46818e-12 2.51042 4.6712
1.26381 2.40343e-11 4.65028
1.85981 1.49469e-11 2.20681
