1.15577 3.26448 7.90756e-14
0.725608 2.18065 4.53455
1.34922 2.9527 7.21866e-14
1.21103 2.27782 3.33564
0.679794 2.7704 3.81731
1.25331 3.11719 1.51094e-13
1.4378 1.53178 3.4807
1.32638 2.37037 2.74308
0.611895 2.53369 4.26453
4.72181e-14 6.13907e-06 6
5.7361e-14 3.90314 1.31242
1.78659 1.1509 2.07187
1.86537 0.990291 1.57382
0.392828 7.45406e-14 5.88313
1.083 2.77674 2.84534
0.783275 3.49902 1.71209
1.36996 1.24681 3.95111
1.09524 2.07968 3.93353
6.72652e-14 3.22222 3.55512
5.79358e-14 3.81517 1.8028
0.995204 3.09033 2.36608
1.15472e-13 3.08132 3.82587
1.1372 2.68871e-13 4.93568
1.05699 3.39574 2.05424e-13
1.60288 1.01206e-13 3.58847
0.550209 3.63702 1.8742
0.755993 1.34471e-13 5.55484
0.718909 3.21705 2.83942
0.616058 1.06762 5.47902
0.587741 9.88984e-14 5.73507
8.01071e-14 3.47938 2.95996
3.61899e-14 3.35509 3.26689
1.90672 1.20733 6.37651e-14
0.859349 2.952 3.12193
6.51846e-14 2.60623 4.55159
0.974492 1.87208 4.42355
1.28768 1.8443 3.66383
0.817523 1.17336 5.18528
5.91243e-14 2.93215 4.08113
1.24324 2.65602 2.49331
1.43925 2.77746 6.12321e-14
1.68382 4.2525e-13 3.23769
1.12723e-13 3.71073 2.24022
1.26549 1.09015 4.3489
1.55962 1.72694 2.71993
1.78739 1.7947 1.91704e-13
0.83179 3.63765 1.17884e-13
0.939751 2.68023 3.448
1.94653 1.57348e-13 1.3781
0.924762 3.30469 1.93162
0.698437 1.74358 4.9769
0.702859 3.74486 5.76052e-14
1.42645 2.50865 1.8781
0.924089 1.46072 4.84909
1.4028 1.9975 3.05152
0.57556 2.07257 4.83256
1.07649e-13 3.59528 2.6299
1.09401 1.26423 4.65104
1.82591 1.7185e-13 2.44838
1.02509 2.43715 3.63021
1.68724 1.39709 2.44693
1.52218 2.54371e-13 3.89186
1.7213 2.03678 7.63637e-14
1.0316 1.55001e-13 5.14026
1.5393 1.25629 3.33524
1.65742 2.23871 5.64702e-14
1.43604 4.79045e-13 4.17614
0.87395 2.33846 4.10146
1.58944 2.4279 1.421e-13
8.84025e-14 4 9.54264e-14
8.32263e-14 2.42881 4.76728
1.18201 1.62895 4.17797
1.51653 2.60778 7.53205e-14
5.81052e-13 1.22038 5.71393
6.68468e-14 1.75682 5.39032
1.62413 1.96122 1.8988
1.84813 1.52892 1.09167e-13
1.75883 2.44455e-13 2.85632
1.89024 2.77992e-13 1.96035
1.31105 2.8026 1.69047
1.33928 8.6032e-14 4.4561
0.948876 3.52116 1.66616e-13
1.16542 2.98882 1.91748
0.544826 1.55222 5.28274
3.98297e-14 0.891235 5.84917
0.619313 3.41815 2.50193
6.77039e-14 1.99915 5.19689
0.375316 3.92894 3.50545e-13
1.23595 4.13816e-13 4.71719
2.40913e-14 1.49037 5.56797
8.65352e-14 2.77381 4.32301
1.50068 2.18912 2.22463
1.9592 0.803863 7.78793e-14
2.00024 0.000247643 0.000242774
0.903063 1.00289e-13 5.35353
8.73007e-14 2.22149 4.98961
1.64149 1.08989 3.01278
0.561426 3.83917 3.79944e-13
0.605422 3.04807 3.43467
1.7383 1.64302 1.65258
