1.97204 0.666561
1.80498 1.72283
0.849081 3.62164
0.772768 3.68935
0.691471 3.75333
0.4769 3.88462
1.64905 2.26331
1.93071 1.04379
1.8821 1.35309
1.90227 1.23508
1.34599 2.95859
1.01214 3.44997
0.23896 3.97135
0.405993 3.91672
1.60561 2.38497
1.25493 3.11457
1.07668 3.37091
1.41542 2.82601
0.573952 3.83175
1.19777 3.20333
0.719165 3.73245
1.82802 1.62276
0.542533 3.85002
1.54515 2.53969
1.32818 2.9906
1.17827 3.23214
0.187058 3.98247
1.76883 1.8668
1.87168 1.40969
1.98574 0.476805
1.94823 0.904228
1.86108 1.46478
2.00072 0.000739677
0.746258 3.71112
0.873571 3.59826
1.39834 2.85981
1.89229 1.295
0.921279 3.55035
1.69081 2.13649
1.67708 2.17935
1.09758 3.34384
0.897633 3.5745
1.99169 0.364326
1.31018 3.0222
0.967422 3.50091
1.03398 3.42397
1.79316 1.77152
1.11818 3.31643
1.27358 3.08415
1.93962 0.975474
1.56054 2.50177
1.63475 2.30441
0.989961 3.47562
1.292 3.05335
1.2361 3.14456
1.95654 0.829386
1.4818 2.68645
1.83925 1.5712
1.4323 2.79179
1.59077 2.42441
1.66316 2.22162
1.57575 2.46333
0.510175 3.86767
1.52959 2.5771
0.824146 3.6446
0.285271 3.9591
1.96447 0.750621
0.798714 3.66718
1.81661 1.67325
0.124716 3.99222
0.328037 3.94583
1.13847 3.2887
0.442202 3.901
0.663144 3.77372
1.1585 3.2606
1.912 1.17344
0.368238 3.93162
1.38107 2.8932
1.3636 2.92615
1.70433 2.0931
1.99682 0.22545
1.97914 0.576243
0.000748463 4
1.74365 1.95927
1.51384 2.61404
1.46549 2.72201
1.73077 2.00443
0.604414 3.81297
1.49789 2.65052
1.75634 1.91341
1.85026 1.51858
0.634085 3.79365
1.92148 1.10981
1.62028 2.34496
1.78109 1.81958
1.44902 2.75706
1.21705 3.17415
1.0555 3.3976
1.71765 2.04907
0.94454 3.52582
