1.38236 2.89073
1.66022 2.23039
1.75144 1.93129
1.43327 2.7898
0.526373 3.85898
0.790191 3.67456
1.60384 2.38974
0.192413 3.98145
1.71353 2.06281
1.64643 2.27092
1.23572 3.14515
0.937967 3.53283
0.33824 3.94238
1.78747 1.79436
1.72635 2.01961
1.15616 3.26393
0.559352 3.84038
1.7005 2.10552
1.17643 3.23482
1.89538 1.27676
0.709249 3.74004
1.58927 2.42834
1.76365 1.88632
1.39959 2.85738
1.29259 3.05235
1.92375 1.09395
0.651944 3.78152
1.02881 3.43019
1.99606 0.250882
1.48224 2.6855
1.46615 2.72059
1.52925 2.5779
1.27389 3.08363
1.88546 1.33421
1.84378 1.5498
1.82182 1.65044
1.61822 2.35064
2 1.56076e-05
0.128029 3.9918
1.11482 3.32094
1.09374 3.34887
0.456333 3.89449
1.81056 1.69928
0.492013 3.87707
1.83289 1.60064
1.57454 2.46642
0.763846 3.69678
0.961166 3.5078
1.97248 0.661252
1.31108 3.02064
1.87535 1.39007
0.866121 3.60546
1.91452 1.1569
1.41653 2.82379
1.94135 0.961587
0.418777 3.91133
0.984007 3.48237
0.73685 3.71863
1.68728 2.14764
1.51377 2.6142
1.21624 3.17539
1.77566 1.8407
1.67383 2.18933
1.98546 0.481395
1.13563 3.29263
1.36493 2.92368
0.246019 3.96962
1.86501 1.44464
1.99112 0.376438
1.7991 1.74725
0.680934 3.76103
1.44985 2.75532
0.591218 3.82124
1.96528 0.74207
0.00410651 3.99999
1.05072 3.40352
1.95765 0.818792
0.816 3.65193
1.25492 3.11459
1.4981 2.65006
1.00658 3.45648
1.9327 1.02893
1.34722 2.95635
1.94969 0.891518
0.62212 3.80156
1.32926 2.98869
0.294064 3.95653
0.379475 3.92734
1.07238 3.37639
1.85449 1.49784
1.19646 3.2053
1.90507 1.21773
1.55962 2.50406
1.97922 0.575168
1.63242 2.31103
0.841289 3.6289
0.914382 3.55747
1.73899 1.97575
1.54453 2.54121
0.890452 3.58167
