1.78662 1.79778
1.47862 2.69347
0.992719 3.47247
0.904363 3.5677
1.98367 0.510121
1.014 3.44779
1.99 0.399475
1.83331 1.5987
1.37809 2.89887
1.88733 1.32363
1.3429 2.9642
1.32503 2.99619
1.6295 2.31925
1.17555 3.23609
1.05568 3.39738
1.13629 3.29171
0.857782 3.61343
1.11642 3.31879
1.92657 1.0739
0.384484 3.92539
1.07616 3.37158
0.620792 3.80243
1.76215 1.89191
1.27034 3.0895
1.93575 1.00574
1.85556 1.49253
1.84452 1.54629
0.758807 3.70093
1.55658 2.51162
0.000780555 4
1.77446 1.84532
1.69788 2.11395
0.250865 3.96841
1.51039 2.62201
0.559833 3.8401
1.19476 3.20784
1.65738 2.23884
0.42317 3.90944
1.71105 2.07105
0.732538 3.72204
1.44597 2.76345
1.68455 2.1562
1.89749 1.26417
0.784409 3.67951
0.83383 3.63578
1.97672 0.608524
1.9693 0.698116
1.95322 0.860103
1.7241 2.0273
1.23288 3.1496
0.13139 3.99136
0.971177 3.49675
0.527675 3.85827
1.96145 0.781574
1.6153 2.35866
1.28872 3.05888
1.42931 2.79791
0.705733 3.74269
0.494317 3.8759
1.49459 2.65796
1.74966 1.93773
1.90742 1.20292
1.03498 3.42275
1.64353 2.27931
1.46241 2.72864
0.809412 3.65779
1.79858 1.7494
0.196505 3.98065
1.54139 2.54882
0.299283 3.95496
1.94462 0.934749
1.9172 1.13906
1.15606 3.26406
0.343294 3.94063
1.09642 3.34537
2 1.14357e-09
1.58633 2.43604
1.99556 0.266371
1.30696 3.02778
1.36061 2.93172
1.2139 3.17895
0.649988 3.78286
0.590908 3.82143
1.86638 1.43752
1.67106 2.19779
1.41244 2.83197
1.82192 1.64998
1.57155 2.47404
0.881287 3.59073
1.39537 2.86562
1.87696 1.38135
1.52599 2.58561
1.60091 2.39758
0.678278 3.76294
1.81034 1.7002
0.459615 3.89294
0.949261 3.52074
0.92698 3.54441
1.25176 3.11968
1.73698 1.98284
