0.68989 2.37508 4.36183
0.707275 3.2822 2.69426
8.6773e-10 3.40757 3.1423
1.19017 2.56443 2.90773
0.706288 4.17238e-10 5.61341
1.842 1.55823 6.57587e-10
1.71931 1.57159 1.95921
1.27872 2.75524 2.05021
0.513206 1.07511 5.57036
2.14849e-05 0.000964396 6
0.559443 3.76732e-10 5.76049
5.44945e-10 1.82644 5.338
0.891679 1.24109 5.0377
0.000374889 4.00037 0.00037171
1.19162 1.14486 4.50235
1.09574 2.36 3.55845
1.64746 1.23003 2.8581
0.887052 3.38874 1.75508
0.858782 2.53887 3.85477
8.45913e-10 0.900085 5.84612
1.4147e-09 2.99615 3.97517
1.10472 1.70897 4.29477
1.75784 1.05789 2.38198
1.73357 9.01038e-10 2.99212
1.20191 1.93011 3.82318
1.59821 6.69931e-10 3.60713
8.6726e-10 1.5669 5.52049
0.691239 2.87527 3.61939
1.45491 1.95815 2.88474
1.31605 3.01198 7.54229e-10
0.745662 3.7116 5.65448e-10
1.3645 2.37584 2.55792
1.43105 2.54696 1.72431
0.60466 3.11897 3.28982
1.3042 1.35778 4.06736
0.974972 2.71811 3.28987
1.8242 1.20137 1.67429
1.86193 5.03234e-10 2.19063
1.21604 3.17568 1.20161e-09
0.580749 2.14563 4.75459
1.05784 5.32537e-10 5.09204
1.35306 7.75965e-10 4.4185
0.574119 2.69668 4.08305
1.43268 1.50216e-09 4.1865
1.28744 2.16763 3.242
0.874731 1.95009 4.53401
0.637134 3.48507 2.24023
0.439745 3.90211 9.73886e-10
1.4547 1.14115 3.74496
1.47986e-09 3.27805 3.43838
0.567972 3.65448 1.74568
1.01009 1.4073 4.72878
1.15543 1.26859e-09 4.89742
1.77992 1.82414 5.41277e-10
0.953526 2.75127e-09 5.27419
1.94751 0.910394 3.57852e-10
6.2707e-10 1.26442 5.69235
2.40383e-09 2.48124 4.70613
1.48488 2.67966 1.19812e-09
8.86644e-10 3.63183 2.51437
7.88634e-10 3.93089 1.11052
0.564553 1.62274 5.216
1.51843 8.68261e-10 3.90502
0.83657 6.74395e-10 5.4499
8.99316e-10 3.84136 1.67298
0.983252 3.176 2.14571
1.56589 2.48837 4.91593e-10
1.71015 2.07403 6.94007e-10
0.60621 3.81183 3.6537e-10
0.371258 4.76623e-10 5.89572
1.39028e-09 2.82647 4.24558
0.869983 3.01542 2.95458
1.39858 2.85935 2.66366e-09
1.07722e-09 2.28041 4.92944
1.10902 3.32871 4.55835e-10
1.8006 5.56971e-10 2.61161
0.725703 1.774 4.91725
1.25758 1.14222e-09 4.66546
1.15897 3.04859 1.73199
0.980611 2.17032 4.09237
7.91048e-10 3.7419 2.12034
0.870467 3.60127 4.41696e-09
0.710547 1.16129 5.33121
1.96237 7.60009e-10 1.15841
1.58992 1.75077 2.52044
1.53141 1.39972 3.23803
1.63494 2.30389 1.53653e-09
1.52559 2.20925 2.0178
2.00021 0.000212508 0.000211822
5.85083e-10 2.64757 4.4976
0.994752 3.47014 2.28408e-09
1.89832 1.25919 1.50217e-09
1.38517e-09 3.14097 3.71513
1.34366e-09 2.06306 5.14038
1.65367 1.95478 1.67051
1.37745 1.70089 3.5234
1.91368 6.7598e-10 1.74374
1.66803 1.59151e-09 3.31044
1.08766 2.88366 2.57742
5.09384e-10 3.52321 2.84089
