1.87117 1.41242
1.99585 0.257449
1.14431 3.28058
1.10346 3.33609
1.12402 3.30852
0.405342 3.91699
0.803141 3.66331
1.2974 3.04417
1.70252 2.09897
1.63389 2.30687
1.54591 2.53784
1.68915 2.14176
1.40216 2.85233
1.22284 3.16522
1.9783 0.587686
1.64797 2.26645
1.16433 3.25228
0.367218 3.932
0.995878 3.46885
1.67558 2.18396
0.238283 3.97151
1.35077 2.94986
1.38525 2.88519
1.31543 3.01307
1.27914 3.07493
1.99067 0.385977
1.86038 1.46832
0.441452 3.90134
1.76684 1.87434
1.9021 1.23618
0.574998 3.83112
0.903206 3.56888
1.59066 2.4247
1.20361 3.19458
1.18409 3.22362
1.72878 2.01127
1.92132 1.11088
0.950365 3.51955
1.75433 1.92075
1.88172 1.35516
1.9305 1.04528
0.926963 3.54443
0.722331 3.73001
0.828937 3.64025
0.636057 3.79232
1.84938 1.5229
1.8033 1.72987
1.46783 2.71696
0.543089 3.8497
0.510415 3.86755
0.776795 3.68597
1.4517 2.75141
1.56099 2.50066
1.95609 0.833577
0.000195675 4
0.124231 3.99228
0.605985 3.81197
1.06143 3.3902
1.71574 2.05545
0.327134 3.94613
1.83817 1.57622
0.973316 3.49437
1.24185 3.13548
1.33322 2.98163
1.4996 2.64665
1.91186 1.17438
1.08259 3.36333
1.89204 1.29645
1.82674 1.62852
0.476497 3.88482
1.53067 2.57453
1.66188 2.22544
1.9639 0.756526
1.48382 2.68201
0.186473 3.98258
1.51524 2.61077
0.854121 3.61689
1.57591 2.46293
1.74164 1.9664
1.93937 0.977423
1.81514 1.67959
1.77914 1.82721
0.284705 3.95926
1.60524 2.38595
2 2.75603e-07
1.41886 2.8191
0.749861 3.70821
1.03993 3.41675
1.43538 2.78545
1.9479 0.907078
1.26061 3.1054
1.01806 3.443
1.98477 0.492719
1.36813 2.91769
1.97132 0.674996
1.79133 1.7789
0.665426 3.77211
0.694212 3.7513
1.61964 2.3467
0.878861 3.59311
