1.91352 1.50231
0.743176 3.80207
1.96393 1.21082
1.85742 1.76258
1.51667 2.76948
1.2436 3.25956
1.86905 1.71258
1.1457 3.3963
0.714652 3.82266
0.44917 3.96952
2.02209 0.715894
1.74533 2.17213
1.35254 3.08538
0.900733 3.67009
1.03996 3.52561
1.9822 1.08268
0.26724 4.02633
1.9241 1.44676
0.995243 3.57506
1.54728 2.7019
1.16582 3.36961
1.62126 2.52478
0.850539 3.71559
0.408754 3.98512
0.875938 3.69298
1.18566 3.34258
1.8093 1.95247
2.04598 0.303441
0.623959 3.88175
1.387 3.02484
1.01774 3.55056
1.50108 2.80272
0.319002 4.01365
1.33499 3.11516
0.925036 3.64684
1.45338 2.89993
1.20527 3.31518
1.83372 1.85925
1.69163 2.33477
1.4206 2.96305
1.89172 1.60956
0.558321 3.91865
1.97324 1.14757
1.88049 1.66158
1.46946 2.8679
1.40391 2.99409
0.206918 4.03767
0.523511 3.93628
1.48536 2.8355
1.0618 3.50037
1.71874 2.25482
1.56236 2.66745
1.79683 1.99789
0.948861 3.62326
1.94456 1.33165
1.99924 0.945488
1.31722 3.14461
1.6639 2.41249
1.4371 2.93164
1.64984 2.45042
1.75845 2.12961
1.08325 3.47485
0.365682 3.99986
1.57734 2.63243
1.10436 3.44901
2.02888 0.629709
0.655169 3.86249
0.487225 3.95325
1.53204 2.73593
1.95438 1.27205
2.05 0.0502463
1.60675 2.5612
0.824647 3.73778
1.82161 1.90625
1.67786 2.37386
1.28093 3.20265
1.2624 3.23125
1.84566 1.81139
2.01486 0.796474
1.12516 3.42285
1.29917 3.17383
0.798191 3.75956
2.04095 0.430161
1.90273 1.55652
2.0352 0.535672
1.93446 1.38989
1.78421 2.04251
1.70526 2.29509
1.7321 2.21383
0.770979 3.78105
0.591627 3.90053
1.36987 3.05529
2.00724 0.872681
1.63562 2.48788
1.99088 1.01535
1.22455 3.28755
0.972308 3.59928
0.685344 3.8428
1.77139 2.08648
1.59213 2.59702
