1.5691 2.6518
0.673621 3.85058
1.98645 1.05035
1.78242 2.04873
1.96927 1.17498
1.42191 2.96057
0.294017 4.02012
1.31519 3.14793
1.94129 1.35083
2.02391 0.693993
0.168103 4.04302
1.72959 2.22161
2.04625 0.29499
1.45589 2.89498
0.73225 3.81007
1.79516 2.0039
1.4891 2.82777
1.87866 1.66987
0.470653 3.96052
1.93147 1.40657
1.50544 2.7935
1.64474 2.46395
0.787466 3.76814
1.25875 3.2368
1.59988 2.57815
2.03029 0.610252
0.703332 3.83056
1.9602 1.23511
1.1179 3.43206
0.962539 3.60937
0.578162 3.908
1.80771 1.95837
1.67375 2.38532
1.43899 2.92799
1.05324 3.51035
0.84012 3.72462
1.21989 3.2943
0.237473 4.03239
1.76949 2.09289
1.58457 2.61522
1.27781 3.20751
1.62997 2.5025
1.88969 1.61913
1.09664 3.45854
1.40463 2.99277
1.95089 1.29359
1.47259 2.86157
0.642881 3.87021
1.55343 2.68796
1.53761 2.72358
1.07509 3.48465
0.985709 3.58522
1.23947 3.26569
1.978 1.11363
0.760174 3.78933
2.0362 0.51916
2.00249 0.916704
1.9005 1.56742
1.35163 3.08694
1.86736 1.71997
1.13886 3.40522
1.15952 3.37804
0.543918 3.9261
1.74308 2.1793
1.8322 1.86523
0.865632 3.70226
0.343649 4.00665
1.91105 1.5149
1.70205 2.30453
1.00855 3.56066
1.20006 3.32254
1.71592 2.26334
0.915015 3.65652
1.99461 0.984831
1.65933 2.4249
1.82005 1.91218
1.84414 1.81755
0.61109 3.88936
1.85585 1.76921
2.00998 0.846175
2.04155 0.417229
1.29664 3.17787
0.388968 3.99213
1.17994 3.35045
0.938967 3.63315
1.688 2.34518
0.508175 3.94362
1.61501 2.54058
1.36952 3.0559
0.431007 3.97675
2.05 0.0502251
1.33352 3.11762
1.38719 3.02452
0.81407 3.74659
1.52162 2.75876
2.01713 0.772212
1.75638 2.1364
0.890628 3.67951
1.92139 1.46123
1.03106 3.53569
