1.47526 2.35002 2.46141
1.1185 1.40506 4.69686
1.93986 1.35909 0.05
1.36082 0.05 4.58165
0.05 3.08595 3.95663
0.618654 2.5967 4.35081
1.06331 0.05 5.22289
0.962051 3.60987 0.05
0.05 2.16904 5.13888
1.63055 2.13113 1.99214
1.08873 3.46821 0.05
0.670334 1.29369 5.4404
0.05 2.92659 4.21914
1.80932 1.9524 0.05
1.40171 1.38375 3.99379
0.842333 3.19827 2.88705
1.38974 2.74518 1.92135
1.53047 0.05 4.08409
1.55638 1.93073 2.8102
0.681035 3.84568 0.05
0.05 3.77181 2.24846
1.00489 1.98318 4.45284
0.947256 0.05 5.41231
0.605818 3.69227 1.88596
1.31243 1.94744 3.73183
1.05634 3.06371 2.58971
1.20718 3.31247 0.05
0.0526815 0.05 6.04999
1.45211 0.05 4.32865
1.90747 1.12338 1.58485
1.5508 1.16258 3.64769
1.66616 2.40629 0.05
0.927011 2.91275 3.31162
1.3172 3.14464 0.05
0.05 2.55603 4.7265
0.507863 3.94377 0.05
1.89531 0.05 2.36377
1.68993 1.67294 2.47268
0.05 1.1887 5.80175
2.0078 0.05 1.27602
0.05 2.74733 4.48057
0.05 3.97522 1.20473
1.14429 3.20878 1.7151
1.75928 1.81487 1.69227
1.73813 1.14582 2.81586
0.05 1.49661 5.64388
0.05 2.37874 4.92834
1.14221 2.76162 3.00291
0.05 3.53092 3.00588
1.73596 2.20179 0.05
0.05 3.23634 3.67716
0.824971 0.05 5.58125
0.739708 2.77572 3.92327
0.723527 2.24329 4.64278
1.39628 2.17347 3.13905
1.81829 1.33348 2.08759
0.05 4.05 0.05
1.49578 2.81385 0.05
0.05 1.94528 5.33373
1.29502 1.18412 4.42669
1.1193 2.19785 3.96528
0.489215 0.05 5.90353
1.47581 1.71297 3.43839
0.666807 3.041 3.57807
1.87671 1.67867 0.05
1.21211 1.73297 4.23004
0.822907 3.73924 0.05
1.17271 0.05 5.01544
1.01408 2.59437 3.66509
0.614603 2.00239 5.00524
1.58371 2.61729 0.05
1.99524 0.979565 0.05
0.05 0.797567 5.94428
0.05 1.73098 5.49446
0.979717 1.21171 5.06838
1.26347 0.05 4.81942
0.959505 3.34289 2.08916
1.69486 0.05 3.46319
0.05 3.38867 3.35452
1.53417 2.49893 1.68751
0.850717 3.54756 1.69485
1.83881 0.05 2.73353
1.40916 2.98441 0.05
0.05 3.88076 1.77681
0.556301 1.00484 5.67508
0.68785 3.46632 2.51537
0.748534 1.55444 5.19936
0.893962 2.40747 4.18337
2.05 0.05 0.0500031
1.31644 2.57878 2.72898
0.670918 0.05 5.75352
1.95457 0.05 1.88126
0.05 3.65062 2.66341
1.22215 2.39432 3.40692
1.61541 0.05 3.78436
1.24594 2.94177 2.12659
0.892564 1.76951 4.84147
1.62582 1.3843 3.15569
1.76953 0.05 3.11415
0.591075 3.29751 3.15418
