1.37073 3.05378
0.956248 3.61579
1.94814 1.31027
2.01562 0.788454
1.70225 2.30394
2.00821 0.863408
1.29633 3.17837
0.858296 3.70877
1.27708 3.20865
0.635023 3.87505
1.33404 3.11676
0.883442 3.68614
1.57145 2.6463
0.779635 3.77432
1.97549 1.13162
1.21784 3.29725
0.46481 3.96302
1.42399 2.95664
1.1976 3.32598
0.57098 3.91191
1.23784 3.2681
1.58676 2.60998
1.74253 2.18104
1.66036 2.42212
0.537078 3.92956
1.52424 2.75304
1.3153 3.14775
2.04111 0.426716
0.806417 3.75288
1.9841 1.06836
0.603545 3.89374
2.0293 0.623984
1.04831 3.51605
1.99244 1.00277
1.84204 1.82606
0.167789 4.04306
0.695293 3.83608
0.724106 3.81594
0.932367 3.63967
1.00299 3.56671
1.09237 3.46378
0.665582 3.85582
0.384215 3.99375
1.91863 1.47581
1.7685 2.09621
1.71585 2.26354
1.40647 2.98938
1.61679 2.53611
1.64602 2.46057
1.89783 1.58039
1.90835 1.52855
2.02266 0.709076
0.908127 3.6631
1.88708 1.6313
1.47512 2.85645
1.6315 2.49855
0.752209 3.79535
1.02582 3.54158
1.68847 2.34384
0.83263 3.73103
1.60188 2.57323
1.07045 3.49016
1.5559 2.68231
1.80612 1.96419
1.9575 1.2524
2.03548 0.531122
1.44128 2.92356
1.83027 1.8728
1.79377 2.00884
1.75561 2.13893
1.81829 1.91884
1.85362 1.77852
1.38872 3.02175
1.45831 2.89018
1.15632 3.3823
1.17709 3.35434
0.979787 3.59147
1.92869 1.4219
0.501924 3.94654
1.13529 3.40984
1.50812 2.78781
1.87616 1.68113
1.78123 2.05285
1.93854 1.36671
0.235484 4.03276
2.00048 0.934591
1.35252 3.08542
1.11396 3.43702
0.425783 3.97876
1.72928 2.22259
1.6745 2.38323
1.96663 1.19288
2.04605 0.301247
1.49172 2.82232
0.290723 4.02092
1.54018 2.71786
0.33954 4.00786
1.86499 1.73025
2.05 0.0500244
1.25759 3.23856
