1.63233 2.49642
1.88666 1.63328
1.47815 2.85028
1.37735 3.04208
1.51035 2.78305
0.724719 3.8155
0.632979 3.8763
1.13411 3.41137
1.46179 2.88327
1.44526 2.91584
0.664558 3.85648
1.25135 3.24797
1.54189 2.71404
2.04609 0.29984
1.79392 2.00831
1.34228 3.10287
1.72984 2.22085
1.07128 3.48918
1.96664 1.19278
1.74303 2.17947
1.98427 1.06709
1.92839 1.42355
1.75603 2.13756
1.91825 1.47776
1.6611 2.42012
1.41166 2.97976
1.80618 1.96399
1.11349 3.43762
1.58786 2.60732
0.835291 3.72876
1.19394 3.3311
1.94798 1.3112
0.694969 3.8363
2.03563 0.52863
0.455155 3.96706
1.97559 1.13094
1.32448 3.13266
0.959263 3.61272
1.83011 1.8734
1.52621 2.74875
1.99265 1.00098
1.09261 3.46348
0.413992 3.9832
1.95744 1.2528
2.04121 0.424666
0.322339 4.01274
1.86461 1.73188
1.49434 2.81686
0.206918 4.03767
0.269077 4.02593
0.861136 3.70626
0.49402 3.95018
1.71647 2.26169
1.39459 3.01114
1.0053 3.5642
1.30651 3.16203
1.87573 1.68304
1.76886 2.09503
2.0229 0.706207
1.17431 3.35813
1.67521 2.38126
0.808655 3.75105
1.21338 3.30364
0.781484 3.77287
1.02766 3.53952
1.42854 2.94802
1.68915 2.34189
0.369968 3.99848
1.28833 3.19104
1.15436 3.38489
1.5727 2.64336
0.911192 3.66018
1.04964 3.51452
1.26995 3.21968
2.00073 0.932379
0.886364 3.68345
1.35991 3.07268
1.89738 1.58256
1.61768 2.53386
1.55738 2.67892
0.935563 3.63652
0.531106 3.93254
0.566552 3.91428
2.02951 0.621094
1.9383 1.36808
1.8418 1.82702
1.23249 3.27597
1.7029 2.30205
2.05 0.0503812
1.81824 1.91904
1.90792 1.53071
2.01588 0.785709
1.8533 1.77986
2.00847 0.86089
1.6468 2.45851
1.60285 2.57083
1.78148 2.05196
0.753574 3.79432
0.982498 3.58861
0.6004 3.89555
