1.77925 2.05968
0.74265 3.80246
2.05 0.0501871
1.50681 2.79059
0.684534 3.84335
2.03579 0.52599
1.85241 1.78357
1.56919 2.65159
2.00884 0.857328
1.99311 0.997278
0.206918 4.03767
1.92872 1.42171
1.16763 3.36718
0.365114 4.00004
1.32047 3.13928
2.02317 0.702975
1.24617 3.25573
0.590795 3.90099
1.4908 2.82423
1.52266 2.7565
1.40808 2.9864
0.266954 4.0264
1.55383 2.68704
1.94845 1.30839
1.5994 2.57931
1.74029 2.18814
1.18765 3.33983
1.12654 3.42109
1.86396 1.7347
1.30226 3.16888
0.623036 3.8823
1.95795 1.24954
0.924924 3.64695
0.318582 4.01377
1.35617 3.07914
1.64344 2.4674
1.26512 3.2271
0.770498 3.78142
1.06264 3.49938
1.45827 2.89026
0.486482 3.95358
0.900432 3.67037
1.8753 1.68496
2.00115 0.928691
1.90804 1.53014
1.08428 3.47361
0.714032 3.82309
0.972504 3.59908
1.14725 3.39428
1.97611 1.12719
1.39099 3.01766
1.82875 1.87872
1.53834 2.72197
0.654201 3.8631
0.995638 3.57464
1.69979 2.31114
2.0162 0.782236
1.75345 2.14596
1.98475 1.06336
1.37369 3.04856
0.797762 3.75991
1.47463 2.85745
1.04067 3.52481
2.02972 0.618183
1.93872 1.36563
1.44172 2.92272
1.67195 2.39031
0.522621 3.93671
1.91849 1.47652
1.96717 1.18919
0.850176 3.71591
1.79188 2.01555
0.448321 3.96987
1.88643 1.63435
1.72696 2.22972
1.62892 2.50521
1.58438 2.61568
0.824257 3.7381
1.80435 1.9707
0.557392 3.91914
1.61425 2.54249
1.33844 3.10936
1.01834 3.54989
0.948961 3.62316
1.81664 1.92507
1.425 2.95474
1.10556 3.44752
2.04613 0.298852
1.89733 1.5828
2.04129 0.422805
1.76645 2.10311
1.65777 2.42913
0.408053 3.98538
1.68596 2.35099
1.20743 3.31212
0.875536 3.69334
1.71346 2.27071
1.22695 3.28406
1.28382 3.19814
1.84067 1.83156
