1.73835 2.19426
2.00759 0.869367
1.88438 1.64378
1.8389 1.83868
1.7249 2.23605
1.56507 2.66118
0.79203 3.76451
0.845454 3.72002
1.50186 2.80107
0.465846 3.96258
1.94635 1.32099
2.05 0.0501889
1.71125 2.27733
1.87331 1.6938
1.75161 2.15194
1.34988 3.08994
1.77752 2.06561
1.53381 2.73203
1.69742 2.31805
1.10091 3.45329
1.22102 3.29266
1.6834 2.35825
1.41917 2.96574
1.18215 3.34742
1.59566 2.58845
2.02229 0.7136
1.36746 3.05951
1.62559 2.51374
1.86205 1.74291
1.91634 1.48772
1.07975 3.47906
1.9059 1.54081
1.58045 2.62506
0.216191 4.03617
1.48567 2.83486
1.29592 3.17902
1.93657 1.37791
1.99971 0.941365
2.046 0.302808
0.944838 3.6273
1.79018 2.02157
1.92657 1.43346
1.45275 2.90117
1.3141 3.14971
0.735482 3.80772
0.764345 3.78615
1.40213 2.99737
1.27753 3.20796
1.89525 1.59281
1.80265 1.97689
1.16229 3.37434
0.920796 3.65095
0.968369 3.60336
1.97424 1.14049
1.85057 1.79119
2.03529 0.534219
1.65483 2.43708
0.541729 3.92722
1.54951 2.69686
1.05832 3.50444
1.20171 3.32021
0.896305 3.67423
2.041 0.429081
0.871137 3.69732
1.03637 3.5297
1.38492 3.02859
0.67551 3.84934
0.57746 3.90839
1.9559 1.26253
0.38006 3.99515
0.819064 3.74245
1.14216 3.40093
0.706032 3.82869
1.61071 2.55134
1.24009 3.26477
2.01513 0.793714
1.51791 2.76679
1.64029 2.47567
1.76466 2.10906
1.6692 2.39793
1.1217 3.42726
2.02903 0.627777
1.43604 2.93368
0.504654 3.94527
1.81492 1.93154
0.991409 3.57916
1.82701 1.88548
0.644199 3.86939
0.132102 4.04663
1.46929 2.86823
0.278359 4.02384
1.99151 1.01025
0.424453 3.97927
1.33209 3.12001
0.331933 4.01006
0.611331 3.88922
1.9652 1.20243
1.98302 1.07654
1.25892 3.23653
1.01405 3.55463
