1.76084 2.12174
1.78636 2.03498
0.988526 3.58223
0.844258 3.72105
0.894152 3.67624
1.97209 1.15557
1.01115 3.55781
1.16027 3.37704
1.65206 2.4445
1.27732 3.20829
1.41972 2.9647
1.98106 1.0912
2.04585 0.307445
1.59383 2.5929
1.53307 2.73365
1.05531 3.50795
1.86984 1.70912
0.680254 3.8462
0.445479 3.97102
1.74781 2.16418
1.66622 2.40613
1.72127 2.24715
0.519822 3.93807
0.918353 3.65331
1.79886 1.99061
1.8585 1.75803
1.56378 2.66417
1.46949 2.86784
1.07689 3.48249
2.04068 0.435737
1.51746 2.76777
1.83523 1.85329
1.93376 1.39383
1.13984 3.40395
0.404887 3.98652
0.737585 3.80618
1.54851 2.69912
1.33248 3.11936
1.95338 1.27826
0.483852 3.95475
1.20033 3.32215
0.195249 4.03944
0.792119 3.76444
0.709254 3.82645
1.63774 2.48236
1.92362 1.44934
1.4027 2.99632
1.38548 3.02758
1.18043 3.34977
1.73461 2.20602
0.6502 3.86563
1.21997 3.29418
1.62326 2.51969
0.587388 3.9029
0.312573 4.01538
1.70772 2.28782
0.76524 3.78547
1.36804 3.0585
2.02135 0.724586
1.69403 2.32786
0.965551 3.60627
1.48568 2.83483
0.258881 4.02812
1.35037 3.08911
1.881 1.65929
1.81117 1.94554
2.05 0.0501263
1.31432 3.14935
1.89196 1.60842
1.94367 1.33685
1.90272 1.55654
2.03478 0.542618
1.6802 2.36728
1.09817 3.45667
1.4531 2.90049
1.96285 1.2179
0.818479 3.74293
2.00625 0.882064
1.03339 3.53307
1.8233 1.89977
1.43651 2.93278
2.014 0.805556
0.619307 3.88452
1.57889 2.62877
0.942156 3.62998
1.84696 1.80608
1.25847 3.23722
0.360957 4.00136
1.23933 3.2659
2.02831 0.637469
1.60862 2.55656
0.869442 3.69884
1.99815 0.954878
1.50166 2.8015
1.91328 1.50355
1.77369 2.07868
0.554285 3.92076
1.29592 3.17901
1.11915 3.43049
1.98975 1.02445
