0.739522 3.53693 2.13902
1.67392 0.05 3.55226
0.05 3.7737 2.24126
1.9993 0.94497 0.05
0.924969 0.05 5.44536
0.626278 2.67983 4.22733
1.60039 0.05 3.84034
0.442049 0.05 5.93359
1.14431 2.35977 3.68573
1.1308 3.41564 0.05
1.26101 3.01822 1.77567
1.44288 0.05 4.3557
0.05 3.09547 3.93993
1.42339 2.95778 0.05
1.56553 2.21255 2.24227
0.627792 0.05 5.79416
1.52307 0.05 4.10839
1.04296 0.05 5.25828
0.05 3.88175 1.77186
0.05 2.35214 4.95666
0.128839 0.05 6.04534
1.03184 2.72728 3.39608
1.96858 0.05 1.74458
1.72142 2.2467 0.05
1.66627 1.22496 3.11315
2.05 0.05 0.05
0.05 3.52295 3.0269
1.95267 1.28263 0.05
1.15194 0.05 5.05715
0.05 1.88075 5.38468
1.24742 2.55025 3.05507
0.654241 3.86308 0.05
1.78237 1.68852 1.76741
0.742488 2.89573 3.71923
0.915575 3.65598 0.05
0.608758 2.20096 4.82287
1.74751 1.37326 2.52513
0.889621 1.26003 5.18429
1.50398 2.79658 0.05
0.621187 1.58171 5.32114
0.05 4.05 0.05
0.666442 1.12849 5.52384
0.05 2.94841 4.18501
1.68217 1.99932 1.91403
0.05 2.11709 5.18674
1.78672 2.03374 0.05
1.22766 3.28302 0.05
0.05 3.65351 2.65444
0.908023 2.55664 3.95344
0.05 0.985231 5.8837
0.05 1.62238 5.56698
0.671019 3.16168 3.32769
2.01401 0.05 1.18311
1.9037 1.55172 0.05
1.32869 3.12568 0.05
1.13273 1.71544 4.43274
0.05 3.243 3.66395
1.25846 0.05 4.83086
1.33708 1.32945 4.22224
1.48509 2.54925 1.89678
0.490702 3.95168 0.05
1.02447 2.17784 4.20528
0.943401 3.02443 3.035
0.05 3.97566 1.20142
1.65212 2.44434 0.05
1.35794 0.05 4.58913
0.607484 3.41284 2.83539
1.55236 1.32276 3.52007
1.02726 3.53997 0.05
0.971635 3.39315 1.84104
0.05 2.76507 4.45612
0.792071 3.76447 0.05
1.61924 1.74862 2.76025
1.49021 1.91987 3.12654
0.610767 3.70772 1.80136
1.34703 2.74161 2.18512
0.05 1.33315 5.7329
0.05 0.214831 6.0449
0.73661 1.81473 5.02494
0.907341 1.96449 4.64759
1.42304 1.56496 3.77408
1.20465 1.18418 4.6442
1.74296 0.05 3.2445
1.85722 1.21803 1.93039
1.02108 1.43303 4.86761
1.09096 3.16824 2.14045
0.859676 3.27986 2.62446
1.86611 0.05 2.56311
0.05 3.38167 3.37038
1.80767 0.05 2.91276
0.05 2.56939 4.71032
0.747138 2.38111 4.45447
1.84756 1.80358 0.05
1.41477 2.35997 2.73899
1.91989 0.05 2.17879
1.58019 2.62567 0.05
1.16038 2.87833 2.67767
1.24328 1.91044 3.97391
1.33526 2.12695 3.43041
0.785908 0.05 5.62906
