1.08914 3.46771
1.88018 1.66301
0.858433 3.70865
0.778784 3.77498
2.02421 0.690347
1.50534 2.79372
1.5993 2.57956
0.492753 3.95075
1.13034 3.41622
1.70203 2.30459
1.18997 3.33663
1.67348 2.38608
0.268592 4.02604
0.806064 3.75317
1.82141 1.90701
0.630912 3.87755
1.00193 3.56786
2.01043 0.841716
1.68785 2.3456
0.722115 3.81737
1.04624 3.51843
1.91252 1.50743
1.71608 2.26284
1.31949 3.14088
1.85737 1.76281
1.47294 2.86086
1.65892 2.42603
2.0175 0.768219
1.97886 1.10737
1.83361 1.85968
0.598286 3.89676
1.97018 1.16877
0.908346 3.66289
1.17045 3.36336
1.35467 3.08172
1.6294 2.50397
0.692623 3.83789
2.03049 0.607292
1.10987 3.44215
1.33718 3.11148
1.45649 2.89379
1.15063 3.38983
1.74361 2.17762
0.564525 3.91537
1.4892 2.82755
2.04629 0.293391
1.55302 2.68889
1.24683 3.25475
1.90196 1.56028
1.06789 3.49319
1.99527 0.979315
1.77039 2.08987
1.95204 1.28653
1.28354 3.19857
1.40634 2.98961
0.750893 3.79633
1.7571 2.13405
2.05 0.0502265
1.20917 3.30964
1.22811 3.28237
1.89124 1.61186
2.04164 0.415255
0.932418 3.63962
1.98721 1.04441
1.52145 2.75912
1.42321 2.95813
0.206918 4.03767
1.94257 1.34334
1.72993 2.22057
1.96127 1.22821
1.61442 2.54206
0.88368 3.68592
1.26529 3.22683
2.03633 0.516903
0.52951 3.93333
1.79635 1.99962
1.43995 2.92614
1.92274 1.45406
1.93281 1.39912
0.956091 3.61595
0.832626 3.73103
1.8456 1.81163
1.30162 3.1699
0.979181 3.5921
0.368948 3.99881
1.8689 1.71327
1.3893 3.0207
2.003 0.912063
1.5686 2.65296
1.02438 3.54319
0.321473 4.01298
1.78347 2.04507
1.80901 1.95357
0.453936 3.96757
0.662284 3.85794
1.53733 2.72421
1.58399 2.61661
0.412986 3.98357
1.37207 3.05141
1.64425 2.46525
