1.58761 2.24694 2.01524
0.838472 1.31343 5.22815
1.61439 1.4025 3.18978
1.35697 2.81654 1.89539
0.05 2.42172 4.88152
1.99968 0.05 1.38741
1.70675 1.99702 1.7135
1.96856 1.1798 0.05
1.92129 1.46177 0.05
0.05 1.51049 5.63576
0.745155 2.18965 4.67061
0.514952 0.05 5.88561
0.649165 2.53501 4.39449
1.74271 2.18048 0.05
0.615162 1.55186 5.34625
0.05 2.22584 5.08466
1.2881 2.61867 2.76261
1.20734 2.40029 3.44358
1.89891 0.05 2.33774
1.80961 1.95132 0.05
1.56596 0.05 3.96367
0.607455 3.74796 1.61032
1.00262 3.56711 0.05
0.05 1.77589 5.46276
0.598827 3.45186 2.74269
1.71147 0.05 3.38999
0.05 2.94891 4.18422
1.03554 1.14646 5.00514
0.05 3.5444 2.96987
0.603905 1.09905 5.5964
0.0502511 0.05 6.05
0.981017 0.05 5.36026
1.16517 1.33606 4.64196
1.12559 3.4223 0.05
0.05 1.21037 5.79199
0.908286 2.3642 4.21176
0.928326 1.69759 4.84053
0.05 4.05 0.05
1.9535 0.05 1.89124
0.05 2.01621 5.27508
1.30592 1.93504 3.76604
1.44196 2.4163 2.49199
1.77728 0.05 3.07467
1.86784 1.71789 0.05
1.48482 2.61056 1.69911
0.05 3.88312 1.765
1.42116 2.96199 0.05
0.884035 2.91073 3.4154
1.7409 1.2637 2.6869
0.05 2.60842 4.66222
1.32592 3.13027 0.05
0.05 3.67243 2.5947
1.0014 2.5803 3.71716
1.85968 1.15314 1.99612
2.05 0.05 0.05
1.37739 2.20125 3.16922
1.66308 1.76682 2.48925
1.10262 0.05 5.15176
1.83861 0.05 2.73475
0.05 3.11708 3.90152
2.01401 0.805458 0.05
1.12784 2.15483 3.99666
0.05 0.823944 5.93662
1.64557 0.05 3.66764
0.992458 3.07701 2.7684
0.05 3.40565 3.3156
0.05 2.78409 4.42958
1.48116 0.05 4.24119
0.866231 3.33144 2.45338
1.37891 1.35981 4.08061
1.10936 2.77507 3.0817
1.22902 3.28105 0.05
1.0276 1.92975 4.46005
1.236 1.60608 4.27996
1.5194 1.18411 3.74781
0.711102 3.20948 3.1494
0.940223 3.46212 1.68457
1.39793 0.05 4.48257
1.3092 0.05 4.71151
0.05 3.78311 2.20492
0.609592 3.02761 3.6877
1.79411 1.59817 1.84716
0.868322 3.69985 0.05
1.2149 0.05 4.92721
0.669185 1.91973 5.01827
1.67093 2.39314 0.05
0.700773 0.05 5.72349
0.724149 2.75205 3.98475
0.709603 3.58203 2.05374
0.05 3.27451 3.60045
0.708396 3.82704 0.05
0.05 3.9763 1.19644
1.53328 1.98032 2.84554
1.20684 2.96673 2.24409
1.60059 2.57641 0.05
1.10304 3.21499 1.91585
0.857858 0.05 5.53874
1.46187 1.72488 3.47751
1.51382 2.7756 0.05
0.518586 3.93866 0.05
