1.36756 2.04374 3.4312
1.71199 0.05 3.38769
1.78401 0.05 3.03978
0.05 3.78939 2.18029
1.16717 1.67145 4.39188
1.07561 1.31173 4.84074
1.13255 0.05 5.09508
0.05 3.89081 1.72582
1.56622 2.6585 0.05
1.12411 3.23285 1.73017
1.44331 2.26299 2.79032
1.32268 0.05 4.67844
1.1878 3.33963 0.05
0.05 0.806118 5.94183
1.25433 1.16483 4.53887
1.38398 3.03028 0.05
0.05 3.27726 3.59483
0.67981 3.84649 0.05
0.655983 0.05 5.76796
0.05 1.19107 5.80069
1.4135 0.05 4.4395
1.96171 0.05 1.81303
0.491085 0.05 5.90226
1.59639 2.03955 2.41047
1.03989 2.66366 3.48669
0.92907 3.36273 2.13644
1.80184 1.97984 0.05
0.05 2.22594 5.08457
0.610551 3.71343 1.77496
0.61241 1.16598 5.55918
1.89275 1.18263 1.64754
1.90904 0.05 2.26262
0.05 4.05 0.05
0.05 3.67708 2.57975
0.0513969 0.05 6.05
0.05 2.79772 4.41034
0.05 2.60574 4.66557
0.825896 3.73673 0.05
0.05 1.74966 5.4814
0.623528 2.67162 4.24233
0.05 1.99786 5.29053
0.652785 3.09915 3.48669
0.05 2.42186 4.88137
1.93511 1.38623 0.05
1.22618 0.05 4.90278
0.747773 2.84214 3.80193
0.05 3.13189 3.87485
1.03187 3.10766 2.55748
1.56859 0.05 3.95449
1.72544 2.2344 0.05
1.52211 2.43196 1.98136
0.613339 1.81986 5.15842
1.03275 0.05 5.27568
0.922225 0.05 5.44935
0.05 3.97963 1.17047
1.41814 2.75104 1.70486
1.85076 0.05 2.6606
1.15555 2.81305 2.84685
0.923001 2.96852 3.20846
1.34547 2.6263 2.49169
0.627033 3.46964 2.63689
1.25987 2.46421 3.1664
1.80665 1.34103 2.166
0.796577 0.05 5.61629
1.74949 1.79841 1.81844
0.05 1.48848 5.64859
1.4686 1.48375 3.69185
1.64239 0.05 3.68023
1.8698 1.70932 0.05
0.683639 2.11548 4.82363
1.07344 3.48661 0.05
0.92176 2.50297 4.00245
1.47784 2.8509 0.05
0.951095 1.88982 4.64088
1.6653 2.15646 1.64172
1.52802 1.82043 3.0974
0.767445 1.30911 5.32261
0.05 2.97762 4.13843
2.05 0.05 0.05
1.16471 2.29167 3.72566
0.884394 1.54041 5.02354
1.99242 1.00288 0.05
1.37546 1.3143 4.1233
0.956171 3.61587 0.05
1.64291 2.46878 0.05
0.05 3.55052 2.95332
1.29446 3.18133 0.05
0.797021 3.55596 1.87243
0.05 3.41404 3.29612
1.04798 2.12618 4.21385
1.2761 1.85425 3.94175
0.755751 3.25627 2.946
0.505003 3.94511 0.05
0.761372 2.3497 4.47111
1.60468 1.28597 3.33779
2.01101 0.05 1.229
1.25019 2.96357 2.03392
1.49303 0.05 4.20439
1.73343 1.1309 2.8546
1.67265 1.62407 2.64391
