1.17555 3.35644
1.09387 3.46195
1.3647 3.06435
0.592383 3.9001
1.91676 1.48558
1.93781 1.37085
1.6392 2.47855
1.72268 2.24285
1.29156 3.18593
0.2129 4.03671
1.74925 2.15956
2.04012 0.447063
1.31017 3.15611
0.740503 3.80404
1.7623 2.11691
0.940289 3.63184
0.525348 3.93538
1.02981 3.5371
1.00791 3.56136
1.1555 3.38339
1.96765 1.18598
0.793862 3.76304
1.948 1.31111
0.452164 3.9683
1.43465 2.93635
0.559699 3.91792
2.04561 0.314864
0.712743 3.824
1.95793 1.24969
0.963147 3.60874
0.683993 3.84371
0.869323 3.69895
1.98626 1.05183
1.27279 3.21531
1.66772 2.402
1.78789 2.02962
0.48962 3.95217
1.54907 2.69787
1.90595 1.54058
1.45162 2.90339
1.48492 2.83639
1.99512 0.980636
0.893417 3.67693
1.60991 2.55333
1.97709 1.12021
0.323638 4.01238
1.25375 3.24436
0.272312 4.02521
1.40007 3.00113
1.81288 1.93917
2.05 0.0501168
1.83718 1.84553
1.77516 2.07367
1.89496 1.59416
2.01188 0.827201
1.07278 3.4874
1.34674 3.09531
2.00369 0.905775
0.412173 3.98387
1.8724 1.69787
1.53335 2.73303
1.1352 3.40997
0.767619 3.78364
1.73605 2.20149
1.11465 3.43616
1.19549 3.32893
1.65355 2.4405
1.80048 1.98475
1.32855 3.12592
1.50127 2.80232
1.23451 3.273
0.624026 3.88171
0.84471 3.72066
1.82512 1.89278
0.819622 3.74198
1.46839 2.87005
1.51742 2.76785
2.03387 0.556984
0.985689 3.58524
1.38249 3.03293
1.69554 2.3235
0.13501 4.04639
1.595 2.59007
1.70919 2.28346
2.02702 0.654595
1.6817 2.36305
1.88375 1.64669
1.57991 2.62635
1.05148 3.51239
1.84911 1.79722
1.41746 2.96894
1.92739 1.429
1.21507 3.30122
2.01966 0.744086
1.62464 2.51617
0.654605 3.86285
0.917055 3.65456
1.56458 2.6623
0.369599 3.9986
1.86086 1.74798
