0.676428 2.53684 4.35737
1.30838 2.28295 3.29496
0.05 1.81831 5.43186
0.464287 3.96324 0.05
1.35801 0.05 4.58893
0.853744 1.40559 5.15405
1.733 1.48264 2.47684
0.970504 3.60115 0.05
0.589272 1.66924 5.29245
0.05 2.64277 4.61886
0.0521899 0.05 6.05
1.30341 3.16702 0.05
1.59193 0.05 3.87127
1.81126 1.94521 0.05
0.05 2.45811 4.84085
0.05 3.72592 2.41582
1.67462 2.04266 1.86974
0.942104 1.7463 4.77896
2.01313 0.05 1.19675
0.77655 2.20892 4.60654
0.05 2.26494 5.04616
0.05 1.55242 5.61068
1.68221 1.20486 3.05369
0.05 0.827844 5.93546
1.0943 3.46141 0.05
0.962084 0.05 5.38975
0.05 3.60951 2.78721
1.39998 1.8308 3.58026
0.656357 3.59339 2.15735
0.728934 3.00514 3.54321
1.02062 3.27672 2.07354
1.26998 0.05 4.80445
1.19512 3.32945 0.05
0.67337 1.98011 4.96128
0.568342 3.77062 1.61048
0.05 2.99713 4.10678
1.99573 0.975526 0.05
0.05 3.48343 3.12831
1.07164 0.05 5.20812
1.17379 0.05 5.01325
1.111 2.48968 3.58221
0.05 4.05 0.05
0.05 1.22971 5.78312
1.96657 0.05 1.76493
1.66188 0.05 3.60199
0.711787 1.19003 5.4476
1.0617 1.93172 4.38835
1.45602 2.66143 1.74234
1.04157 1.21462 4.95911
1.66163 2.41866 0.05
0.49346 0.05 5.90065
0.970299 2.33123 4.1327
1.9037 1.14819 1.58646
0.05 2.06215 5.23559
1.20335 2.0866 3.88348
0.834306 3.7296 0.05
1.21965 3.09235 1.7416
1.94136 1.35041 0.05
1.49961 2.80582 0.05
1.87939 1.6666 0.05
1.8015 0.05 2.94657
1.55205 2.31344 2.09141
1.49996 1.25561 3.76594
1.77731 1.76068 1.651
1.31325 2.83201 2.1052
1.00156 2.83946 3.2661
0.832678 0.05 5.57148
0.05 3.16556 3.81296
1.17568 1.33419 4.62003
1.25257 1.62235 4.22393
0.669165 3.85349 0.05
1.56306 1.50744 3.30832
2.05 0.05 0.05
1.51787 0.05 4.12533
0.729564 3.39374 2.63599
1.82669 1.2541 2.13042
1.40457 2.99289 0.05
0.615362 2.84255 3.99677
0.05 3.94555 1.41217
0.878807 2.67603 3.83176
0.05 3.33023 3.48368
1.21765 2.6664 2.93563
1.86078 0.05 2.59746
0.895295 3.13789 2.89875
0.05 3.84282 1.95595
1.11755 2.98511 2.57181
1.73703 2.19841 0.05
1.43948 0.05 4.36558
0.05 2.81727 4.38243
0.60523 3.24846 3.24494
1.47918 2.06874 2.95645
1.91648 0.05 2.20552
1.39468 2.47596 2.5965
1.73415 0.05 3.28616
0.553008 1.02306 5.67072
1.37611 1.3494 4.09648
0.677531 0.05 5.747
1.58867 2.60538 0.05
1.61407 1.83232 2.6645
0.888434 3.50149 1.74398
