2.02768 0.645989
1.50432 2.79587
0.936171 3.63592
1.40637 2.98957
0.362109 4.00099
1.59618 2.5872
1.61093 2.55081
0.981661 3.5895
1.16951 3.36464
0.734364 3.80853
1.42315 2.95823
2.05 0.0503439
1.56621 2.65854
1.65433 2.43841
1.83892 1.8386
1.24617 3.25573
0.959094 3.61289
2.02049 0.734569
1.43974 2.92655
1.90798 1.53041
1.18901 3.33796
0.518205 3.93885
1.97868 1.1087
0.912768 3.65867
1.33722 3.11142
1.20829 3.3109
1.80203 1.97913
1.93973 1.35982
1.64002 2.47639
1.08899 3.46789
1.77658 2.06883
1.62553 2.51391
1.48842 2.82918
0.839839 3.72486
1.14976 3.39098
2.00484 0.8952
1.30141 3.17024
1.37219 3.0512
1.91878 1.47501
0.814354 3.74636
1.31942 3.141
1.75044 2.15572
1.98771 1.04051
1.95972 1.23825
1.89696 1.58457
0.260197 4.02785
1.45614 2.89448
0.482368 3.95541
2.03435 0.549469
1.12977 3.41696
1.82683 1.88618
1.87435 1.68919
1.22733 3.28351
2.01287 0.81722
1.47236 2.86204
2.04042 0.441014
0.647831 3.86712
1.86274 1.73993
1.00385 3.56578
0.189762 4.04067
1.38938 3.02057
0.788395 3.7674
1.71012 2.28069
1.53559 2.72807
1.81451 1.9331
1.0471 3.51745
0.706336 3.82848
1.94985 1.29991
1.76358 2.11266
0.617103 3.88583
0.864701 3.70309
1.52004 2.76219
1.26478 3.22762
1.78937 2.02442
0.315359 4.01464
1.2832 3.1991
1.6964 2.32099
0.4447 3.97133
0.585349 3.90404
1.58129 2.62304
1.68251 2.36076
1.72373 2.23965
1.96932 1.17468
1.02565 3.54177
1.99645 0.969408
0.404811 3.98655
1.88576 1.63744
1.92938 1.41812
0.677469 3.84804
1.0682 3.49283
1.35481 3.08149
0.761735 3.78815
1.73718 2.19795
0.552517 3.92168
0.888996 3.68103
1.85093 1.78973
2.04575 0.310742
1.66852 2.39979
1.10951 3.4426
1.55098 2.69352
