1.76963 2.09243
0.950442 3.62167
2.046 0.302887
0.902252 3.66866
1.42962 2.94596
1.46359 2.87968
1.92731 1.42942
1.67747 2.37493
0.524986 3.93556
1.44671 2.91302
0.319607 4.01349
0.267591 4.02626
1.5289 2.74284
2.041 0.429095
1.39479 3.01076
1.06325 3.49866
1.54467 2.7078
0.877417 3.69164
0.85214 3.71419
2.02904 0.627631
1.62051 2.5267
1.90693 1.53567
0.409597 3.98481
1.85281 1.78189
1.04141 3.52396
0.826328 3.73636
1.26616 3.22551
1.79428 2.00702
1.51288 2.77762
1.28516 3.19603
1.98319 1.07527
1.24695 3.25456
1.56028 2.67225
2.05 0.0502761
0.745053 3.80068
1.88583 1.63713
1.6635 2.41358
1.49665 2.81203
1.14748 3.39397
1.32256 3.13583
1.82989 1.87426
1.74427 2.1755
1.93717 1.37452
0.799902 3.75818
0.559807 3.91787
1.94684 1.31808
1.95628 1.26013
0.593306 3.89958
1.41232 2.97854
1.96551 1.20032
1.08475 3.47303
0.206918 4.03767
1.12685 3.4207
1.99165 1.00919
2.00765 0.868806
0.625576 3.88078
1.22753 3.28322
0.926603 3.64531
0.656708 3.86151
1.16787 3.36685
0.772724 3.7797
1.2079 3.31145
1.875 1.68632
1.64936 2.4517
1.63502 2.48942
1.71815 2.25661
1.78204 2.05002
1.97446 1.13892
0.996719 3.57348
1.99981 0.940518
2.03529 0.534166
1.18801 3.33933
1.59085 2.60012
1.10594 3.44705
1.34093 3.10517
1.91722 1.48318
0.973784 3.59774
1.75706 2.13416
1.60582 2.5635
1.48022 2.84604
0.366346 3.99965
1.70477 2.29654
0.450205 3.9691
1.69123 2.33594
1.57566 2.6364
1.84145 1.82844
1.86399 1.73455
0.687039 3.84167
1.3591 3.07408
0.488697 3.95259
0.716395 3.82143
1.37705 3.04261
1.01927 3.54886
2.01516 0.793379
1.30397 3.16612
1.89648 1.58688
2.02231 0.71334
1.7313 2.21633
1.80635 1.96337
1.8182 1.91917
