0.599544 1.08701 5.60539
0.636969 2.15391 4.83954
1.27654 2.26615 3.42786
0.969937 3.42264 1.72046
1.99525 0.05 1.44431
1.41568 0.05 4.43342
1.44922 1.25594 3.93685
1.51893 1.66763 3.31993
1.16605 3.3693 0.05
2.0123 0.823024 0.05
0.938613 3.6335 0.05
1.96475 1.20537 0.05
1.87878 0.05 2.47898
1.22636 0.05 4.90237
1.81201 0.05 2.88864
0.05 2.6318 4.63282
1.94083 0.05 2.00525
0.610483 3.48672 2.61865
1.17497 1.17694 4.71395
0.05 4.05 0.05
1.77264 1.1674 2.59623
1.44342 2.12175 3.02793
1.59698 2.58523 0.05
1.5019 0.05 4.17649
1.66742 2.40283 0.05
1.16017 2.65279 3.15885
0.984709 2.20261 4.25844
0.05 3.60163 2.81012
1.51891 2.36391 2.17932
0.642902 1.47108 5.36906
1.64456 2.14384 1.85334
0.05 3.32934 3.4856
1.82142 1.46751 1.84935
0.67296 3.85101 0.05
0.861488 2.57915 4.00993
0.05 2.44028 4.8609
0.88226 3.3113 2.46554
1.79614 2.00037 0.05
0.784004 3.06874 3.31302
0.05 1.51121 5.63533
0.05 3.72798 2.40861
0.583478 2.71695 4.22555
0.663987 2.91446 3.81107
1.02424 3.0065 2.8412
1.85659 1.7661 0.05
0.05 3.963 1.29457
1.22888 2.83932 2.49674
0.0502018 0.05 6.05
0.511243 0.05 5.88826
1.90084 1.08779 1.70721
0.05 3.46424 3.17596
1.11642 3.16442 2.03508
1.66595 1.40442 2.94322
0.854101 0.05 5.5437
1.08726 2.42143 3.74641
0.05 2.8316 4.36174
0.997837 1.42289 4.91555
1.25801 3.23793 0.05
1.59465 1.16789 3.47268
0.728889 1.76383 5.07426
1.29761 1.41354 4.26995
0.82204 3.73996 0.05
1.73937 0.05 3.26158
1.11438 0.05 5.12975
2.05 0.05 0.05
0.05 2.23638 5.07438
1.331 0.05 4.65775
0.892296 1.95202 4.68412
1.58312 0.05 3.90304
0.05 0.827078 5.93569
1.35359 3.08358 0.05
0.05 1.21263 5.79096
0.561118 3.77434 1.61197
0.05 2.01779 5.27375
0.990169 0.05 5.34573
1.36912 1.81398 3.70213
1.44357 2.91912 0.05
1.05674 3.50629 0.05
0.891424 1.16502 5.22984
1.72147 1.75753 2.12256
1.52251 2.75681 0.05
0.05 3.18586 3.77483
0.671249 3.26345 3.09834
1.73377 2.20863 0.05
1.91348 1.50248 0.05
0.954327 2.78639 3.48397
0.706773 2.40246 4.48466
1.42163 2.67668 1.93255
1.58833 1.92426 2.65732
0.05 1.77911 5.46044
0.73113 3.59218 1.94569
1.34941 2.50113 2.74921
1.1057 1.7308 4.47867
0.697056 0.05 5.72731
0.05 3.01974 4.06951
0.497023 3.94881 0.05
1.19841 1.9894 4.00821
1.66384 0.05 3.59397
1.29639 2.96968 1.7348
0.05 3.85288 1.91031
