0.771682 2.10066 4.72449
0.05 2.53296 4.7541
1.44805 2.00379 3.18372
1.34988 2.43842 2.87091
1.56784 2.4016 1.73014
1.14867 3.09653 2.11234
1.05893 1.841 4.4796
0.498406 3.94817 0.05
1.09822 0.05 5.1599
1.92339 1.45059 0.05
0.05 2.72855 4.50612
0.6717 3.85184 0.05
0.946397 3.62574 0.05
1.55403 0.05 4.00488
1.62826 0.05 3.73535
0.05 3.59747 2.82215
1.15049 2.62191 3.24642
1.17295 3.35998 0.05
0.05 2.094 5.20749
1.74392 1.66515 2.12514
0.978157 0.05 5.36477
1.06926 3.49157 0.05
1.60371 1.80703 2.757
0.811037 3.74909 0.05
1.26961 3.22021 0.05
0.91453 2.7889 3.57062
0.700813 0.05 5.72345
0.630067 2.42495 4.55343
1.42497 2.6302 2.05147
0.05 0.84145 5.93138
0.05 2.88576 4.28161
0.516223 0.05 5.8847
0.742216 2.64329 4.1189
1.36363 1.79503 3.74025
0.05 2.32296 4.98718
0.627299 3.68004 1.88081
0.717687 3.46946 2.43311
1.31368 2.9359 1.74972
1.45845 2.88991 0.05
1.8335 0.05 2.76517
1.01706 3.32702 1.89951
1.30313 0.05 4.72621
0.623497 2.9372 3.82942
2.05 0.05 0.05
0.925533 2.27109 4.29278
1.97029 1.16804 0.05
0.910424 3.21207 2.66534
1.36711 3.06012 0.05
1.47504 0.05 4.25992
1.24197 2.78615 2.57355
1.03125 2.94968 2.95105
1.9975 0.05 1.41567
0.05 1.54508 5.61513
0.865149 3.5434 1.65034
0.05 3.35121 3.43815
0.827975 1.30859 5.24506
1.17192 2.02615 4.03561
1.17406 1.30072 4.64443
0.930533 1.657 4.86783
0.856726 0.05 5.54024
0.05 1.23815 5.7792
1.20912 0.05 4.93958
0.05 1.83338 5.42066
1.94816 0.05 1.94017
1.53486 2.72969 0.05
1.69932 0.05 3.44379
1.75426 2.1433 0.05
1.78522 1.14538 2.54027
1.85616 1.30027 1.81713
0.05 4.05 0.05
2.01476 0.797587 0.05
0.649675 1.89333 5.06181
1.68921 2.34172 0.05
1.28689 1.46525 4.26003
0.05 3.89664 1.69545
1.76578 0.05 3.13302
0.0504399 0.05 6.05
1.39135 0.05 4.50051
0.579602 1.58918 5.35521
1.51194 2.23394 2.50622
0.05 3.70612 2.48388
0.05 3.80622 2.11262
1.03352 1.13746 5.0132
0.05 3.21355 3.72177
0.05 3.47859 3.14042
1.61446 2.54197 0.05
1.54234 1.44655 3.45116
1.66741 2.0466 1.91719
1.44464 1.27139 3.94078
1.87158 1.70149 0.05
0.05 3.05543 4.00937
0.745733 3.09137 3.3411
1.8152 1.9305 0.05
1.67037 1.29514 3.03013
1.89576 0.05 2.36049
1.26176 2.24761 3.5023
0.05 3.98228 1.14939
0.642163 3.31763 3.01983
0.613677 1.10145 5.58651
1.03894 2.45186 3.82067
