1.40525 2.99163 0.05
1.79632 0.05 2.97462
1.31912 1.23878 4.3307
0.05 3.68807 2.54401
1.2237 2.98958 2.08947
1.72758 0.05 3.31674
1.22525 2.45326 3.30174
0.05 4.05 0.0500056
0.912216 3.39652 2.07758
1.40255 2.27669 2.94474
0.619991 2.72135 4.1755
1.48707 2.83196 0.05
0.05 2.89771 4.26352
1.31884 3.14196 0.05
1.9138 0.05 2.22631
0.05 3.81982 2.056
0.05 3.07413 3.9772
0.05 2.11718 5.18665
1.96707 0.05 1.75988
0.05 2.52338 4.76545
0.732317 3.29122 2.90878
1.16449 1.29956 4.66607
1.80405 1.63263 1.68532
1.62686 1.65106 2.85247
1.63826 2.48098 0.05
0.05 2.70951 4.53172
1.14921 2.20805 3.87713
1.02461 3.54293 0.05
1.33197 0.05 4.65531
0.05 2.32638 4.98363
0.05 1.63806 5.55687
0.548701 1.09159 5.64648
1.99867 0.950419 0.05
1.12895 3.418 0.05
1.67945 1.14417 3.11763
1.41937 1.44831 3.8872
1.56434 2.66287 0.05
0.789783 2.06166 4.73714
0.448202 0.05 5.92987
0.766333 3.78463 0.05
1.65352 0.05 3.63589
1.32986 2.01024 3.60133
1.05578 1.86877 4.46054
1.58049 0.05 3.91242
0.05 1.89278 5.37535
1.22685 3.28421 0.05
1.87418 1.15118 1.87292
0.876549 1.25972 5.20351
0.05 3.41384 3.29659
0.05 1.32518 5.73694
0.901693 3.66918 0.05
1.83968 1.83555 0.05
0.64878 1.42808 5.38856
1.76117 1.32984 2.49164
1.95153 1.28967 0.05
1.01884 2.66578 3.53668
0.880574 2.55582 4.00769
0.05 3.9352 1.47716
0.952842 2.25892 4.2554
2.01337 0.05 1.19303
1.55229 1.29244 3.54499
1.2377 0.05 4.87744
1.50351 0.05 4.1714
1.48319 2.48638 2.08907
1.03552 0.05 5.271
1.48376 1.82416 3.2775
0.622995 3.88232 0.05
0.05 3.55632 2.93755
0.43289 3.97601 0.05
0.64719 0.05 5.77628
0.05 3.25 3.65
0.892604 2.99739 3.2224
0.05 0.0512946 6.05
0.72564 2.88976 3.75771
0.97497 1.51944 4.89165
1.61436 2.24438 1.82216
0.640636 3.50545 2.49849
1.10177 3.24044 1.82245
0.05 0.954418 5.89462
0.665416 2.41113 4.52747
0.805838 0.05 5.60503
2.05 0.05 0.05
1.37986 2.78765 1.84448
0.674783 1.84567 5.07313
1.77332 2.07994 0.05
1.69831 1.8791 2.05504
1.42064 0.05 4.41945
1.70786 2.28742 0.05
1.30914 2.64275 2.62018
1.00309 3.13013 2.59527
0.794758 3.5985 1.68593
1.55118 2.08074 2.58761
1.12609 2.82855 2.91488
0.562034 3.73447 1.80951
0.599934 3.15328 3.45734
1.8546 0.05 2.63665
0.925722 0.05 5.44426
1.13771 0.05 5.08507
1.2394 1.75117 4.14348
1.90063 1.56678 0.05
