0.624869 1.79186 5.1685
1.53809 1.94702 2.87371
0.92548 1.45444 5.01626
0.497547 3.94856 0.05
1.59261 2.59587 0.05
1.39677 2.66566 2.11935
0.615628 3.3246 3.04898
1.91733 1.48259 0.05
1.01212 2.93527 3.03968
1.00449 3.33422 1.92929
1.94222 0.05 1.99306
0.823191 0.05 5.5835
0.624759 2.34094 4.65629
1.67801 1.70311 2.49896
1.54899 0.05 4.02207
1.02604 1.74813 4.6258
0.901187 2.7508 3.66485
0.05 2.45226 4.84745
1.8985 1.10085 1.71215
0.907302 2.19326 4.4146
0.733311 2.5791 4.22205
1.4693 2.29593 2.60357
1.23995 2.19474 3.64253
1.6103 1.42246 3.18864
0.05 3.55494 2.94131
0.601334 3.70124 1.85786
0.05 3.42227 3.27685
1.02076 2.39912 3.93617
0.05 3.14617 3.84881
0.05 4.05 0.05
1.28649 0.05 4.76591
0.66585 3.85564 0.05
0.05 1.17445 5.80805
1.33023 1.71589 3.92361
1.69283 0.05 3.47198
0.935925 3.63616 0.05
1.42565 1.88901 3.42029
0.792688 1.27903 5.3071
2.0133 0.812729 0.05
1.51483 1.32417 3.66049
1.06908 0.05 5.21268
0.05 2.00478 5.28473
0.05 3.88648 1.748
1.29198 2.96085 1.79726
1.32314 2.41549 3.02019
1.24041 1.39911 4.42619
1.73137 2.21611 0.05
1.96697 1.19058 0.05
1.99566 0.05 1.43916
1.88121 0.05 2.46248
1.7994 1.98867 0.05
0.05 3.78228 2.20817
1.11807 1.18493 4.82859
0.05 1.48112 5.65284
1.13059 2.59356 3.35669
1.51294 2.77749 0.05
0.892192 3.21114 2.72069
0.757621 1.98846 4.84987
1.34878 3.09182 0.05
1.12804 3.10039 2.19583
1.2526 3.2461 0.05
1.14179 1.96337 4.17732
1.05608 3.50706 0.05
0.952696 0.05 5.40409
2.05 0.05 0.05
0.706432 3.4743 2.44557
1.62544 2.13074 2.03006
0.729939 3.07287 3.40847
1.4638 0.05 4.29387
1.66751 2.40259 0.05
0.846581 3.55475 1.6784
0.05 2.65223 4.60674
0.803594 3.75518 0.05
0.504218 0.05 5.89322
0.0503553 0.05 6.05
1.73667 1.21823 2.75657
0.624762 2.88015 3.92361
1.53853 2.46554 1.76179
1.37311 0.05 4.54938
0.67784 0.05 5.7467
1.15755 3.38067 0.05
0.05 3.97773 1.1854
1.7501 1.842 1.71179
0.05 3.27968 3.58986
1.81304 1.37429 2.06974
1.43882 2.92833 0.05
1.40553 1.18161 4.12206
1.22055 2.78397 2.66736
0.05 2.81516 4.38547
0.05 2.23754 5.07325
0.05 0.800024 5.94358
1.18169 0.05 4.99707
1.8624 1.74138 0.05
1.823 0.05 2.82636
0.05 1.7511 5.48038
1.62304 0.05 3.75539
0.05 2.98568 4.12542
0.05 3.66641 2.6139
0.609691 1.20642 5.54288
1.76022 0.05 3.1607
