1.7565 2.136
1.50603 2.79225
1.96233 1.2213
1.9979 0.957078
1.17133 3.36217
1.97166 1.15858
1.59956 2.57892
1.74308 2.17929
1.33782 3.1104
2.04585 0.307591
1.70175 2.30541
1.22879 3.28139
1.55349 2.68781
0.639374 3.87238
1.943 1.34084
1.56898 2.65208
1.35535 3.08055
0.607371 3.89153
1.95277 1.282
2.01382 0.807368
2.02822 0.638669
1.58437 2.61571
0.379477 3.99535
1.71571 2.26397
1.30221 3.16896
0.216123 4.03618
0.574155 3.91019
0.912213 3.6592
0.784694 3.77034
1.04835 3.516
1.0697 3.49105
1.80815 1.95673
0.539173 3.92851
1.53781 2.72315
1.65889 2.42612
0.81128 3.74889
1.52196 2.75801
1.48987 2.82617
0.331745 4.01011
1.32009 3.13989
1.78272 2.04768
1.92274 1.45407
1.09065 3.46587
1.76971 2.09215
0.887865 3.68207
1.38998 3.01948
1.91226 1.50878
2.04065 0.436257
1.72948 2.22196
1.47364 2.85945
2.03473 0.543371
0.423206 3.97974
1.40703 2.98835
1.89064 1.61466
1.90156 1.56227
1.83277 1.86299
0.959306 3.61267
1.79555 2.00249
1.4572 2.89239
1.84477 1.81501
0.278702 4.02376
1.62951 2.50368
1.6146 2.5416
2.00604 0.884077
0.670246 3.85279
1.00464 3.56492
0.132281 4.04661
1.67333 2.38649
1.44062 2.92483
2.02124 0.725929
0.757207 3.79158
1.87951 1.66603
0.700203 3.83272
1.64429 2.46514
1.86815 1.71654
1.19073 3.33557
0.729129 3.81233
2.05 0.0501808
1.11132 3.44035
1.20989 3.30862
1.24744 3.25383
0.837372 3.72698
1.42392 2.95678
1.68762 2.34626
1.02668 3.54061
0.862926 3.70467
1.37274 3.05023
1.98944 1.02687
0.502694 3.94619
1.26591 3.22588
1.15162 3.38853
1.85656 1.76622
0.935968 3.63612
1.82056 1.91024
0.463932 3.96339
0.982149 3.58898
1.93298 1.39814
1.98068 1.094
1.28414 3.19763
1.1316 3.41461
