1.90643 1.53818
2.05 0.0502317
1.80291 1.97593
1.64083 2.47427
0.796996 3.76052
1.18391 3.345
1.72518 2.23521
2.02929 0.624183
1.29768 3.17621
2.03548 0.531098
1.5504 2.69483
0.769931 3.78186
0.923612 3.64822
0.206918 4.03767
0.486768 3.95345
1.89574 1.59046
1.2035 3.31768
1.36906 3.05671
1.12334 3.42517
1.86241 1.74135
0.654273 3.86306
2.02261 0.709715
1.98359 1.07219
1.88483 1.64172
0.684608 3.8433
0.319001 4.01365
2.04112 0.426539
0.557791 3.91893
1.75184 2.15118
1.42063 2.96298
1.95653 1.25853
1.1026 3.4512
0.26721 4.02634
1.77776 2.06479
1.01623 3.55223
1.94698 1.31721
1.35152 3.08714
1.47055 2.8657
1.43749 2.93088
1.92716 1.43022
1.24191 3.26207
1.16397 3.37209
1.26074 3.23378
1.03833 3.52747
1.79043 2.02069
1.22285 3.29002
1.8273 1.88435
1.50298 2.7987
1.62618 2.51224
0.523018 3.93652
0.947429 3.6247
1.71156 2.27639
1.76489 2.1083
2.04605 0.301121
1.4541 2.89851
1.96582 1.19825
0.365531 3.99991
1.61137 2.54971
1.33378 3.11718
0.899314 3.67142
1.6838 2.35713
0.993667 3.57675
1.51895 2.76454
1.8509 1.78982
1.31583 3.14688
1.40364 2.9946
1.06009 3.50237
1.97485 1.13621
0.823458 3.73877
2.00022 0.936906
1.93719 1.37439
2.01552 0.789558
0.849358 3.71662
0.874545 3.69424
1.58121 2.62324
2.00804 0.865009
0.742162 3.80282
1.99206 1.00582
1.8392 1.83748
0.591083 3.90083
1.65533 2.43573
1.38645 3.02583
1.48687 2.83238
1.91691 1.48478
1.87372 1.692
0.970768 3.60088
1.66964 2.39671
1.69777 2.31703
1.73861 2.19346
1.53477 2.72989
1.56587 2.65932
0.408475 3.98522
0.713832 3.82324
0.448671 3.96973
1.0815 3.47696
1.14379 3.39881
1.59637 2.58672
0.623132 3.88224
1.8152 1.9305
1.27933 3.20515
