0.0500018 3.32708 3.49044
1.31485 1.27479 4.30841
0.994285 2.12085 4.32069
1.61566 2.53014 0.0475001
1.71749 0.0475001 3.34904
0.567109 3.74948 1.70118
1.09173 1.69579 4.52782
1.84805 0.0475001 2.65943
1.9629 0.0475001 1.7741
0.499499 0.0475001 5.89226
1.64844 1.50948 2.89775
1.95767 1.23284 0.0475001
0.571341 1.0717 5.63052
1.75276 1.27382 2.58624
1.90853 0.0475001 2.24499
0.635544 1.45562 5.37915
0.050004 1.83676 5.41813
0.659416 3.48635 2.50154
0.0500017 3.01647 4.07493
1.43236 1.44507 3.83494
1.15955 2.80737 2.82814
1.50858 1.79109 3.20139
0.0500009 1.57892 5.59441
0.611287 3.88528 0.0475005
1.99988 0.915159 0.0475001
0.0500016 2.85104 4.33332
1.23544 1.82506 4.07116
1.34486 2.01116 3.53687
0.838195 0.0475001 5.55869
1.85773 1.74818 0.0475001
0.128922 0.05 6.04533
0.864275 3.22375 2.74873
0.77492 3.58069 1.82234
0.0500018 3.17641 3.79267
1.09608 0.0475001 5.15674
0.96991 1.45313 4.93594
0.0500015 2.67532 4.57684
1.34206 2.60651 2.53405
1.46591 2.86752 0.0475001
1.68103 2.35537 0.0475
0.613368 3.31175 3.07134
0.682972 0.0475001 5.73658
1.25436 2.968 1.97112
0.0500005 0.858381 5.9262
0.749973 2.82993 3.80775
0.672683 1.82076 5.08807
0.970258 3.36535 1.93651
0.0500021 3.71831 2.44225
1.20791 3.30538 0.0475002
1.15808 1.1915 4.73309
1.38064 3.02927 0.0475001
0.872929 1.18218 5.24087
0.050002 3.59961 2.81598
1.91062 1.50183 0.0475001
0.972986 0.0475001 5.36645
0.65564 3.08665 3.49561
2.01013 0.0475001 1.20188
1.64144 0.0475001 3.67162
0.050003 3.94228 1.43308
1.48507 0.0475001 4.21891
1.03388 2.65 3.5122
0.0500021 3.83747 1.97973
1.74401 2.16585 0.0475002
0.683944 2.33756 4.58122
0.891659 3.67374 0.0475001
0.0500011 2.07244 5.22657
1.58748 2.06195 2.39817
1.40968 2.74349 1.76398
1.2495 2.44097 3.22669
1.11188 3.434 0.0475002
0.0500115 4.05 0.0500003
1.87744 1.1628 1.79764
0.904257 2.48161 4.05532
0.0500013 2.28605 5.02496
2.0475 0.0475001 0.0475
1.43297 2.23784 2.86346
1.29673 3.17124 0.0475005
1.78535 0.0475001 3.01717
0.760012 3.78505 0.0475005
0.0500014 2.48662 4.80831
0.640308 2.64352 4.25152
0.817849 1.98214 4.76319
0.0524823 0.207198 6.0447
1.79497 1.5558 1.89102
1.52118 2.41859 1.99809
1.80285 1.96454 0.0475002
1.5806 1.21925 3.47637
1.54628 2.69602 0.0475001
1.08991 3.12402 2.26659
0.416794 3.97872 0.0475005
1.5602 0.0475001 3.97251
0.0500007 1.25898 5.76938
1.39926 0.0475001 4.46956
1.00876 3.5552 0.0475001
0.0500019 3.46831 3.16595
1.30769 0.0475001 4.7066
0.944003 2.96306 3.15241
1.20547 0.0475001 4.93953
1.14134 2.26688 3.809
1.69753 1.89687 1.99719
