0.574095 1.15088 5.59987
0.05 2.88175 4.28766
1.82187 0.05 2.83288
0.05 2.14239 5.16364
1.12496 1.72018 4.44588
1.57041 2.64873 0.05
1.52939 2.33782 2.17738
1.61211 0.05 3.79675
0.6118 2.7543 4.13714
0.05 0.974161 5.88767
1.14674 0.05 5.06741
1.05098 1.30069 4.89385
0.05 2.34357 4.96569
1.63745 2.48311 0.05
1.46675 1.20356 3.9154
0.665971 2.09976 4.85955
1.03357 0.05 5.2743
0.05 4.05 0.05
1.01663 3.37065 1.71746
0.05 3.34345 3.4551
0.871112 3.69734 0.05
1.58838 1.87218 2.73882
0.622005 3.39984 2.84411
1.23968 2.81005 2.52423
0.985034 3.58594 0.05
1.28807 2.24759 3.41726
0.780448 0.05 5.63552
1.68428 0.05 3.50865
1.29911 2.94944 1.79422
1.45621 2.0633 3.06381
0.949276 2.81524 3.44367
1.83922 1.8374 0.05
1.49077 2.8243 0.05
1.95614 1.26097 0.05
1.88598 0.05 2.42959
1.44269 0.05 4.35625
0.05 3.62513 2.74102
1.99834 0.05 1.40495
0.611917 1.75761 5.20726
1.89725 1.5832 0.05
1.09266 2.4274 3.72405
0.750556 3.15377 3.19767
0.995702 2.20641 4.23187
1.3162 1.40776 4.22404
0.725524 2.3989 4.4635
1.70854 2.28539 0.05
0.421491 3.98039 0.05
1.83477 1.33255 1.95533
1.03554 2.98842 2.84842
0.05 1.34288 5.72794
0.746305 3.79975 0.05
0.05 2.5318 4.75548
2.00856 0.860019 0.05
1.76306 1.78262 1.73356
0.05 3.94595 1.40961
1.65224 1.28674 3.12472
1.77623 2.07003 0.05
1.38374 1.78228 3.68845
0.05 3.05155 4.01599
1.36476 2.46905 2.74741
0.05 1.90868 5.36291
1.42686 2.66955 1.92052
1.5363 1.49594 3.42848
0.05 2.70097 4.54308
1.31378 3.15023 0.05
1.20902 1.15336 4.65119
1.36011 0.05 4.5835
0.05 1.6529 5.54719
0.432208 0.05 5.93942
0.918328 1.91958 4.67056
2.05 0.05 0.05
1.1055 3.4476 0.05
0.645007 3.67805 1.83816
0.914513 0.05 5.4605
0.05 3.48973 3.11245
1.65337 2.10516 1.88291
0.605617 3.89255 0.05
1.77229 1.11556 2.64785
1.21664 3.29897 0.05
0.868838 2.6018 3.96335
1.25705 0.05 4.83406
0.05 3.84828 1.93133
1.75188 0.05 3.20158
1.16962 2.63651 3.15893
1.21019 1.98737 3.97945
1.40486 2.99236 0.05
0.764592 1.25788 5.35297
1.9166 1.05064 1.59572
0.05 3.74197 2.35889
0.0500759 0.0538612 6.05
0.628571 0.05 5.79346
0.779596 3.51033 2.11592
1.94602 0.05 1.95949
0.05 3.20162 3.74478
0.906578 3.26253 2.53509
1.13808 3.13514 2.03218
0.679967 2.9778 3.67509
1.53018 0.05 4.08504
0.865437 1.53723 5.05389
1.70767 1.61982 2.44258
