0.847263 0.05 5.55267
0.700157 3.45913 2.50882
1.48625 1.25318 3.8153
1.51261 2.77821 0.05
0.05 2.77156 4.4471
1.73791 1.6822 2.1391
0.772311 3.78002 0.05
0.587505 1.83784 5.16937
1.24235 3.26142 0.05
0.914522 1.14655 5.20441
0.507625 0.05 5.89082
0.601532 3.68821 1.9155
1.33131 1.61916 4.01033
0.05 1.73149 5.49411
0.69159 0.05 5.73289
0.957796 1.86868 4.64794
1.45442 2.66054 1.7573
0.05 1.98017 5.30523
0.957463 2.42727 4.03408
1.46787 0.05 4.28164
1.76663 0.05 3.12873
0.05 3.52566 3.01977
1.28615 0.05 4.76672
0.607611 3.29384 3.13643
1.17391 3.15875 1.74903
1.66545 2.40823 0.05
0.05 2.94799 4.18566
1.09067 3.03303 2.54629
0.05 3.38918 3.35338
0.843295 1.65322 5.00509
1.42467 2.95536 0.05
0.641102 2.63534 4.27095
1.74115 2.18543 0.05
0.789317 2.77812 3.83612
0.86906 3.18571 2.84977
0.05 2.58375 4.69276
1.6816 2.06583 1.75236
0.687796 1.38379 5.37317
0.434858 3.97524 0.05
0.835051 3.56336 1.68705
0.05 0.804295 5.94235
0.911413 3.65997 0.05
0.05 3.86354 1.86054
1.55153 2.32061 2.07695
0.05 3.6408 2.69364
1.4 1.88155 3.52125
1.78631 1.14861 2.53022
1.95528 0.05 1.87463
1.13788 3.40649 0.05
0.968006 2.89571 3.24293
1.91531 1.09372 1.54486
0.673961 2.13154 4.8194
1.70141 0.05 3.4346
0.978446 3.33454 2.0421
1.0818 2.57118 3.53091
1.0776 1.29185 4.84858
1.09358 0.05 5.16845
1.81157 1.94408 0.05
0.05 1.18127 5.80504
2.00818 0.05 1.27055
1.63195 0.05 3.72111
1.17523 1.54534 4.4742
1.3414 3.10436 0.05
1.67363 1.31558 2.9946
1.89609 0.05 2.35815
0.625484 3.88083 0.05
0.05 2.40202 4.90314
0.595394 1.07712 5.6132
0.05 4.05 0.05
1.9963 0.970703 0.05
1.61231 1.86978 2.61547
0.788827 2.31037 4.47621
1.59523 2.58951 0.05
0.05 3.09949 3.93283
1.38422 2.51268 2.56653
1.55231 0.05 4.01074
0.05 3.24254 3.66487
0.05 3.75772 2.30142
1.08824 2.01824 4.2431
1.29597 2.87609 2.06442
1.55605 1.52535 3.31936
0.05 3.95168 1.37213
0.05 1.47325 5.65734
1.4749 2.10563 2.91693
2.05 0.05 0.05
1.20608 2.15693 3.78941
1.31105 1.22137 4.36284
1.3801 0.05 4.53078
1.94075 1.35391 0.05
1.87727 1.67613 0.05
0.687313 3.03972 3.54757
1.29732 2.34373 3.2375
1.83703 1.42002 1.7923
1.03726 3.52869 0.05
1.19871 2.72132 2.89047
1.19274 0.05 4.97415
0.976227 0.05 5.36779
0.05 2.2089 5.10105
0.0503538 0.05 6.05
1.83409 0.05 2.76167
