0.735567 2.75341 3.96484
1.46659 1.79921 3.37493
1.27003 0.05 4.80434
0.05 3.78651 2.19165
1.94104 0.05 2.00337
0.05 2.05154 5.24482
0.05 3.30242 3.5427
0.594125 1.61742 5.32329
0.05 2.83685 4.3541
0.05 1.80724 5.44002
0.05 3.8887 1.73665
0.623132 2.54561 4.4124
0.55013 0.05 5.85937
0.05 2.4565 4.84267
0.611521 3.71131 1.78221
1.21742 1.11294 4.65349
1.57741 0.05 3.92339
0.899206 3.2809 2.5041
0.748246 3.5422 2.09261
0.741961 2.22408 4.63867
1.42059 1.20005 4.06466
1.48289 0.05 4.23586
0.05 4.05 0.0500145
2.05 0.05 0.0500145
1.14813 2.15634 3.94417
1.12454 1.64273 4.511
0.05 0.894031 5.91491
1.44544 2.91549 0.05
0.732626 3.17938 3.176
1.3546 3.08185 0.05
1.68179 2.36279 0.05
0.206918 0.05 6.0315
0.644139 1.10991 5.55412
1.01887 3.00052 2.87208
2.00734 0.871789 0.05
1.60461 1.63686 2.97966
1.60106 2.57525 0.05
1.82787 1.88212 0.05
0.05 2.6528 4.60601
1.03875 2.59102 3.60999
1.665 0.05 3.58921
0.05 2.98777 4.12202
1.28134 1.51029 4.24001
1.62624 2.23655 1.74766
1.16503 3.37066 0.05
1.89281 1.6044 0.05
0.898756 0.05 5.48291
1.81252 0.05 2.88581
1.11835 3.16203 2.03419
1.78668 1.6873 1.73042
0.641784 3.40791 2.78462
0.495204 3.94964 0.05
1.54805 2.05976 2.64125
0.915576 2.8774 3.4071
1.25807 3.23783 0.05
1.40353 2.70576 1.95846
0.05 1.53794 5.61943
1.95337 1.2783 0.05
0.804258 3.75464 0.05
0.66336 3.85725 0.05
1.8327 1.2096 2.14101
0.05 0.363836 6.0315
1.19931 2.846 2.60384
1.5139 1.33262 3.65715
0.05 3.43435 3.24827
1.32529 1.91645 3.72756
1.63667 1.12153 3.33008
1.52542 2.75046 0.05
1.75707 2.13414 0.05
1.91298 1.06029 1.62078
0.909507 2.41188 4.14874
1.74633 0.05 3.22838
1.99617 0.05 1.43263
1.30217 2.57488 2.79677
1.14966 0.05 5.06165
0.664603 1.95378 4.99424
1.49153 2.43041 2.18277
0.05 3.67301 2.59285
1.02494 0.05 5.28883
0.05 3.558 2.93294
0.844767 1.33833 5.20564
0.915172 1.76211 4.81107
0.738592 0.05 5.68317
1.01775 2.03411 4.37591
1.39904 2.22212 3.05086
0.05 3.15019 3.84142
0.930236 3.64176 0.05
1.38143 0.05 4.52725
1.87809 0.05 2.48366
1.28823 2.97464 1.76919
1.72994 1.33439 2.67458
1.22485 2.40138 3.38728
1.6847 1.87407 2.16269
0.05 3.9787 1.17782
0.05 1.2541 5.7717
1.04492 1.22802 4.94579
0.978826 3.41479 1.71176
0.622127 3.03106 3.66371
0.05 2.26106 5.05002
1.05242 3.5113 0.05
