1.37341 3.04905
1.83091 1.8703
1.60686 2.56091
1.11283 3.43845
1.15574 3.38307
1.86451 1.73232
1.39173 3.01632
1.1768 3.35474
1.49608 2.81322
1.25838 3.23736
0.693939 3.837
0.635181 3.87495
0.206918 4.03767
1.54502 2.70701
2.04594 0.304604
0.803736 3.75507
1.71988 2.25137
2.05 0.0502067
1.46227 2.88232
1.87536 1.68471
1.44501 2.91633
1.0238 3.54383
0.82987 3.73337
0.396924 3.98936
1.75869 2.12883
1.99115 1.01323
0.855472 3.71126
2.04087 0.431814
0.8806 3.68874
1.19756 3.32603
1.93679 1.37668
1.0465 3.51814
0.435578 3.97496
1.88605 1.63609
1.91704 1.4841
1.47932 2.84789
1.5917 2.59807
1.95578 1.26328
1.51268 2.77805
0.97743 3.59394
2.00726 0.872483
1.89655 1.58655
0.929735 3.64225
0.905279 3.6658
1.65095 2.44745
1.35488 3.08137
1.69299 2.33087
1.98266 1.07924
2.02878 0.631201
1.29774 3.17611
0.540695 3.92774
2.01477 0.797512
1.77118 2.08718
0.953789 3.61829
1.42756 2.94988
1.70656 2.29126
0.664943 3.85623
1.09104 3.4654
1.73302 2.21096
1.27817 3.20695
0.777146 3.77626
1.80763 1.95865
1.85349 1.77909
1.94636 1.32095
1.40976 2.98329
1.927 1.43112
0.60465 3.8931
1.21807 3.29692
1.33609 3.11332
1.57635 2.63477
0.722224 3.81729
1.78354 2.04482
1.96497 1.2039
1.0689 3.492
1.90687 1.53596
1.62182 2.52337
0.31184 4.01557
1.52893 2.74278
1.63649 2.48562
1.13443 3.41096
0.573192 3.91071
1.23836 3.26734
0.472109 3.9599
1.84229 1.82506
1.00079 3.56909
1.79566 2.00212
1.66515 2.40906
2.02198 0.717261
2.03509 0.537595
1.74599 2.17001
1.56079 2.67109
0.507102 3.94413
0.26309 4.02723
1.81935 1.91482
1.99937 0.944373
0.355991 4.00291
1.67918 2.37016
1.31704 3.1449
0.749989 3.79701
1.9739 1.14287
