1.83092 1.42277 1.84297
1.66836 2.10142 1.77035
0.96846 0.05 5.3799
0.05 3.70061 2.50241
0.05 3.55837 2.93192
0.05 1.49547 5.64454
1.20636 2.69382 2.92028
1.34259 1.17526 4.30604
0.42489 3.9791 0.05
0.767651 3.78362 0.05
1.10133 3.00824 2.57234
1.70454 0.05 3.42082
0.05 2.951 4.18092
2.05 0.05 0.05
0.05 0.813056 5.93982
1.55011 1.52132 3.34792
1.29668 2.87054 2.07791
0.77887 2.18493 4.62858
1.4481 2.66997 1.77145
1.72197 2.245 0.05
0.510918 0.05 5.88849
0.653873 1.16876 5.51826
1.06343 1.92892 4.38744
1.67178 1.31912 3.00033
0.941446 1.71668 4.80371
0.986743 2.8612 3.26266
0.862401 3.50711 1.83015
1.50256 2.7996 0.05
0.05 3.11705 3.90158
0.718457 3.41513 2.59936
0.880075 3.15688 2.89256
1.5634 0.05 3.97259
1.38439 1.87272 3.58545
0.843287 1.35779 5.19666
2.00833 0.05 1.26841
2.00099 0.930082 0.05
1.47005 2.08988 2.96355
1.39652 0.05 4.48642
0.05 3.82884 2.01744
1.83511 0.05 2.75563
1.46251 1.31978 3.84678
1.54307 2.33066 2.10756
1.17775 3.15396 1.74579
0.870595 2.68769 3.82962
0.997011 3.29805 2.09728
1.89602 0.05 2.35867
1.33511 3.11495 0.05
1.16963 1.37913 4.60446
0.711168 3.02682 3.53244
0.05 4.05 0.05
0.05 2.77476 4.44264
1.27201 1.69273 4.11059
1.58318 2.61856 0.05
0.05 2.0228 5.26949
1.78288 1.16191 2.53843
1.89963 1.57169 0.05
1.6363 0.05 3.70416
1.60684 1.87313 2.63991
1.0216 3.54628 0.05
1.188 2.13425 3.86711
1.03694 1.16087 4.9954
1.91672 1.05945 1.58147
1.30103 0.05 4.73126
0.835725 0.05 5.56758
0.963275 2.33798 4.1384
0.05 2.42194 4.88128
0.05 1.20232 5.79564
0.610709 3.88959 0.05
1.20845 0.05 4.941
0.9054 3.66568 0.05
1.48598 0.05 4.22633
1.76868 0.05 3.11841
1.09338 0.05 5.16881
0.0515619 0.05 6.05
0.583023 1.63271 5.32321
0.610972 2.82716 4.02673
1.12919 3.4177 0.05
1.95563 0.05 1.87127
1.73226 1.70977 2.13124
1.29757 2.31496 3.28257
1.9536 1.27689 0.05
1.38264 2.50234 2.59662
1.65 2.44999 0.05
0.05 1.7718 5.46568
0.05 3.26034 3.62924
0.683108 2.51608 4.37539
0.67419 1.94579 4.99034
1.09922 2.51825 3.56919
1.23566 3.27131 0.05
0.05 2.229 5.08159
0.05 2.60309 4.66886
0.653362 3.71916 1.60964
0.05 3.93718 1.46495
0.603648 3.29353 3.14358
0.05 3.41479 3.29437
0.686826 0.05 5.73771
1.7891 2.02536 0.05
0.567259 3.61564 2.28292
1.41691 2.96997 0.05
1.84646 1.8081 0.05
