1.2289 2.96145 2.15228
1.40422 1.97604 3.38887
0.05 3.52337 3.02578
0.509942 0.05 5.88919
1.0443 3.52066 0.05
1.85769 1.76144 0.05
1.15582 3.38296 0.05
0.984666 1.73794 4.71122
1.41093 2.57775 2.27585
0.833441 0.05 5.57051
1.60627 0.05 3.81857
1.00381 2.39365 3.98111
0.618478 3.71298 1.75363
0.74211 3.54467 2.10189
1.18597 0.05 4.98824
1.79734 1.99608 0.05
0.970708 3.42368 1.71186
1.36539 1.26062 4.18886
1.28516 0.05 4.76906
0.05 3.38143 3.37093
0.05 3.87638 1.79854
0.897309 2.16541 4.46248
1.5595 1.77269 3.01909
1.01134 2.97679 2.94978
0.050385 0.05 6.05
1.4849 1.4222 3.68773
1.31624 2.40667 3.0622
0.731516 2.56358 4.24573
1.95843 1.24646 0.05
1.69242 1.47883 2.71994
0.05 2.1869 5.12205
0.879174 1.35674 5.14609
0.617675 2.84531 3.98939
1.68098 0.05 3.52263
0.660134 1.20975 5.49273
1.11479 3.18361 1.97408
1.53658 0.05 4.0638
0.613512 3.42741 2.78434
1.33824 3.10969 0.05
1.24968 3.25048 0.05
1.92026 0.05 2.17581
1.62325 1.2147 3.31678
0.05 0.805546 5.94199
0.05 1.18297 5.80429
0.05 4.05 0.05
0.964851 0.05 5.38549
1.80999 0.05 2.89989
0.897517 3.28369 2.50107
1.07065 1.23226 4.89558
0.05 2.57768 4.7002
1.20004 2.76159 2.79828
2.05 0.05 0.05
0.645145 2.32515 4.6506
0.05 1.47166 5.65825
0.05 1.96841 5.31491
0.678166 3.05241 3.538
0.05 3.97328 1.21953
0.923594 3.64824 0.05
0.79778 3.75989 0.05
0.758847 3.18039 3.12073
1.5169 2.76898 0.05
1.20776 1.39935 4.50416
0.62544 1.67133 5.25627
0.05 2.38869 4.91762
0.05 1.73182 5.49388
0.05 2.93304 4.20911
0.72391 1.94855 4.92878
1.48654 2.20775 2.68655
1.3053 1.75944 3.95425
0.493275 3.95052 0.05
1.73233 2.2131 0.05
2.01459 0.05 1.17401
1.37393 0.05 4.54721
1.07988 0.05 5.19336
0.05 3.65483 2.65034
1.67153 2.39148 0.05
1.11177 2.59877 3.4022
0.05 3.09998 3.93196
1.79333 1.3103 2.30241
1.75086 0.05 3.20655
1.96994 0.05 1.73058
0.685882 0.05 5.73866
0.05 2.75546 4.4694
1.87901 1.1802 1.78733
1.36615 2.83422 1.77278
1.86514 0.05 2.56938
1.91043 1.51807 0.05
1.43034 2.94459 0.05
0.05 3.24492 3.66014
0.657431 3.86105 0.05
1.59657 2.58623 0.05
1.63573 2.04041 2.16072
1.45762 0.05 4.31234
0.05 3.77123 2.25068
1.74894 1.79931 1.82119
0.896967 2.75353 3.66917
1.21741 2.20926 3.68923
1.11972 1.95245 4.24021
2.00201 0.921016 0.05
1.54821 2.42168 1.82268
