0.05 2.37006 4.93763
1.79182 0.05 2.99866
0.994974 3.05691 2.8104
1.81193 1.38523 2.06221
1.55807 1.96216 2.75273
0.05 2.74681 4.48128
1.10427 3.18971 2.00363
0.587559 1.04591 5.6328
1.2859 2.99383 1.70958
1.52038 2.76144 0.05
1.48329 0.05 4.23464
1.08756 0.05 5.17945
1.40899 2.1933 3.05707
0.621286 1.98659 5.01229
1.19741 0.05 4.96436
0.05 1.9273 5.34815
1.2901 0.05 4.75738
1.22042 1.73265 4.2094
0.613424 2.58907 4.36712
0.723883 2.23265 4.6537
1.67398 2.38468 0.05
1.01262 1.97542 4.44533
1.2096 2.8809 2.4721
0.68982 0.05 5.73469
0.605821 3.02608 3.69571
1.81344 1.93711 0.05
0.680227 1.31991 5.41627
0.775975 1.53196 5.17983
1.34534 3.09768 0.05
1.11789 2.73505 3.13466
0.05 2.15658 5.15051
1.40064 1.41601 3.97218
1.24567 3.25648 0.05
0.50442 0.05 5.89307
1.14924 3.39166 0.05
1.5709 0.05 3.94637
0.968933 0.05 5.37917
1.43898 2.928 0.05
0.959889 3.43955 1.69273
0.727932 3.57482 2.02711
1.12367 2.18743 3.96737
1.1364 1.39636 4.66509
1.49996 2.39632 2.21608
1.03318 3.5333 0.05
0.05 2.54946 4.7344
1.00594 2.57565 3.71373
0.05 3.27515 3.59915
1.22587 2.38167 3.41503
0.05 3.41351 3.29736
1.74619 2.16939 0.05
2.01243 0.05 1.20756
0.05 0.785264 5.94776
0.62823 3.87918 0.05
0.0510386 0.05 6.05
1.87569 1.68322 0.05
2.05 0.05 0.05
0.05 1.70267 5.51393
0.708548 3.20836 3.15686
0.776015 3.77715 0.05
1.53164 1.17105 3.71263
0.05 2.93279 4.2095
1.85753 0.05 2.6182
1.74631 1.15226 2.76461
0.729994 2.75661 3.96862
1.32202 2.55795 2.7492
0.904527 1.76113 4.82914
0.86903 3.32058 2.478
0.885231 2.90566 3.42242
1.38981 0.05 4.50468
0.05 3.69407 2.5242
1.40915 2.70096 1.93743
0.05 4.05 0.05
0.574396 3.74256 1.73711
1.47915 1.73172 3.40475
0.892325 2.39107 4.20729
1.89659 1.16859 1.62977
1.62388 1.37767 3.17088
1.72064 0.05 3.34861
0.05 3.82303 2.04237
1.31481 1.17365 4.38146
0.906979 3.66419 0.05
0.599432 3.45945 2.7199
0.436818 3.97447 0.05
1.93877 1.36534 0.05
1.68255 1.68932 2.49261
0.05 1.15783 5.81529
1.91392 0.05 2.22538
1.74065 1.85196 1.7732
0.05 3.55962 2.92851
1.31903 1.96143 3.69495
0.05 3.10951 3.91506
1.65301 0.05 3.63791
1.9649 0.05 1.78159
1.00441 1.19719 5.03405
0.05 1.44573 5.67289
0.05 3.93662 1.46841
1.99416 0.98856 0.05
1.59736 2.58432 0.05
1.62731 2.18567 1.87932
0.846833 0.05 5.55323
