1.02515 3.54232
1.49622 2.81294
1.6459 2.46089
0.587688 3.90274
1.25297 3.24554
1.3971 3.00657
1.21443 3.30214
1.98133 1.08919
1.96319 1.21569
1.30884 3.15827
0.955357 3.6167
1.17474 3.35755
1.58832 2.60623
0.855005 3.71168
1.85987 1.75218
0.348867 4.00509
0.906396 3.66474
1.97236 1.15369
0.621145 3.88343
1.82545 1.8915
1.51204 2.77941
1.06987 3.49085
2.01417 0.803713
0.298136 4.01909
0.653619 3.86347
1.98998 1.02259
0.773411 3.77917
1.73962 2.19027
0.516553 3.93964
1.52768 2.74551
1.11284 3.43843
1.00223 3.56754
2.00644 0.880279
1.48018 2.84612
1.60298 2.57051
1.90345 1.55295
1.32693 3.1286
1.67355 2.3859
1.29047 3.18767
0.395032 3.99003
1.43093 2.94347
1.93425 1.39102
0.552745 3.92156
1.88199 1.65475
1.72674 2.2304
2.02845 0.635606
0.979095 3.59219
1.87103 1.70389
1.04772 3.51674
1.46396 2.87893
1.61748 2.53436
1.57347 2.64156
1.80167 1.98043
1.77732 2.06631
1.99835 0.95317
1.34482 3.09857
1.13377 3.41181
1.54314 2.71123
0.684931 3.84308
1.36246 3.06824
1.81364 1.93635
1.92418 1.44633
2.03489 0.540758
1.94411 1.33427
1.41412 2.97519
1.44754 2.91138
2.05 0.050203
1.70048 2.30913
1.37988 3.03758
1.09155 3.46478
1.76491 2.10824
0.881058 3.68832
0.437931 3.97403
2.04589 0.306224
1.63178 2.49783
0.931084 3.64093
1.71368 2.27006
1.1544 3.38484
1.23381 3.27403
1.95375 1.27596
0.24064 4.03179
1.65982 2.42358
1.78955 2.02378
1.84857 1.79946
2.02152 0.722578
0.801383 3.75698
0.715138 3.82232
1.6871 2.34775
1.89282 1.60436
1.19473 3.32999
1.83709 1.8459
1.5584 2.67658
0.828542 3.73449
1.27183 3.21679
1.91392 1.50027
2.04075 0.434214
0.169175 4.04289
1.75235 2.14954
0.47815 3.95727
0.744684 3.80095
