1.81029 1.94883 0.05
0.849105 3.33053 2.50735
0.951981 2.59228 3.80975
1.09748 0.05 5.16127
1.37771 2.20959 3.15502
1.3291 3.125 0.05
1.19904 0.05 4.96094
1.3577 2.7712 2.03698
2.05 0.05 0.05
2.00085 0.05 1.37196
1.49152 2.58646 1.73002
1.74804 2.16343 0.05
0.594935 3.42868 2.81453
1.17265 2.92111 2.52174
1.4509 2.39781 2.48613
0.05 2.20188 5.10779
1.60428 2.56731 0.05
0.05 3.03763 4.03957
1.45367 0.05 4.32403
0.859711 3.70752 0.05
1.22206 3.29116 0.05
1.61099 2.23683 1.86932
0.511718 3.94195 0.05
0.771529 2.45765 4.32455
1.74976 1.28682 2.61039
0.05 3.86328 1.86175
0.05 2.84923 4.33599
0.591342 2.9859 3.78746
1.86291 1.1749 1.94026
0.854187 2.89631 3.50706
1.63625 1.46417 3.02565
0.05 1.67475 5.53274
0.05 2.43627 4.86538
1.47107 1.77653 3.38435
0.759468 0.05 5.6598
1.67853 2.37196 0.05
0.614515 0.05 5.80603
0.693719 3.18779 3.23083
0.687623 3.59013 2.08537
0.05 0.0512136 6.05
0.05 3.63686 2.70564
1.13229 1.17626 4.80435
1.92133 1.46157 0.05
0.05 3.21375 3.72137
0.05 3.74731 2.33959
1.72427 0.05 3.33198
1.03878 1.67678 4.65938
1.78717 0.05 3.02325
1.78987 1.63846 1.80455
1.08206 2.75347 3.20738
1.84576 0.05 2.69144
1.37584 0.05 4.54215
0.05 2.65371 4.60484
0.966148 3.06944 2.86651
0.05 0.980145 5.88553
0.761009 1.92793 4.89926
0.617661 2.29546 4.71425
1.11995 3.42947 0.05
0.925881 1.38762 5.05697
1.00054 0.05 5.32903
1.29259 1.98848 3.74446
0.05 1.95079 5.32928
1.42907 2.94701 0.05
0.05 3.96755 1.26193
0.42593 0.05 5.94305
1.90364 0.05 2.30301
1.9561 0.05 1.86683
0.700441 3.83255 0.05
1.6866 1.85189 2.19212
0.928401 2.09183 4.48568
0.05 3.50236 3.08029
0.995856 3.5744 0.05
0.565265 1.15632 5.60488
0.05 4.05 0.05
1.51949 2.76337 0.05
0.613055 1.75004 5.21177
1.96882 1.17806 0.05
1.18671 2.40736 3.49492
0.887595 0.05 5.49848
0.05 1.35702 5.72066
1.52308 0.05 4.10836
0.585619 3.76785 1.57239
0.655812 2.73658 4.10673
1.54975 1.99464 2.74225
1.39536 1.44228 3.96772
0.924848 3.47386 1.70391
0.05 3.35716 3.42507
1.59395 0.05 3.86392
1.27151 1.30373 4.41285
1.55159 1.27592 3.56079
1.06638 2.2444 4.03348
1.28139 2.59304 2.84325
1.07639 3.22315 2.01563
1.18177 1.81703 4.22688
1.29354 0.05 4.7492
2.01412 0.804306 0.05
0.751025 1.2678 5.36416
1.25837 3.04199 1.69819
1.661 0.05 3.60558
1.86811 1.71671 0.05
