1.17288 3.36007
2.02382 0.695059
0.30132 4.01829
1.77158 2.08585
1.11105 3.44067
0.173427 4.04238
0.398801 3.9887
1.08981 3.4669
0.555928 3.9199
1.48083 2.84479
0.978135 3.5932
1.89019 1.6168
1.13196 3.41415
1.63449 2.49081
1.39712 3.00652
0.352523 4.00398
1.91137 1.5133
2.00987 0.847259
0.590555 3.90113
1.96023 1.23495
1.79689 1.9977
1.37972 3.03787
1.25152 3.24771
0.930613 3.64139
1.73221 2.21348
2.04623 0.295445
2.05 0.0502877
1.83341 1.86048
1.43121 2.94293
1.94144 1.34993
0.954649 3.61741
1.57506 2.63782
1.6051 2.56529
1.9216 1.46011
1.5598 2.67337
1.9864 1.05069
1.71876 2.25477
0.441459 3.97263
1.86812 1.71664
1.69131 2.3357
0.880969 3.6884
1.80926 1.95264
0.716957 3.82103
1.54436 2.70849
1.02398 3.54364
1.06827 3.49275
0.77459 3.77825
0.746129 3.79988
1.90089 1.56555
1.59017 2.60176
1.61987 2.52832
1.44796 2.91057
1.84517 1.81336
0.519861 3.93805
2.03614 0.520154
0.906159 3.66496
1.87927 1.66714
1.82142 1.90696
1.28936 3.18942
1.51294 2.77749
1.97797 1.11381
0.481658 3.95572
0.687069 3.84165
0.624072 3.88168
1.85676 1.76537
1.00126 3.56858
1.30791 3.15977
1.64894 2.45283
1.74551 2.17156
1.04625 3.51842
2.03021 0.611371
1.21271 3.3046
1.34427 3.09949
0.829129 3.734
2.04152 0.417953
0.656025 3.86195
0.802245 3.75628
1.23225 3.27632
1.52873 2.74323
2.00236 0.917813
2.01704 0.773185
1.95095 1.2932
1.36212 3.06883
1.46449 2.87787
0.243787 4.03118
1.96924 1.1752
1.66323 2.4143
1.7051 2.29556
1.27056 3.21874
1.78433 2.04208
0.855332 3.71139
1.67735 2.37528
1.75863 2.12901
1.15256 3.38728
1.49698 2.81133
1.41427 2.97491
1.99454 0.985411
1.32621 3.1298
1.93163 1.40567
1.19293 3.33251
