0.729411 2.38687 4.47249
1.57142 2.64638 0.05
1.06738 3.4938 0.05
1.29294 2.72502 2.49854
0.05 3.3104 3.52592
1.85733 1.76297 0.05
0.824981 3.73749 0.05
1.95052 0.05 1.91876
1.35627 0.05 4.59345
1.10217 2.90221 2.83074
0.05 2.15025 5.15638
0.05 2.37713 4.93007
0.574495 1.06985 5.63426
1.49217 2.82138 0.05
1.30738 2.17203 3.46161
0.05 3.46793 3.16687
1.35374 2.87882 1.69235
1.03744 1.37682 4.87324
1.66819 1.15563 3.16171
0.652713 3.68849 1.76572
0.705369 0.05 5.71872
1.53639 0.05 4.06445
1.31757 1.37046 4.24718
2.01344 0.811287 0.05
1.39317 1.70802 3.73482
1.21985 1.94094 4.00446
1.1128 2.37581 3.74634
0.708057 2.91047 3.75035
1.55144 1.39215 3.46438
0.05 1.29626 5.75135
1.70254 0.05 3.42966
1.6208 1.70436 2.81317
1.96729 1.18839 0.05
1.20292 1.14853 4.66755
0.129956 0.0500011 6.0452
0.989278 2.74534 3.47255
1.78798 1.61885 1.86026
1.13577 0.05 5.08884
0.05 2.58874 4.68662
0.598874 3.19558 3.37048
1.87477 1.22141 1.76596
0.954536 3.61753 0.05
0.716285 3.33809 2.82104
1.00686 0.05 5.31875
1.83859 0.05 2.73486
0.978784 3.19437 2.49753
0.05 0.209913 6.0452
1.68581 1.93731 2.02555
0.509569 3.94297 0.05
0.871299 3.05085 3.1593
1.3905 2.37119 2.82572
1.73098 2.21731 0.05
1.65396 2.4394 0.05
0.516576 0.05 5.88445
0.694707 1.33972 5.39009
1.89713 0.05 2.35068
0.05 1.62603 5.56465
0.05 2.98163 4.13198
1.46494 2.55821 2.00612
1.44381 0.05 4.35298
0.925335 1.11199 5.20427
0.591124 3.54644 2.47038
0.05 2.79118 4.41959
1.91519 1.49371 0.05
0.05 3.61567 2.7691
0.05 0.889307 5.91643
1.47519 1.9349 3.1686
1.00475 2.1819 4.24163
1.09104 3.28242 1.70435
0.864603 0.05 5.52976
1.77694 0.05 3.07641
0.908494 1.94611 4.66277
0.05 3.86341 1.86117
0.873408 3.46071 1.97971
1.99823 0.05 1.4063
1.1251 1.71058 4.45374
1.39675 3.0072 0.05
0.05 3.14096 3.85833
0.880594 2.56371 3.99638
0.603444 2.69732 4.23027
1.20612 2.56348 3.17347
0.05 1.8991 5.37042
1.18521 3.34321 0.05
1.60398 2.31695 1.69418
1.75166 1.32951 2.55112
0.05 3.75078 2.32694
1.62251 0.05 3.75741
0.05 3.96737 1.26322
1.24992 0.05 4.85018
0.58042 1.79869 5.20632
0.679738 3.84654 0.05
1.19851 3.04697 2.02968
1.29424 3.18169 0.05
2.05 0.05 0.05
1.79652 1.99903 0.05
0.817361 1.67475 5.02603
1.54293 2.15511 2.49325
0.05 4.05 0.05
1.47302 1.15392 3.92727
0.626602 2.17553 4.82938
