1.83967 1.83558
1.25953 3.23562
1.24005 3.26483
1.15961 3.37792
1.20033 3.32215
2.05 0.0502095
2.01533 0.791583
0.913795 3.65769
1.88521 1.63996
1.91715 1.4835
1.98347 1.07314
0.838472 3.72604
1.13885 3.40524
2.04104 0.428291
1.44102 2.92407
0.785442 3.76975
0.293024 4.02036
1.52316 2.7554
1.79118 2.01805
0.168032 4.04303
1.18009 3.35024
1.80356 1.97355
1.90672 1.53672
1.753 2.14743
0.75792 3.79104
1.09647 3.45875
1.6861 2.35059
0.640513 3.87167
1.72673 2.23043
1.94707 1.31669
1.85136 1.78794
1.99189 1.0072
1.76587 2.10503
0.961705 3.61022
1.67222 2.38957
1.71335 2.27104
1.64393 2.46609
0.50601 3.94464
1.35323 3.08419
1.27876 3.20604
1.55454 2.68542
1.56994 2.64983
0.342389 4.00702
1.6998 2.31111
0.729763 3.81187
0.671184 3.85217
1.93734 1.37358
1.62953 2.50364
1.07484 3.48494
0.429374 3.97738
2.00003 0.938575
1.92735 1.42919
1.60013 2.57754
1.53895 2.7206
1.29773 3.17613
1.65817 2.42806
2.02244 0.71181
1.22032 3.29367
1.33498 3.11518
1.87412 1.69021
0.387335 3.99269
1.37125 3.05287
1.38902 3.02121
1.11781 3.43218
2.02913 0.626379
0.700901 3.83224
0.608747 3.89073
1.50717 2.78983
0.2369 4.0325
2.03536 0.533142
1.97476 1.13684
1.00806 3.5612
0.468688 3.96137
1.4239 2.95681
1.8278 1.8824
0.864122 3.7036
1.03065 3.53616
0.937928 3.63418
1.77862 2.06183
1.89608 1.58881
0.541853 3.92715
2.04602 0.30229
1.95655 1.25839
1.58513 2.61388
1.31649 3.14581
1.73995 2.18921
1.96579 1.19848
2.00784 0.866975
0.575863 3.90926
1.81577 1.92838
1.86284 1.73951
1.45785 2.8911
0.98507 3.5859
1.61493 2.54077
0.889166 3.68087
0.812271 3.74808
1.4745 2.8577
1.40657 2.9892
1.49096 2.8239
1.0529 3.51074
