0.05 2.82451 4.372
1.67055 1.1573 3.1493
1.27136 2.99413 1.80263
1.12478 2.35394 3.74599
0.65867 3.86026 0.05
0.657391 1.87331 5.06992
0.05 1.51073 5.63561
0.681971 0.05 5.74258
1.20853 0.05 4.94085
1.33685 2.723 2.29056
1.23176 2.54278 3.12402
1.87266 1.14292 1.89761
1.32237 1.26825 4.30328
1.04901 3.51524 0.05
1.47494 1.87603 3.24744
0.05 0.827666 5.93551
0.05 3.68075 2.56787
0.889136 2.5597 3.98584
1.58259 2.61996 0.05
0.806527 3.75279 0.05
1.90651 1.53778 0.05
1.17033 1.31288 4.64514
0.05 3.88551 1.75293
0.05 2.99461 4.11089
1.30596 0.05 4.71937
1.15258 3.38725 0.05
0.61888 2.70404 4.20193
0.05 2.64402 4.61726
0.730405 2.9043 3.7246
0.05 2.05809 5.23913
0.629075 3.53557 2.4262
1.03367 1.11184 5.0254
1.78655 2.03432 0.05
1.50976 2.78429 0.05
0.71582 3.33304 2.83548
0.05 2.28017 5.03089
0.638854 1.15102 5.54106
2.05 0.05 0.05
1.56833 0.05 3.95538
0.690662 2.39324 4.51673
1.11873 3.16345 2.02733
1.95488 1.26891 0.05
1.75539 1.33907 2.51699
1.6577 2.42933 0.05
1.14595 2.88055 2.72636
0.904434 3.03949 3.10305
1.40054 2.34023 2.83974
0.967377 3.23049 2.43031
1.91041 0.05 2.25222
2.01256 0.05 1.20547
1.54659 2.12084 2.53858
1.31786 2.10837 3.51406
1.99998 0.938979 0.05
0.831032 0.05 5.57358
1.78928 0.05 3.01209
0.05 3.78925 2.18083
0.963922 0.05 5.38692
0.05 3.43619 3.24387
0.05 3.97726 1.18901
1.72779 2.22717 0.05
0.936507 1.63755 4.87247
0.833416 1.30236 5.24109
0.982741 2.19994 4.26543
0.05 1.79883 5.44617
1.53971 1.32359 3.56813
1.40537 1.52955 3.86333
0.680698 3.67851 1.72223
1.96528 0.05 1.77778
0.894742 3.45459 1.92015
1.40089 0.05 4.47445
1.09126 0.05 5.1727
1.34266 3.10224 0.05
0.05 3.5629 2.9195
1.84928 0.05 2.66982
0.05 4.05 0.05
0.5081 0.05 5.89049
1.43278 2.93993 0.05
0.05 2.46721 4.83053
1.49023 0.05 4.21312
0.05 3.29178 3.5649
1.08101 1.78965 4.47988
1.71837 0.05 3.35892
0.0501074 0.05 6.05
1.84897 1.79781 0.05
0.05 1.21341 5.79061
1.80494 1.61747 1.70936
1.60665 2.29085 1.75096
0.492991 3.95065 0.05
0.562045 1.61431 5.35419
1.24634 3.25547 0.05
0.937851 3.63425 0.05
0.622272 3.17622 3.37606
0.788435 2.07463 4.72647
1.22135 1.89659 4.04739
1.69249 1.89969 2.05547
1.01586 2.73139 3.43036
0.05 3.13805 3.86364
1.47444 2.54668 1.97709
1.6423 0.05 3.6806
1.61871 1.6752 2.8624
