1.54053 1.31625 3.57096
0.589794 3.06471 3.64563
0.610446 2.28208 4.73649
0.05 1.61469 5.57191
1.60837 0.05 3.81078
1.95192 0.05 1.9059
1.58835 2.34434 1.74035
1.44911 2.56963 2.07437
1.7163 2.2622 0.05
2.05 0.05 0.05
1.7688 1.7181 1.82507
1.23171 1.9676 3.94337
1.6417 2.47198 0.05
1.77974 2.05797 0.05
1.83957 1.83597 0.05
0.05 4.05 0.05
0.883189 3.68637 0.05
1.88971 0.05 2.40356
0.05 3.31197 3.5226
1.99983 0.940281 0.05
1.66592 1.97151 2.09738
0.612508 3.88853 0.05
0.755965 3.79252 0.05
2.0067 0.05 1.29179
0.0504266 0.05 6.05
0.05 2.39035 4.91582
0.05 2.96346 4.16114
1.1616 0.05 5.0379
1.83517 1.23967 2.08325
0.05 2.60634 4.66482
1.26705 0.05 4.81122
0.05 3.94 1.44739
1.08607 3.26116 1.82145
0.995639 1.68233 4.73581
1.89504 1.5938 0.05
1.02879 2.31308 4.03175
1.65371 1.14519 3.23658
0.554659 1.07948 5.64672
1.12816 1.83793 4.33317
0.05 2.15851 5.14872
0.05 3.58469 2.85864
1.39884 3.00338 0.05
0.668043 0.05 5.75633
1.09511 1.14491 4.89483
0.493102 0.05 5.90089
0.571994 3.74663 1.72372
0.732213 1.2503 5.39506
0.971142 3.15239 2.63992
0.05 2.78178 4.43282
1.36755 2.37219 2.92112
1.5276 0.05 4.09354
1.60088 1.71209 2.90259
1.68976 0.05 3.48521
1.56203 2.66822 0.05
1.27215 2.70635 2.6347
1.82708 0.05 2.80278
1.72936 1.37147 2.63622
1.30406 3.16598 0.05
0.894645 2.12678 4.50812
1.95078 1.29426 0.05
0.05 3.83079 2.00898
1.40957 1.59532 3.79048
1.20885 3.3101 0.05
0.05 1.8999 5.3698
0.912208 3.44068 1.90519
0.05 3.14381 3.85313
1.46002 1.92148 3.24783
1.08177 2.8522 3.00826
1.91688 1.05646 1.58414
0.944436 2.66052 3.71968
0.732124 1.9226 4.94106
0.736658 2.51342 4.3047
0.722269 3.22941 3.08118
1.34491 2.8731 1.7753
0.05 3.45313 3.2031
1.35602 0.05 4.5941
0.667687 2.80839 3.98021
0.99919 3.57082 0.05
1.21836 1.34616 4.5148
1.76548 0.05 3.13448
0.937939 0.05 5.42625
1.10776 3.44478 0.05
0.05 3.70613 2.48386
1.1665 2.52217 3.3711
0.05 0.872089 5.92191
1.52366 2.17128 2.56602
1.35909 1.28373 4.19148
0.594587 1.71965 5.25177
0.896722 1.37389 5.11004
1.48775 2.83055 0.05
0.863339 2.96107 3.36346
1.18863 3.02329 2.1573
0.817467 0.05 5.59066
0.05 1.28303 5.75782
1.44439 0.05 4.3513
0.698383 3.57339 2.11986
1.29011 2.16763 3.52408
1.04857 0.05 5.24862
0.426403 3.97852 0.05
0.644545 3.41706 2.75374
