1.79156 2.01668 0.05
0.05 3.17692 3.79171
1.72424 1.12356 2.9099
1.05907 3.3259 1.69015
1.89361 0.05 2.37593
1.4369 0.05 4.37303
1.37989 1.20233 4.1846
1.0974 2.03753 4.20193
0.05 2.86102 4.31859
0.863318 1.64074 4.98488
0.989797 3.16779 2.5359
0.958606 2.96801 3.11784
1.31353 3.15064 0.05
1.10826 1.29833 4.7844
1.96738 1.18779 0.05
0.981913 1.85477 4.61674
2.05 0.05 0.05
0.05 2.70187 4.54189
1.30256 1.78163 3.94013
0.05 3.02343 4.06336
1.47906 1.43409 3.69824
1.8333 0.05 2.76638
1.79412 1.37845 2.2068
0.05 4.05 0.05
0.75688 3.79183 0.05
0.899998 0.05 5.48116
0.05 1.34314 5.72781
1.20671 2.24528 3.67144
0.05 1.9163 5.35689
1.52736 0.05 4.09435
0.05 3.77333 2.24269
1.61059 1.28233 3.3156
1.72231 2.24396 0.05
0.727274 1.33026 5.35884
0.05 2.15301 5.15382
0.682275 2.10974 4.83083
0.674275 3.66797 1.79376
0.875731 3.45025 2.01208
1.99728 0.05 1.4185
1.21775 1.47644 4.42596
1.10414 2.62714 3.37497
1.16922 3.07266 2.09183
1.85588 1.76905 0.05
1.54393 1.82998 3.01391
1.3983 2.6284 2.21345
0.05 1.6573 5.5443
0.05 2.34952 4.95943
0.425797 3.97875 0.05
1.94832 0.05 1.93873
0.603946 1.78712 5.19283
1.00224 3.56752 0.05
0.693465 2.61245 4.23327
0.615451 2.91339 3.88075
1.33026 2.89464 1.79401
1.76059 0.05 3.15886
1.24658 0.05 4.85768
0.870851 2.78214 3.67499
0.616721 0.05 5.80408
1.60271 0.05 3.83177
0.56842 1.1482 5.60586
0.612073 3.88879 0.05
1.40739 2.98768 0.05
0.981175 2.44215 3.96419
0.957773 1.12689 5.14649
1.47218 2.25795 2.663
0.05 3.86487 1.85422
0.05 0.971902 5.88847
1.2084 2.78975 2.70216
1.65765 2.42946 0.05
0.05 3.43764 3.24041
0.681997 3.12466 3.38687
1.57926 2.62787 0.05
0.050109 0.0555493 6.04999
1.74284 1.85185 1.75405
0.767036 0.05 5.65114
1.91458 1.49687 0.05
0.420606 0.05 5.94609
0.05 3.953 1.3633
2.01348 0.810867 0.05
0.05 3.67003 2.60238
0.05 2.53386 4.75303
0.808958 2.29653 4.46138
0.626189 3.51686 2.49317
0.743493 3.29868 2.86518
1.39327 2.01126 3.38256
1.14645 0.05 5.06798
0.88519 3.68453 0.05
1.53264 2.47208 1.78678
1.68192 0.05 3.51866
0.05 3.3116 3.52339
0.05 3.5581 2.93266
1.49575 2.81391 0.05
1.22684 3.28422 0.05
1.87723 1.21809 1.74734
1.67179 1.66253 2.5951
1.3407 0.05 4.63331
1.11869 3.43106 0.05
1.02821 0.05 5.28334
1.62011 2.11596 2.10169
1.3066 2.44189 3.03598
