1.50719 2.78978
0.930298 3.6417
1.656 2.43391
1.24102 3.26339
1.49117 2.82346
0.589171 3.90191
0.979246 3.59203
0.853659 3.71286
1.56896 2.65213
1.81203 1.94234
1.53845 2.72172
1.88034 1.66227
2.00942 0.851705
0.955003 3.61705
1.86945 1.71083
0.800095 3.75802
1.02651 3.5408
0.480693 3.95615
1.1381 3.40622
2.03594 0.523514
0.654326 3.86303
1.85837 1.75858
0.772482 3.77989
1.97744 1.11769
0.440802 3.97289
1.1165 3.43383
1.90153 1.56239
1.64193 2.47136
0.554626 3.92058
1.79997 1.98658
1.26063 3.23394
1.68367 2.3575
1.52293 2.75591
0.352191 4.00408
1.83559 1.85185
1.20083 3.32145
1.58395 2.6167
1.8239 1.89746
1.71066 2.27909
1.15934 3.37828
1.69725 2.31854
1.42472 2.95526
1.40757 2.98735
1.33628 3.11299
1.37242 3.0508
1.29905 3.17402
1.77533 2.0731
1.35448 3.08205
1.39012 3.01923
0.905196 3.66588
1.994 0.989884
0.398657 3.98875
1.1802 3.35009
1.07224 3.48804
0.622254 3.88277
1.74997 2.15723
2.02349 0.699133
1.91181 1.51104
1.6133 2.54486
1.55378 2.68715
0.175979 4.04206
1.84706 1.80564
1.44171 2.92273
1.27993 3.20423
1.76274 2.11546
1.98586 1.0549
1.66991 2.39596
2.00187 0.922283
1.47489 2.85691
1.9507 1.29475
0.244716 4.031
1.72394 2.23901
0.30154 4.01824
0.715065 3.82237
2.01664 0.777568
0.685114 3.84296
2.04139 0.420703
1.0031 3.56659
1.95985 1.23737
1.96877 1.17841
1.94131 1.35069
2.04618 0.297179
1.78775 2.03013
0.518887 3.93852
1.6277 2.50833
1.31782 3.14363
1.09456 3.46109
2.02994 0.615074
1.73704 2.1984
1.9317 1.4053
1.22106 3.2926
0.879659 3.6896
1.04956 3.51461
2.05 0.0504383
0.744112 3.80138
1.92186 1.45872
1.89103 1.61282
1.45841 2.88998
1.59872 2.58097
0.827153 3.73567
