0.05 3.13895 3.862
1.53302 1.31236 3.60252
1.065 3.4966 0.05
2.05 0.0500047 0.05
1.89378 1.59981 0.05
0.948541 1.3401 5.04888
0.784555 2.9361 3.57168
1.45252 1.88856 3.31966
1.56251 0.05 3.97565
0.498518 3.94812 0.05
0.05 1.68044 5.52893
1.1908 1.94723 4.07347
0.05 3.88837 1.73838
0.05 3.9784 1.18016
1.36078 1.71136 3.83503
0.98044 0.05 5.36117
0.658181 0.0500177 5.76586
1.07502 1.69419 4.57343
1.17251 3.36057 0.05
1.42613 1.17785 4.06176
1.72512 1.20288 2.83484
0.05 3.44093 3.23255
1.27698 3.20882 0.05
0.05 2.80192 4.40438
1.20749 0.05 4.94306
1.11533 2.37438 3.74183
0.05 3.79138 2.1724
1.39241 0.05 4.49764
0.762923 3.32084 2.76188
0.05 2.97732 4.13893
0.760064 3.60389 1.79484
0.923975 3.06416 2.99685
1.21609 3.08588 1.78917
0.05 4.05 0.05
0.05 2.61534 4.65357
1.95066 0.05 1.91744
1.26986 1.38628 4.36158
1.70223 0.05 3.43102
1.8334 1.86051 0.05
1.77186 1.52189 2.15763
0.05 2.17994 5.12864
1.30844 0.05 4.71337
0.05 3.56805 2.90524
1.71511 1.96692 1.71701
1.54213 2.71348 0.05
1.48388 2.58366 1.79707
1.48012 0.05 4.24437
0.05 1.92977 5.34618
1.14294 1.1696 4.78592
0.67892 1.61768 5.23753
1.92399 1.03917 1.5305
0.89874 2.50243 4.04804
0.05 3.68286 2.56103
1.29944 2.20056 3.44766
0.05 3.29507 3.55806
1.23066 2.58926 3.04111
1.7655 2.10627 0.05
0.643491 3.51307 2.46784
0.624718 3.19364 3.33507
0.859 1.86073 4.81786
1.95454 1.271 0.05
0.590126 2.03848 4.9975
0.05 2.41561 4.88826
1.09485 0.0507847 5.16611
0.980672 2.14082 4.33588
1.58337 2.25397 2.02726
1.04152 3.21275 2.20527
1.85192 1.28346 1.88157
1.7721 0.05 3.1011
1.37514 3.046 0.05
0.712444 2.28454 4.61245
1.60742 1.48755 3.13549
1.40337 2.43476 2.64222
1.14172 2.91468 2.65942
0.785152 1.08765 5.40848
1.83701 0.05 2.74433
0.827316 3.73553 0.05
1.02541 2.73653 3.39632
0.592771 3.75766 1.60512
0.05 1.35757 5.72037
1.45623 2.89431 0.05
1.65128 1.79956 2.50682
1.3296 2.79428 2.12816
1.62267 2.52119 0.05
0.05 0.068842 6.04993
1.69223 2.33306 0.05
2.00063 0.05 1.37489
0.676518 3.84867 0.05
0.634973 2.58306 4.34923
0.82919 0.0500027 5.57592
1.63443 0.05 3.71146
0.05 0.98154 5.88503
1.89366 0.05 2.3756
0.951208 3.6209 0.05
0.670764 2.82113 3.95561
0.943178 3.41895 1.86192
1.51024 2.07216 2.8084
2.00784 0.866938 0.05
0.560016 1.17117 5.60254
0.436772 0.05 5.93674
