0.479908 3.9565
2.0059 0.885313
0.518532 3.93869
0.439234 3.97352
1.25638 3.2404
1.73843 2.19401
0.934751 3.63732
0.748058 3.79845
1.6992 2.31287
1.93338 1.39593
1.97166 1.15858
2.0137 0.808642
1.02909 3.53791
1.77626 2.06994
1.465 2.87685
1.23729 3.26891
2.02112 0.727319
1.67225 2.3895
0.982875 3.58822
1.96244 1.22063
1.00625 3.56317
0.90992 3.66139
0.298322 4.01905
1.88108 1.65889
1.09533 3.46015
1.39923 3.00269
1.71243 2.27379
1.82442 1.89547
2.05 0.0501027
1.52767 2.74554
0.167819 4.04305
1.44886 2.90881
0.959006 3.61298
0.884618 3.68506
1.41596 2.97174
1.87008 1.7081
1.32978 3.12386
0.804837 3.75417
1.07367 3.48634
0.776876 3.77647
1.17847 3.35245
1.6858 2.35143
1.99777 0.958192
0.396199 3.98962
1.13761 3.40685
1.95294 1.28097
1.65853 2.42707
1.94327 1.33923
1.61642 2.53704
1.64465 2.46419
1.4967 2.81192
2.02814 0.639814
1.21801 3.297
0.34959 4.00487
1.19836 3.32491
1.75119 2.15327
1.2751 3.21173
1.55794 2.67763
1.36503 3.06376
1.84758 1.80353
1.98064 1.09428
1.31182 3.15342
1.51228 2.77892
1.81262 1.94016
1.3475 3.09401
1.91302 1.50486
0.858639 3.70847
1.78856 2.02727
1.15824 3.37974
1.72551 2.23417
1.11671 3.43357
1.9233 1.45106
2.03466 0.544452
2.0406 0.437272
1.76381 2.1119
0.555093 3.92034
1.63062 2.50084
1.29359 3.18272
0.589989 3.90145
1.60205 2.5728
1.5429 2.71178
1.43252 2.94043
1.58752 2.60814
0.6879 3.84109
1.38224 3.03338
0.71851 3.81993
1.80067 1.98405
0.656429 3.86169
1.48095 2.84454
0.23996 4.03192
1.89193 1.60859
1.0516 3.51225
1.85891 1.75626
2.04582 0.308402
0.623923 3.88177
1.90257 1.5573
0.832092 3.73148
1.83609 1.84988
1.98932 1.02779
1.57282 2.64308
