1.6697 2.3954
1.9545 1.26909
1.59444 2.59038
1.98235 1.07894
1.05414 3.50865
1.0758 3.48312
0.422759 3.97949
1.90241 1.55627
1.97335 1.14433
1.03218 3.53378
1.56286 2.66528
1.51396 2.77435
1.64021 2.47479
1.76738 2.09866
0.987386 3.58282
1.27969 3.20382
0.050483 4.04969
1.39215 3.01471
1.80658 1.96108
1.4972 2.80993
1.42797 2.94822
0.240026 4.03154
1.20073 3.32086
1.72658 2.22965
1.33681 3.11128
0.844871 3.71995
1.74034 2.18672
0.496501 3.9486
1.46302 2.87989
1.84411 1.81611
1.24064 3.2632
0.71349 3.82296
0.563881 3.91524
0.767773 3.78299
1.92406 1.44506
1.29889 3.17348
1.68418 2.35487
0.964463 3.60677
2.0497 0.0496951
1.11838 3.43076
1.41017 2.98167
0.794022 3.76236
1.71265 2.27194
1.15994 3.37676
1.96408 1.20748
1.69847 2.31379
1.35548 3.0795
0.595608 3.8978
1.18049 3.34897
0.176625 4.04163
0.460543 3.96439
1.6099 2.55229
0.685333 3.8423
0.941268 3.63025
1.31795 3.1426
2.04075 0.427571
1.85623 1.766
0.656291 3.86128
1.89124 1.61011
1.94461 1.32924
1.79371 2.00766
0.81969 3.74137
2.03508 0.532436
1.37391 3.04732
2.02882 0.626092
1.75395 2.14303
1.4456 2.91426
1.2208 3.29223
1.91338 1.50113
2.02206 0.712324
1.87979 1.66307
1.57877 2.62802
0.382623 3.99389
0.89388 3.67591
1.8318 1.8653
0.740969 3.80317
1.99102 1.01148
2.04573 0.301568
0.869581 3.69814
0.33956 4.00746
2.00728 0.869097
1.78061 2.05363
1.99931 0.941853
1.93448 1.38774
1.13933 3.40392
1.00994 3.5585
1.0973 3.45706
1.48022 2.84512
0.530847 3.93222
1.65505 2.43535
1.62515 2.51379
0.292579 4.02009
2.01487 0.792849
1.53049 2.73837
0.626422 3.87978
1.8193 1.91357
0.91777 3.65327
1.26026 3.23374
1.5468 2.70201
1.86811 1.71505
