0.926388 3.59566 0.0249742
1.03758 3.4744 0.0249742
1.91927 1.30816 0.0249742
1.12489 1.21039 4.71004
1.52092 2.6799 0.0249742
1.33411 0.0249742 4.561
0.0249742 2.96706 4.08998
1.15093 3.33086 0.0249742
0.652355 3.82308 0.0249742
1.5301 2.21962 2.21001
1.85984 1.61652 0.0249742
1.2425 0.0249742 4.7851
1.32886 2.70859 2.14511
1.57479 0.0249742 3.81743
1.08188 3.23664 1.67977
0.849337 2.76352 3.63187
0.644663 0.0249742 5.7297
0.99467 3.12834 2.44732
1.89524 0.0249742 2.15074
1.84141 0.0249742 2.53599
1.62123 1.27619 3.11453
1.2184 2.2093 3.5529
1.41896 0.0249742 4.32746
1.04066 0.0249742 5.19367
1.32623 1.76282 3.762
1.94368 0.0249742 1.71824
0.715508 2.58752 4.14001
0.0249742 2.21798 5.04286
1.4331 2.86553 0.0249742
0.0249742 2.43236 4.81664
1.46665 2.54669 1.75307
0.0249742 0.791064 5.9139
0.0249742 3.27487 3.52297
0.645086 3.10438 3.37206
1.13904 1.9583 4.0771
1.77915 0.0249742 2.90695
0.475329 0.0249742 5.87088
1.3988 1.23753 3.98797
1.71177 0.0249742 3.24872
1.25641 2.47305 3.00283
0.569686 2.0801 4.90622
1.39149 2.34502 2.68633
1.07351 2.61499 3.34337
1.97146 0.944058 0.0249742
1.14105 2.82456 2.69978
1.49913 0.0249742 4.07981
1.34753 3.02555 0.0249742
0.638574 3.64963 1.77159
0.0249742 1.98699 5.25361
0.0249742 2.6176 4.59402
0.870415 3.40797 1.9786
1.25622 3.17714 0.0249742
0.917908 0.0249742 5.39378
1.56584 1.79771 2.77465
2.02497 0.0249742 0.0249742
1.7884 1.43161 1.91204
1.67442 2.28714 0.0249742
1.80283 1.85715 0.0249742
0.911998 2.17869 4.32405
1.0421 1.71966 4.52243
0.941385 1.36156 4.96686
1.87282 1.13127 1.61095
0.665114 1.6591 5.15368
0.5892 2.88331 3.86583
0.7971 3.71486 0.0249742
0.783115 0.0249742 5.57718
0.0249742 3.85988 1.73096
1.60354 2.48109 0.0249742
1.49789 1.42553 3.49788
1.22204 2.97596 1.89834
0.0249742 0.0249742 6.02497
0.575161 1.24654 5.49472
0.825661 1.8963 4.75265
0.0249742 3.76285 2.16124
0.0249742 1.48392 5.61164
0.0249742 3.65432 2.54741
0.0249742 3.53651 2.89821
1.4233 1.9749 3.16298
0.608336 3.4914 2.45417
1.14481 0.0249742 4.99626
0.81703 1.1175 5.28503
0.0249742 2.79199 4.35777
0.0249742 3.13157 3.80457
1.74085 2.07999 0.0249742
0.728367 3.2727 2.82046
0.0249742 3.95199 1.16593
0.0249742 4.02497 0.0249742
0.0249742 1.17054 5.77365
1.73403 1.13523 2.65907
0.0249742 3.40979 3.22213
1.24756 1.39197 4.30785
0.64632 2.35843 4.52765
1.6447 2.02995 1.85356
1.98901 0.0249742 1.15764
0.918628 2.9651 3.08483
1.69213 1.66248 2.25034
1.64529 0.0249742 3.54224
0.997995 2.40165 3.86811
0.0249742 1.75984 5.43127
0.479747 3.92019 0.0249742
