0.822646 3.71546
1.8049 1.90732
1.5325 2.69293
1.26481 3.19452
0.0521049 4.03689
2.02752 0.426023
1.9668 1.08746
0.223715 4.01953
1.20545 3.28336
0.797134 3.73684
1.82931 1.81198
0.439 3.95536
0.872564 3.67119
1.90811 1.44974
1.86436 1.66272
1.98422 0.949899
1.22548 3.25415
1.8412 1.7631
1.14382 3.36864
1.61139 2.50382
1.58045 2.58082
1.10145 3.42341
1.16465 3.34058
2.00785 0.717383
1.71311 2.21936
1.07988 3.45015
1.92868 1.33555
1.97565 1.02012
0.661603 3.83693
1.05814 3.47635
2.03279 0.296432
1.74033 2.13336
1.18518 3.31216
0.572254 3.89109
0.744529 3.77834
1.596 2.5426
0.60285 3.87357
0.362749 3.98359
1.35924 3.03813
0.401952 3.96984
1.9185 1.39339
1.87562 1.61112
1.76676 2.04492
0.920953 3.62511
1.30325 3.1332
0.896918 3.64839
1.24525 3.22456
1.64145 2.42508
2.00035 0.799212
1.37745 3.00562
1.56466 2.61868
2.037 0.0369999
1.85289 1.71336
1.88667 1.55846
0.689851 3.81789
0.508126 3.92444
1.03598 3.50228
0.944574 3.60144
1.01363 3.52767
1.39547 2.97269
2.01493 0.629634
0.632596 3.85552
1.8975 1.50469
0.540759 3.90803
1.62652 2.46469
0.275065 4.00856
1.4656 2.83636
1.79239 1.95387
1.5161 2.7294
1.48264 2.80116
1.77968 1.99972
1.34079 3.07024
1.12278 3.39622
0.771092 3.75781
0.84777 3.69358
1.68504 2.30324
1.99246 0.876488
0.717458 3.79837
0.990957 3.55266
1.41328 2.93932
1.65621 2.38489
1.67074 2.34428
1.54867 2.65604
0.474301 3.94021
1.49948 2.76548
2.02152 0.533739
0.162119 4.02916
1.28415 3.16405
1.93858 1.27633
1.81721 1.86003
1.75364 2.08945
1.95765 1.15256
1.72682 2.17664
1.94823 1.21547
1.69918 2.26154
0.320792 3.99653
1.32212 3.10193
0.967881 3.57732
1.44836 2.87112
1.43093 2.90543
