1.89433 1.52133 0.0371084
1.77483 2.01732 0.0371084
0.826793 1.1275 5.30137
1.62445 0.0371084 3.68718
0.950126 2.04138 4.44836
1.34815 1.45362 4.03911
1.66538 2.04542 1.78741
1.15712 3.35107 0.0371084
0.0371084 3.76181 2.22454
1.06951 2.26979 3.93472
0.48472 3.93564 0.0371084
0.0371084 3.22999 3.6513
1.60825 1.8336 2.59093
1.50472 2.75455 0.0371084
0.0371084 0.793423 5.92888
0.0371084 3.50493 3.02741
0.0371084 2.18033 5.10316
1.64375 2.4193 0.0371084
1.25539 3.20935 0.0371084
1.78776 1.07331 2.48685
1.5417 0.0371084 3.99008
0.802854 3.73231 0.0371084
1.34307 3.0666 0.0371084
1.07259 2.8548 2.95027
1.71142 2.22496 0.0371084
0.665394 0.0371084 5.73336
0.599396 2.6077 4.3134
0.595637 3.12661 3.45998
0.0371084 1.74534 5.46246
1.48474 2.07798 2.82417
0.0371084 2.91947 4.19727
0.691644 3.311 2.87048
1.27717 0.0371084 4.74457
1.16561 2.48535 3.36157
1.45361 0.0371084 4.27287
0.0371084 2.3744 4.90624
0.0371084 3.96072 1.20407
0.945945 0.0371084 5.38184
0.0371084 3.37864 3.33513
0.0371084 1.97115 5.28914
1.42286 2.5273 2.21994
0.0371084 0.0371084 6.03711
0.579606 3.5438 2.42107
0.851952 2.45323 4.1468
1.42638 2.91455 0.0371084
1.99802 0.0371084 1.21753
1.7876 1.66129 1.61403
1.41635 1.80614 3.47774
1.1805 0.0371084 4.9599
0.0371084 1.47502 5.63603
0.0371084 2.55664 4.69725
0.650561 3.8443 0.0371084
1.03906 3.28984 1.81455
1.16819 3.0336 2.10673
1.34054 2.2988 3.0703
1.72617 1.55721 2.30085
1.24235 1.26512 4.45679
0.0371084 4.03711 0.0371084
1.86303 1.18955 1.77083
2.03711 0.0371084 0.0371084
1.89477 0.0371084 2.26013
1.25426 2.6804 2.67269
0.694882 2.83279 3.84767
0.670453 2.26071 4.64851
0.958636 2.66929 3.61037
0.492088 0.0371084 5.87979
1.16157 1.81281 4.22349
1.326 2.84062 1.87134
1.57669 2.5903 0.0371084
0.589158 1.24007 5.51444
1.69582 0.0371084 3.38941
1.05174 3.48414 0.0371084
0.948574 3.16426 2.59056
0.0371084 2.74369 4.45496
1.94393 1.24378 0.0371084
0.0371084 1.16818 5.79224
1.55689 1.47939 3.28241
0.937722 3.6086 0.0371084
1.83171 0.0371084 2.68564
0.0371084 3.63915 2.64612
0.0371084 3.86424 1.78193
1.48764 1.19093 3.78786
0.807604 0.0371084 5.57399
1.547 2.32157 1.97097
0.0371084 3.07112 3.94712
1.98767 0.920954 0.0371084
1.66792 1.25708 2.98926
0.658625 1.67471 5.18391
0.786436 1.87522 4.86873
0.851488 2.99816 3.24701
1.76274 0.0371084 3.07022
1.06644 1.502 4.68856
1.83711 1.78066 0.0371084
0.6662 3.66944 1.69604
1.26009 2.04263 3.70987
1.94863 0.0371084 1.80201
1.36799 0.0371084 4.51582
1.07088 0.0371084 5.17344
0.847494 3.44985 2.00793
0.960785 1.29003 5.016
