0.984456 3.56929
1.46492 2.85181
1.8537 1.73446
1.7052 2.26204
1.16276 3.35408
1.34112 3.08225
0.723653 3.80188
1.76992 2.05464
1.7947 1.96701
0.4237 3.96797
2.02712 0.522657
1.88698 1.58396
0.664226 3.84289
1.20434 3.29625
1.59202 2.56854
0.174186 4.03284
0.860601 3.69091
1.95734 1.1907
1.35955 3.05035
1.53037 2.71272
1.65022 2.41857
0.75229 3.7806
0.382755 3.98302
1.80683 1.92216
1.43085 2.91919
1.71848 2.22171
1.57694 2.60511
1.74453 2.13941
2.04164 0.0416354
0.911516 3.64347
1.44802 2.88563
1.87607 1.63518
0.534546 3.91825
0.694314 3.82265
1.49815 2.78285
2.00715 0.781199
1.2247 3.26677
1.4134 2.95249
1.66425 2.38011
0.0672533 4.04131
1.62149 2.49444
1.73159 2.18085
1.69173 2.30188
1.12006 3.41031
1.32237 3.11391
0.60147 3.88173
1.78239 2.01118
0.462366 3.95213
1.90819 1.47828
1.6781 2.34119
1.03103 3.5179
0.834396 3.71398
2.03276 0.418131
1.91848 1.42359
1.28413 3.17609
1.89769 1.53167
0.499242 3.93553
1.24479 3.2369
0.633304 3.86259
1.56164 2.64132
1.99968 0.856632
0.338904 3.9972
2.03769 0.292702
1.83061 1.83
1.9664 1.12844
2.01425 0.701305
1.05378 3.4916
0.780269 3.75885
2.02092 0.615789
1.99184 0.928629
1.63595 2.45671
1.84225 1.78265
1.75731 2.09732
1.09828 3.43781
1.30338 3.14518
1.07618 3.46491
1.18369 3.32536
1.81882 1.87644
1.86498 1.68531
0.23797 4.02232
1.3957 2.98544
1.97518 1.06422
1.60684 2.53173
0.568596 3.90029
0.291322 4.01034
0.807632 3.73663
1.98367 0.997669
1.37777 3.01804
1.54612 2.67719
1.14156 3.38239
1.2646 3.20666
0.960577 3.59441
1.51437 2.74797
1.9384 1.31017
1.48167 2.81746
0.886304 3.6674
1.92855 1.36759
0.936275 3.61913
1.94799 1.25129
1.00793 3.54379
