0.697174 2.27375 4.56973
0.594948 2.6158 4.27588
0.689707 0.028162 5.69042
1.20016 2.96617 2.08146
1.11086 3.19607 1.72218
1.35155 2.81504 1.69034
1.43539 2.0642 3.00305
1.89298 1.07123 1.52959
0.883193 1.15203 5.18358
0.978986 1.36851 4.90886
0.028162 3.08915 3.89059
1.11079 2.24831 3.81773
1.31621 1.97656 3.5675
1.54986 1.13594 3.54934
1.63981 2.39679 0.028162
0.56492 3.67272 1.90452
1.48796 2.76238 0.028162
0.028162 4.02816 0.028162
1.3021 3.11171 0.028162
0.625417 3.06699 3.494
0.028162 3.3735 3.31747
1.91882 1.33262 0.028162
0.848387 0.028162 5.50037
0.028162 1.949 5.29109
0.639262 3.45365 2.52569
0.911888 3.35408 2.04865
1.97435 0.94979 0.028162
0.85219 1.84024 4.77164
1.98585 0.028162 1.25574
1.85544 1.65426 0.028162
0.028162 2.3837 4.87746
1.80864 0.028162 2.7611
0.599056 1.11136 5.54421
0.028162 2.93347 4.15226
0.881724 2.94472 3.2381
1.87235 0.028162 2.34992
0.989912 3.09723 2.57416
0.988988 2.63116 3.55608
1.30102 1.27029 4.26455
1.41964 0.028162 4.33794
1.50515 0.028162 4.07372
0.592565 3.86558 0.028162
1.28455 2.66452 2.50912
0.028162 2.7544 4.41874
0.028162 0.028162 6.02816
0.723171 3.24074 2.93181
0.028162 3.73734 2.27414
1.40828 1.41005 3.84404
0.664188 1.5264 5.25392
1.54138 2.23165 2.14166
1.10409 2.79888 2.91058
1.39801 2.94262 0.028162
0.028162 0.795963 5.91659
0.87241 3.65431 0.028162
1.21206 1.80805 4.06022
1.71747 2.16942 0.028162
0.028162 3.84357 1.82982
1.32862 0.028162 4.5866
1.81473 1.39726 1.77632
0.028162 3.50105 3.00521
0.028162 1.46749 5.62626
1.49412 1.65729 3.29729
1.09074 1.63722 4.50175
1.10791 0.028162 5.07864
0.028162 3.61976 2.66935
1.16833 1.11572 4.67992
0.735459 3.76968 0.028162
0.028162 1.17635 5.77566
1.37382 2.36217 2.75688
0.028162 2.56356 4.6689
1.20171 3.26717 0.028162
0.028162 2.1743 5.09143
1.46149 2.52412 1.89711
1.71602 1.65778 2.12222
0.028162 3.23573 3.61298
0.028162 3.93129 1.34065
1.66501 2.03577 1.70684
0.79011 3.5628 1.66038
0.501736 0.028162 5.85753
1.64703 1.32387 2.96685
1.73901 0.028162 3.13574
1.93238 0.028162 1.86268
0.99578 3.52886 0.028162
1.76337 1.12163 2.52042
1.5888 1.8369 2.6202
1.09443 3.41229 0.028162
1.20546 2.4436 3.25283
0.405269 3.95641 0.028162
2.02816 0.028162 0.028162
1.59118 0.028162 3.77151
0.705434 2.80485 3.83923
0.028162 1.7258 5.46098
0.601966 1.98592 4.9691
0.871564 2.45122 4.07635
1.56603 2.58547 0.028162
1.22257 0.028162 4.84069
0.984497 0.028162 5.29777
0.97953 2.07458 4.32135
1.78958 1.92278 0.028162
1.67167 0.028162 3.44721
