1.16292 3.36063
0.389323 3.98462
0.671832 3.84266
2.01627 0.714374
1.75332 2.12296
0.344919 3.99913
0.916085 3.64471
2.00126 0.871915
1.89699 1.55229
0.759139 3.78045
1.81643 1.89955
1.20343 3.30452
1.67181 2.36994
1.7791 2.0357
1.86364 1.70679
1.9761 1.08175
0.609323 3.88169
0.701699 3.8224
0.296354 4.01267
1.31834 3.12826
0.786729 3.75887
2.02954 0.533115
1.94829 1.27032
1.9077 1.4985
0.641101 3.86241
0.96439 3.59632
1.91819 1.44357
1.35459 3.06689
0.813717 3.73684
2.02315 0.627603
1.65763 2.40914
2.04044 0.29961
1.88608 1.60479
1.72682 2.2077
1.74014 2.1657
1.45782 2.87476
0.987889 3.57158
1.4072 2.97237
0.730657 3.80175
1.12119 3.41543
1.26206 3.21789
1.84042 1.80489
0.176381 4.03581
2.03535 0.427029
1.92846 1.38729
1.59925 2.5607
1.55371 2.66927
0.0543597 4.04446
0.507057 3.93607
1.14224 3.38816
0.469846 3.95301
2.00896 0.795337
1.5066 2.77383
1.42427 2.94021
1.69965 2.28997
0.576516 3.9004
1.53819 2.70455
1.58422 2.5974
1.61409 2.52357
1.62877 2.48594
1.07815 3.4689
1.9671 1.14663
1.98481 1.01459
1.80417 1.94566
1.22322 3.27601
1.011 3.54646
0.891254 3.66834
0.865935 3.69158
1.03374 3.52096
1.9932 0.94476
1.71332 2.24914
1.85212 1.7563
1.68582 2.33021
1.79173 1.99103
1.64327 2.44783
1.93849 1.32958
1.28109 3.18831
1.18333 3.33273
0.241864 4.02499
0.940458 3.6207
1.47428 2.84149
1.56905 2.63356
1.05613 3.4951
0.542506 3.91853
1.38989 3.00422
1.3366 3.09771
1.49054 2.80784
1.7663 2.07967
1.87496 1.65631
1.37236 3.03571
1.95782 1.20943
1.09982 3.44235
1.29983 3.15846
1.82852 1.85263
0.430766 3.96921
1.24276 3.24715
1.52248 2.73942
1.44116 2.90764
2.04451 0.0445133
0.840112 3.7144
