0.821588 3.69688
1.4118 2.91167
1.01198 3.50725
1.79299 1.90227
0.32913 3.98047
1.5561 2.60364
1.36066 3.00651
1.82957 1.75744
1.64516 2.376
1.58643 2.52987
1.46137 2.81307
0.373398 3.9659
1.39494 2.94368
1.32571 3.06765
1.90765 1.38502
0.713447 3.78319
1.11787 3.37852
1.89717 1.4417
0.490796 3.91726
1.37788 2.97531
1.92785 1.26742
1.197 3.26998
1.63069 2.41538
0.161855 4.01736
0.526228 3.89966
1.05529 3.45677
1.75476 2.03968
1.95624 1.07763
1.81759 1.80652
1.76768 1.99464
0.79547 3.71907
0.280856 3.99405
0.45378 3.93418
0.967071 3.55661
1.96512 1.01005
0.560245 3.88146
1.97371 0.939727
1.29003 3.12721
0.65499 3.82391
0.989741 3.53207
1.65942 2.3362
1.03378 3.4822
2.02232 0.285848
1.68752 2.25462
1.72839 2.12761
1.61611 2.45404
0.592947 3.86275
1.94704 1.14301
1.67357 2.29564
2.00447 0.618933
0.684615 3.80378
1.09736 3.40487
1.47752 2.77942
2.01705 0.415375
1.52514 2.67542
1.98197 0.866164
2.01105 0.52316
1.93757 1.2062
1.88646 1.49707
1.07648 3.43098
1.78041 1.94891
1.71494 2.17058
1.99739 0.706766
0.41476 3.95044
1.86436 1.60433
1.42847 2.87927
0.62435 3.84365
1.15801 3.32486
1.23495 3.21382
0.896492 3.62828
0.741357 3.7623
0.226685 4.00644
1.84138 1.70737
1.98987 0.788799
1.85298 1.65634
1.27189 3.15641
0.0531551 4.02617
1.91787 1.32699
1.13811 3.3518
1.60135 2.49224
1.17765 3.29756
1.50944 2.71053
0.846982 3.67445
1.25354 3.18528
0.943928 3.58088
0.87196 3.65157
0.920455 3.60473
1.34329 3.03726
2.02652 0.0265264
1.30799 3.09757
1.57136 2.56698
1.54072 2.63973
1.49359 2.74514
1.44504 2.84633
1.87552 1.55126
1.70131 2.21292
1.21609 3.24207
1.74165 2.08405
0.768759 3.74087
1.80539 1.85479
