1.81714 1.83626
1.41385 2.92408
1.2113 3.26295
1.10867 3.40321
1.9536 1.14197
1.48117 2.78914
0.628008 3.85046
1.86251 1.64417
1.87341 1.59377
1.1298 3.37584
1.70458 2.22564
0.596476 3.86958
1.97134 1.0108
1.17116 3.32005
0.974664 3.56008
0.877707 3.65703
1.39653 2.95677
2.03213 0.0321254
1.37901 2.98908
1.25032 3.20451
1.3613 3.02097
1.34337 3.05249
0.902567 3.63342
1.69113 2.26613
1.99574 0.79162
0.71748 3.78994
0.167078 4.02301
1.06539 3.45696
0.563792 3.8882
1.15063 3.34812
1.56085 2.61127
1.96259 1.07768
0.494683 3.92368
1.66368 2.3456
1.23092 3.23393
0.529955 3.90623
1.59129 2.53733
1.93488 1.26422
1.32523 3.08361
0.99791 3.53484
1.54534 2.64761
1.08723 3.43022
0.0592878 4.03176
0.826579 3.70301
0.377663 3.97198
1.49751 2.75436
1.67749 2.30614
0.745671 3.76889
1.02077 3.50924
2.01021 0.622704
0.773263 3.74735
2.01675 0.527202
1.60617 2.49984
1.78128 1.97168
1.97982 0.940904
1.98795 0.86818
1.74377 2.10121
1.28827 3.14475
0.688538 3.81055
1.75647 2.0586
1.85145 1.69351
1.64958 2.38485
0.852386 3.68023
0.927001 3.60939
1.44789 2.85744
1.7934 1.92728
0.800232 3.72537
0.41887 3.95663
1.19138 3.29165
1.63531 2.42361
1.94438 1.20393
2.0032 0.709939
0.951027 3.58494
1.76897 2.01542
0.333697 3.98639
0.23173 4.01215
1.8402 1.74194
1.80536 1.88212
1.26941 3.17482
1.62085 2.4619
2.02271 0.419832
1.82877 1.78949
1.92514 1.32286
1.71783 2.18469
1.73089 2.14322
1.46463 2.8235
1.51367 2.71915
1.9152 1.37973
1.5762 2.57444
0.285662 3.99985
1.90504 1.43527
1.88416 1.54207
0.658703 3.83076
1.52962 2.68355
0.457805 3.94047
2.02794 0.29068
1.89468 1.48935
1.30686 3.11436
1.43098 2.89093
1.04325 3.48328
