0.863219 1.72594 4.89378
0.0407022 3.65155 2.62216
1.59442 2.16637 2.07727
1.78253 0.0416768 2.99545
1.22104 2.99921 1.99133
1.99275 0.0416768 1.36068
0.627494 3.86624 0.0416786
0.613604 3.16175 3.38124
1.78077 1.50559 2.03119
0.0407022 1.49594 5.62954
0.0407022 2.43076 4.85185
0.883146 3.43561 1.96783
1.50589 2.76643 0.0416786
0.600275 1.10608 5.57725
1.42389 2.93269 0.0416786
1.86844 1.67009 0.0416786
0.848839 0.0416768 5.53134
0.680375 2.73379 4.04439
1.96477 1.14028 0.0416786
0.996686 3.15162 2.49733
1.45054 1.79552 3.39057
0.693472 0.0416768 5.71411
0.94176 1.22671 5.09627
0.655183 3.51451 2.38181
0.887628 2.3883 4.18527
1.43516 2.57544 2.06134
0.0407022 2.80659 4.37512
0.60264 1.86924 5.10655
1.67222 2.358 0.0416786
1.17898 0.0416768 4.97715
1.3398 3.08462 0.0416786
1.35632 0.0416768 4.56335
1.00422 2.6449 3.565
1.50739 0.0416768 4.12398
1.60657 1.4219 3.15194
1.86291 1.21191 1.79287
0.0407022 0.807059 5.92955
1.25052 3.22834 0.0416786
0.611797 2.50466 4.44912
1.84344 0.0416768 2.64605
0.0407022 2.62526 4.62002
0.900072 3.00072 3.15094
0.0407022 3.11314 3.88261
1.2571 1.26622 4.43836
0.433534 3.96415 0.0416786
1.52307 1.2231 3.66227
1.14411 3.37913 0.0416786
1.59181 2.56919 0.0416786
0.713217 2.16782 4.70753
0.0407022 3.5374 2.95436
2.00771 0.775778 0.0416786
0.0407022 1.19616 5.78492
1.70888 1.95716 1.69353
0.0407022 3.75992 2.24901
1.94724 0.0416768 1.86365
0.0407022 3.85858 1.83055
0.50847 0.0416768 5.87597
0.0407022 2.96424 4.13571
0.0416788 4.04168 0.0416786
1.27039 0.0416768 4.77586
1.89782 0.0416768 2.27608
0.0407022 3.26859 3.58424
0.0407022 3.41389 3.2654
1.1163 2.842 2.8635
1.81328 1.89792 0.0416786
1.02953 3.51969 0.0416786
0.712571 1.39811 5.31513
1.43675 0.0416768 4.34097
0.914542 3.64063 0.0416786
0.987599 1.97699 4.45981
2.04168 0.0416786 0.0416786
1.20807 2.48645 3.25223
1.29327 2.03729 3.63904
0.0416773 0.0416768 6.04168
0.623001 3.69262 1.76433
1.10421 2.25003 3.89736
0.779884 3.75923 0.0416786
0.731853 3.30347 2.82996
1.71714 0.0416768 3.31815
1.30196 2.71722 2.40776
1.54263 2.44187 1.70361
1.08222 3.27086 1.71304
1.37662 1.44786 3.98024
1.09183 1.41166 4.71626
1.73248 1.18922 2.74498
0.0407022 1.76095 5.4575
1.18964 1.79253 4.19406
0.967786 0.0416768 5.35966
1.65755 1.7309 2.50751
1.65633 0.0416768 3.58231
0.0407022 2.24325 5.04917
0.0407022 2.01235 5.26118
1.51783 2.02511 2.78707
1.91911 1.42044 0.0416786
1.74529 2.13712 0.0416786
1.37455 2.30891 2.94773
1.58401 0.0416768 3.86148
1.07747 0.0416768 5.17433
0.75164 2.88819 3.67935
0.0407022 3.94559 1.34133
