0.742471 3.80168
1.94538 1.32314
1.44204 2.92055
0.176764 4.04137
0.563349 3.91519
1.7553 2.13771
1.67288 2.38577
1.81962 1.91128
1.01399 3.5536
1.65861 2.42492
1.83198 1.86351
1.05828 3.50335
1.90238 1.55511
0.872778 3.69484
1.97511 1.13011
0.063185 4.04938
2.04948 0.0494767
1.37318 3.04802
0.847777 3.71702
1.79439 2.00423
0.686065 3.84144
1.10136 3.45156
1.7815 2.04957
1.42516 2.95292
1.72845 2.22301
0.421652 3.97961
1.3191 3.14014
1.39075 3.01661
1.52332 2.75338
1.64423 2.46341
1.40808 2.98492
0.822245 3.73883
0.530114 3.93225
1.539 2.71879
1.07997 3.47765
1.24352 3.25838
2.01055 0.834826
1.56987 2.64824
1.62967 2.5014
0.945102 3.62599
0.968418 3.60225
0.656708 3.86065
1.80708 1.95822
0.292039 4.01995
1.33735 3.10978
2.03939 0.45079
0.381585 3.99394
1.74195 2.1807
1.28184 3.19989
1.35538 3.07908
1.0363 3.52866
1.95558 1.26072
1.76847 2.09405
1.12246 3.4251
2.01852 0.750527
1.47516 2.85479
0.796214 3.76021
1.7148 2.26461
1.84418 1.81474
0.897313 3.67228
1.4587 2.88785
0.595453 3.89755
1.701 2.30556
2.03302 0.56157
1.55452 2.68376
1.61497 2.53883
0.62654 3.87936
1.50746 2.78756
0.338728 4.00742
1.22397 3.2871
2.04499 0.317296
1.89111 1.60944
1.18415 3.34343
1.86804 1.71421
1.16384 3.37104
0.495572 3.94871
1.30058 3.1702
1.9935 0.989242
0.714595 3.82181
1.87969 1.66232
1.92427 1.44254
2.0022 0.914092
1.96549 1.19647
1.93496 1.3836
0.991373 3.57812
1.58506 2.61227
1.85617 1.76513
0.769647 3.78115
0.239626 4.03136
1.49141 2.82136
0.459515 3.96451
1.91343 1.49954
1.14329 3.39826
1.26281 3.22931
1.60012 2.57574
1.98444 1.06124
1.20419 3.31545
1.68701 2.34598
0.921405 3.64933
2.02603 0.660182
