1.28511 3.17073
1.64677 2.42244
1.7545 2.10033
0.462214 3.95009
1.14371 3.37615
1.99845 0.852861
2.0059 0.77744
1.03334 3.51211
2.03134 0.415509
0.423149 3.96614
0.337558 3.9957
1.3229 3.10911
1.47989 2.81663
0.888493 3.66251
1.4467 2.88387
1.93728 1.30659
0.782245 3.75463
1.96528 1.1245
1.70188 2.26612
2.01295 0.69778
0.962813 3.58909
1.57403 2.60707
1.58896 2.57097
1.60368 2.5345
0.289348 4.009
0.809682 3.73224
1.99064 0.92478
1.6608 2.38414
1.86342 1.68425
1.89641 1.52925
1.07848 3.45888
1.67465 2.34534
2.0196 0.612359
1.01021 3.53817
1.41258 2.94978
0.695996 3.81899
0.0431692 4.04016
1.81673 1.87736
1.22629 3.2608
0.725471 3.79801
1.3775 3.01441
1.91732 1.42045
1.77988 2.01339
1.10055 3.43167
1.55894 2.64272
0.634587 3.85941
0.862778 3.68615
1.82865 1.83048
1.90698 1.47547
1.51218 2.74805
1.61822 2.49759
0.986714 3.56383
0.665727 3.83947
0.569373 3.89759
1.85202 1.73391
0.602499 3.8788
1.05608 3.48569
1.63258 2.46025
0.235246 4.02109
1.76726 2.05723
1.54356 2.6782
1.95622 1.18689
1.20609 3.29016
1.49616 2.78248
1.42977 2.91696
1.46342 2.85039
0.93852 3.61394
1.12229 3.4041
1.79233 1.96882
1.74161 2.14262
1.9825 0.993754
1.30419 3.13999
0.754182 3.77657
1.39517 2.98226
0.499421 3.93328
0.913739 3.63843
1.80462 1.92345
1.52799 2.71328
0.381838 3.98136
1.92743 1.36415
1.87463 1.63359
2.03625 0.290404
0.17029 4.03169
1.68834 2.306
1.35953 3.04635
1.88563 1.58195
1.24623 3.23104
0.836527 3.70939
1.26578 3.20109
1.7285 2.18448
1.97404 1.06025
1.34136 3.07785
0.535049 3.91578
1.71529 2.22554
1.94689 1.24749
2.04017 0.040166
1.1856 3.31918
1.84044 1.78259
2.02574 0.519651
1.16483 3.34782
