0.83836 3.52819 1.72636
0.858721 2.66831 3.83214
0.0387159 2.75731 4.43994
0.63907 0.0387159 5.76202
0.0387159 3.25747 3.6009
1.43618 2.90026 0.0387159
1.47659 1.95881 3.0549
1.25479 3.21436 0.0387159
0.0387159 1.95753 5.3033
0.0387159 3.81425 2.02039
0.995111 1.50341 4.82837
1.71491 0.0387159 3.31186
1.34495 3.06775 0.0387159
1.61417 1.28871 3.22399
1.49686 2.47085 1.92417
1.23475 0.0387159 4.84762
0.641532 3.8527 0.0387159
1.17329 1.2079 4.65814
0.0387159 3.54278 2.93241
0.0387159 3.68254 2.51373
1.66676 2.36204 0.0387159
0.0387159 3.92935 1.43218
0.704784 2.48443 4.34555
1.28743 1.43268 4.23329
0.669536 1.52974 5.27479
1.33202 0.0387159 4.61544
0.0387159 1.1647 5.79609
1.56941 2.16272 2.22096
1.98503 0.959317 0.0387159
0.912173 1.21116 5.14173
0.597604 3.61456 2.1408
2.03872 0.0387159 0.0387159
0.648294 3.42654 2.65246
1.08633 2.48204 3.60108
0.898062 0.0387159 5.45662
0.0387159 0.0387159 6.03872
0.0387159 0.79165 5.93146
1.12094 3.17864 1.84871
0.0387159 2.93851 4.17154
2.00113 0.0387159 1.19651
1.15888 3.35247 0.0387159
1.68998 2.00938 1.68857
1.02644 3.0431 2.66749
0.0387159 2.1659 5.11995
1.13113 0.0387159 5.06463
1.95366 0.0387159 1.76991
1.38755 2.7667 1.73623
1.27949 2.24559 3.3833
0.0387159 1.73232 5.47437
0.475813 0.0387159 5.89367
1.8116 1.89008 0.0387159
1.01934 0.0387159 5.268
1.6369 1.74062 2.58728
1.43657 1.2045 3.9574
1.31942 2.61311 2.55392
1.93241 1.32548 0.0387159
0.0387159 4.03872 0.0387159
0.0387159 2.58579 4.66504
0.800633 3.73708 0.0387159
1.39877 2.32875 2.78694
1.49714 0.0387159 4.14444
1.23413 2.93102 2.11638
0.532721 3.76859 1.62042
1.05621 3.48239 0.0387159
1.5964 2.54759 0.0387159
1.90226 0.0387159 2.21701
0.0387159 3.39772 3.29654
1.57785 0.0387159 3.87011
0.599959 2.82124 4.00665
1.84532 0.0387159 2.61278
1.51311 1.47632 3.47169
0.932544 3.32178 2.17366
0.0387159 2.38267 4.90063
1.88913 1.13742 1.60958
1.36464 1.79453 3.67752
0.940021 2.87232 3.29799
1.78261 0.0387159 2.97633
0.775608 0.0387159 5.61661
0.442013 3.95655 0.0387159
1.72295 1.17803 2.78636
1.74188 2.1356 0.0387159
0.876099 2.04334 4.58267
0.759461 3.20438 3.00123
0.977651 2.27824 4.13516
0.671271 3.04255 3.51679
1.52188 2.72216 0.0387159
1.09527 1.78927 4.40428
1.41162 0.0387159 4.40176
1.15658 2.70934 2.98928
0.60183 1.19848 5.52686
1.64842 0.0387159 3.59955
1.76112 1.66717 1.86443
1.18986 2.02483 3.93722
0.722948 1.84818 4.98033
0.0387159 3.10855 3.88531
1.87254 1.63509 0.0387159
0.60233 2.24459 4.74964
0.0387159 1.46579 5.64388
0.934521 3.61505 0.0387159
1.80579 1.25543 2.17556
