1.17743 2.02842 3.97669
2.00291 0.817969 0.0410016
1.95479 1.20275 0.0410016
1.06767 0.0410016 5.19014
0.732033 1.81625 5.00198
1.81092 0.0410016 2.83502
1.80484 1.40702 1.9907
1.98622 0.0410016 1.4357
1.02083 3.20439 2.24183
1.16357 0.0410016 5.00675
0.0410016 3.44955 3.18092
1.03954 3.50679 0.0410016
0.602312 2.19132 4.81181
0.589519 0.0410016 5.81094
0.965171 0.0410016 5.36202
0.0410016 3.97013 1.16549
0.0410016 0.940694 5.88726
0.728678 0.0410016 5.67518
1.67647 0.0410016 3.49457
0.767304 3.30679 2.73457
0.0410016 3.32183 3.4734
0.484179 3.94156 0.0410016
1.19494 1.19553 4.6254
1.41137 2.67605 1.90542
1.87092 0.0410016 2.46228
1.63517 2.45648 0.0410016
1.37092 3.02853 0.0410016
0.0410016 4.041 0.0410016
0.0410016 3.56526 2.87898
0.0410016 1.83685 5.40231
0.0410016 1.28727 5.74235
0.953478 2.25967 4.21603
1.84532 1.76662 0.0410016
0.0410016 2.08347 5.19985
0.756654 2.6586 4.03775
1.29806 1.43165 4.21555
0.892596 2.82765 3.50523
1.12724 2.66989 3.17644
0.0410016 2.30754 4.98481
0.680441 3.51805 2.30326
0.61702 3.69077 1.78514
1.77825 2.02289 0.0410016
1.4376 0.0410016 4.33584
1.2485 2.28582 3.43797
1.60271 0.0410016 3.78927
1.73983 1.19704 2.69034
1.35909 0.0410016 4.55363
1.42292 2.09327 3.09652
0.975109 3.00796 2.92901
0.915486 3.63838 0.0410016
0.0410016 2.69397 4.53142
1.6304 1.28042 3.17277
1.35641 1.81038 3.6993
0.0410016 2.51567 4.75493
1.52268 0.0410016 4.07109
1.74608 0.0410016 3.17699
1.93232 0.0410016 1.99198
1.55999 2.64306 0.0410016
1.1713 3.10244 1.88866
0.0410016 2.86169 4.29522
0.0410016 3.78231 2.1637
0.0410016 3.67328 2.55391
0.65137 3.85018 0.0410016
0.407708 0.0410016 5.93928
0.677703 3.15533 3.2858
0.0410016 3.02866 4.03051
1.09819 1.77211 4.42261
1.73338 1.87697 1.6653
1.49367 2.36283 2.24967
0.588303 1.63236 5.29516
0.0410016 0.0410016 6.041
0.654382 1.18623 5.48737
0.880144 1.28295 5.15882
0.875844 2.00482 4.62903
0.852305 0.0410016 5.52517
1.67782 1.69283 2.43853
1.26449 0.0410016 4.78734
0.790721 3.74933 0.0410016
1.31699 2.9339 1.6274
1.0115 1.44552 4.84565
1.88887 1.09502 1.705
1.61126 2.17402 1.93087
0.671969 2.45534 4.43436
1.45222 1.22055 3.90696
0.0410016 1.56549 5.58815
1.90282 1.50199 0.0410016
1.32983 2.49616 2.77738
1.70571 2.25797 0.0410016
1.15381 3.36464 0.0410016
0.0410016 3.18559 3.74924
0.932479 3.42351 1.80292
1.21836 2.82404 2.51033
1.0363 2.47576 3.74859
0.0410016 3.88071 1.7225
1.47226 2.83492 0.0410016
1.55894 1.89608 2.78325
1.51219 1.52748 3.43937
2.041 0.0410016 0.0410016
0.622338 2.94321 3.7836
1.26215 3.20883 0.0410016
