1.40666 1.2836 4.03683
1.63472 1.24161 3.22485
1.77611 1.66992 1.82546
1.81415 1.11334 2.35645
0.591395 0.0469376 5.82033
0.63397 1.22873 5.50186
0.0469376 1.58287 5.58698
1.8308 1.85564 0.0469376
1.39115 3.00876 0.0469376
0.0469376 3.54819 2.94827
1.32356 1.85073 3.79011
0.727859 0.0469376 5.68849
1.96229 0.0469376 1.77399
1.57742 1.76271 2.92701
1.25438 1.49019 4.31216
0.744977 2.10608 4.7453
0.957797 3.14978 2.66818
1.34905 2.34821 3.01762
1.76602 2.0912 0.0469376
1.11847 3.4244 0.0469376
1.54983 2.68612 0.0469376
1.14447 1.30566 4.69387
0.62898 2.94327 3.79878
1.89148 1.59313 0.0469376
0.0469376 3.68303 2.54743
0.760045 3.78404 0.0469376
1.47286 2.85175 0.0469376
0.0469376 3.24785 3.64512
1.99479 0.954405 0.0469376
0.925386 2.75245 3.59453
0.960341 0.0469376 5.38466
1.03856 1.85501 4.49606
1.08046 3.25342 1.85053
0.0469376 2.09078 5.20456
0.0469376 0.0469376 6.04694
0.0469376 3.81571 2.05735
0.0469376 3.93185 1.47582
0.735788 2.64068 4.12032
1.27134 0.0469376 4.79115
0.0469376 4.04694 0.0469376
1.06389 2.87003 3.00669
1.0742 0.0469376 5.195
0.0469376 1.838 5.41185
0.610645 1.90354 5.08523
0.788273 3.59817 1.68356
0.0469376 1.29705 5.74639
0.428529 3.97346 0.0469376
0.668158 3.30125 2.99618
1.21444 3.29466 0.0469376
1.6595 0.0469376 3.59615
0.849265 0.0469376 5.54298
1.18926 3.01309 2.15888
0.0469376 2.32339 4.98049
0.0469376 2.53917 4.73999
1.0435 2.41141 3.85253
1.30469 3.15696 0.0469376
0.0469376 3.40213 3.3136
1.70452 2.28516 0.0469376
2.00951 0.0469376 1.20223
0.894171 3.6703 0.0469376
1.66322 1.96796 2.09279
0.0469376 2.905 4.24465
1.58932 0.0469376 3.86657
1.51617 0.0469376 4.11783
1.51197 2.17331 2.59836
0.0469376 3.08184 3.9554
1.58149 2.34566 1.75487
1.17675 2.49468 3.36822
0.617545 3.88069 0.0469376
1.62967 2.49232 0.0469376
0.997771 1.16092 5.05404
1.50492 1.44011 3.58269
2.04694 0.0469376 0.0469376
1.78814 0.0469376 2.99887
1.71292 1.41995 2.65057
1.41836 1.98445 3.30673
1.16219 2.0571 4.01106
1.35754 0.0469376 4.57915
1.7258 0.0469376 3.30772
0.627681 3.50813 2.49845
0.910826 2.26704 4.3123
1.17992 0.0469376 4.99135
1.01558 3.54649 0.0469376
0.903235 1.67386 4.88898
1.43889 0.0469376 4.35532
1.44589 2.54346 2.1357
1.94637 1.29939 0.0469376
0.0469376 2.74042 4.48277
0.887887 3.39932 2.1323
1.26349 2.6933 2.67804
1.87815 1.22597 1.68778
0.76095 1.42899 5.25405
0.410922 0.0469376 5.94674
1.91226 0.0469376 2.21144
1.85287 0.0469376 2.62519
1.35234 2.82356 1.86807
0.0469376 0.948336 5.89261
0.776608 3.06301 3.32423
0.556638 3.73246 1.80758
0.61533 2.43185 4.55191
