0.742518 3.79243
1.08376 3.46137
0.174294 4.03572
0.714268 3.813
0.948271 3.61218
1.48033 2.82807
1.65273 2.42123
1.66722 2.38151
0.419094 3.97328
1.81424 1.90634
0.924286 3.63608
0.335903 4.00141
1.20722 3.29832
1.51348 2.75798
1.24626 3.24107
0.823633 3.72792
1.97494 1.08765
1.14681 3.38138
1.16722 3.35405
0.770156 3.77137
1.32185 3.12158
0.797174 3.74987
0.59381 3.89018
0.378883 3.98778
1.56171 2.64966
2.02893 0.537385
0.971815 3.58792
2.03484 0.430377
1.93716 1.3352
1.9168 1.44892
1.57738 2.61272
1.34021 3.09072
1.63805 2.46047
1.78917 1.9987
0.561404 3.90812
1.42914 2.92995
1.01769 3.53835
1.87338 1.66164
1.62318 2.49922
1.52977 2.72229
1.4117 2.96304
1.69559 2.30063
1.3763 3.0278
1.46345 2.86248
1.26549 3.21179
1.76335 2.0882
1.1051 3.43504
2.04004 0.301772
1.60812 2.53747
0.849543 3.70556
0.685318 3.83309
2.04419 0.0441881
1.0621 3.48736
1.99215 0.950687
1.89554 1.55748
0.23679 4.0256
1.2845 3.1821
1.83852 1.81095
0.655648 3.85266
0.625162 3.8717
1.44639 2.89644
0.899837 3.65964
1.86197 1.71233
1.73678 2.17502
1.04006 3.51305
1.75016 2.13194
0.493188 3.94208
1.9271 1.39275
1.7095 2.25935
2.00807 0.800983
1.12613 3.40835
0.0695324 4.04387
1.94699 1.27602
0.994978 3.56328
1.72323 2.21751
1.95657 1.21518
1.6815 2.34133
1.18735 3.32638
2.01547 0.719643
1.82648 1.85904
0.457045 3.95803
1.8018 1.95289
1.98371 1.02045
1.90628 1.5038
0.289198 4.01406
1.96588 1.15252
1.88457 1.61006
1.35835 3.05946
1.22685 3.2699
1.3941 2.99563
2.02244 0.63243
2.00029 0.877676
1.59285 2.57531
1.77635 2.04381
0.527968 3.9254
1.3033 3.15201
1.54582 2.68624
0.874933 3.68279
1.49701 2.79323
1.85035 1.76206
