0.669971 2.67643 4.15189
0.916293 1.20447 5.15428
0.0437785 3.37927 3.35552
1.05095 3.30584 1.75497
0.658966 2.16873 4.78026
1.40945 2.96607 0.0437785
1.34114 2.31199 3.08943
0.0437785 1.81633 5.4225
1.0492 1.41013 4.80839
1.21806 0.0437785 4.90069
1.85631 0.0437785 2.58006
1.65652 2.40943 0.0437785
1.3357 2.85108 1.84552
0.0437785 1.56221 5.59466
1.62018 2.2182 1.77479
1.80549 1.4003 2.02541
0.65116 3.69227 1.69574
1.74527 1.84704 1.66487
1.23614 2.71136 2.72584
1.0455 2.90036 2.97786
0.774667 2.38007 4.39247
1.39774 1.60536 3.78738
1.50193 0.0437785 4.15039
0.0437785 3.75049 2.29891
0.0437785 2.60928 4.64714
0.618646 1.15951 5.54149
1.73107 2.19139 0.0437785
1.49539 2.79538 0.0437785
1.32089 0.0437785 4.66124
0.0437785 4.04378 0.0437785
0.963826 2.53945 3.83426
0.664607 1.51848 5.30096
1.50848 2.45724 1.93743
1.58143 0.0437785 3.88053
1.39958 2.54529 2.36254
0.0437785 3.50415 3.05345
1.23204 3.26125 0.0437785
0.0437785 3.85003 1.88852
1.12423 0.0437785 5.09289
0.424618 3.97059 0.0437785
1.79521 0.0437785 2.94071
1.96056 0.0437785 1.75656
0.940672 3.19067 2.5891
2.04378 0.0437785 0.0437785
1.58206 1.66167 3.01258
1.1274 3.40578 0.0437785
0.0437785 2.04292 5.24068
1.16831 3.04732 2.12245
0.768256 1.78081 4.99224
1.86773 1.68477 0.0437785
1.72872 0.0437785 3.27622
1.91106 0.0437785 2.19301
0.0437785 2.24398 5.05457
0.768321 3.77207 0.0437785
1.64265 1.17691 3.22236
0.937525 1.95517 4.58149
1.3389 1.33889 4.18263
1.42915 1.92392 3.32601
0.0437785 2.43229 4.85665
1.98763 0.984911 0.0437785
1.66972 1.77177 2.38649
0.613317 3.87816 0.0437785
0.639443 2.93393 3.7871
1.52265 2.10157 2.6493
1.93161 1.36454 0.0437785
0.904771 3.65415 0.0437785
1.80219 1.94954 0.0437785
0.603431 0.0437785 5.80408
0.75503 0.0437785 5.65155
0.888938 0.0437785 5.48173
0.0437785 1.27786 5.75109
0.753453 3.09754 3.28183
1.15269 1.73949 4.34064
1.23759 1.17147 4.55068
1.57676 2.61279 0.0437785
1.24653 2.01485 3.81724
0.0437785 3.94257 1.38495
0.0437785 3.63242 2.694
0.672319 3.3293 2.89974
1.31801 3.12686 0.0437785
1.73672 1.23289 2.6941
1.01147 0.0437785 5.29469
1.65753 0.0437785 3.58811
0.0437785 0.0437785 6.04378
0.901941 2.80199 3.54443
1.41692 0.0437785 4.40617
0.0437785 2.94547 4.1736
0.0437785 2.78196 4.4176
1.16665 2.46608 3.42765
1.01487 3.54062 0.0437785
1.89068 1.16548 1.61528
1.52374 1.29127 3.61952
0.0437785 0.938286 5.89183
0.0437785 3.09996 3.91476
1.05146 2.19924 4.09441
0.417962 0.0437785 5.93783
0.0437785 3.24588 3.63958
2.007 0.0437785 1.18911
0.589409 3.54849 2.42784
0.848087 3.46163 2.01708
