1.64222 1.18521 3.23475
1.94924 0.0464817 1.89459
0.0464817 1.92384 5.34459
1.45591 2.00496 3.12731
0.0464817 3.24076 3.6579
1.09132 3.45724 0.0464817
0.0464817 2.31759 4.98557
0.720403 3.46462 2.41804
0.0464817 1.71243 5.50133
1.56038 2.66038 0.0464817
0.964513 2.21583 4.2686
1.59239 0.0464817 3.85326
0.659997 1.76199 5.14459
0.628155 3.67599 1.86715
0.645633 3.31653 2.99765
1.80225 1.58579 1.75651
0.0464817 1.47503 5.65079
1.36897 2.41684 2.80642
0.0464817 2.50163 4.78332
1.20134 3.31224 0.0464817
2.00354 0.0464817 1.28307
0.920933 3.20316 2.63445
0.87097 3.53561 1.62458
1.59659 1.75024 2.84707
0.619166 1.15746 5.54841
1.90089 1.18501 1.5073
1.92805 1.4025 0.0464817
1.08033 1.26471 4.84661
0.9394 2.76893 3.53187
1.19029 1.99395 4.00777
1.29485 3.17159 0.0464817
0.936457 0.0464817 5.4197
1.45605 2.57872 1.96755
0.0464817 2.12172 5.17582
0.62172 2.14078 4.85826
1.49944 0.0464817 4.16962
1.84168 1.05677 2.21417
0.640554 0.0464817 5.77568
0.0464817 2.96703 4.14628
0.0464817 3.48903 3.10181
0.963929 3.6008 0.0464817
1.33606 2.88725 1.74221
0.922344 1.49945 4.98063
1.71309 2.25773 0.0464817
1.29226 0.0464817 4.74035
0.662267 2.90767 3.81051
0.0464817 3.80565 2.09697
1.69796 1.81424 2.14944
0.797163 1.26346 5.29967
0.823373 3.73237 0.0464817
1.39153 3.00678 0.0464817
0.0464817 4.04648 0.0464817
0.0464817 3.10756 3.90875
1.10655 1.73886 4.45578
1.85874 1.73848 0.0464817
1.65384 2.13159 1.76849
1.67505 0.0464817 3.52926
1.06167 2.42329 3.78999
0.870843 1.96511 4.6942
1.30257 1.43277 4.22692
1.04936 2.93396 2.90806
1.44767 1.16163 3.98755
0.0464817 2.81955 4.37057
1.81735 0.0464817 2.83505
0.0464817 0.046482 6.04648
1.17655 0.0464817 4.99688
1.37121 1.76634 3.7276
1.16959 2.6 3.20504
0.0464817 2.66478 4.58247
1.48218 2.83128 0.0464817
0.778251 2.61981 4.08146
1.23155 1.12531 4.60081
0.0464817 3.36852 3.38851
0.0464817 3.60209 2.79506
2.04648 0.0464817 0.0464817
0.50268 3.94103 0.0464817
1.78661 2.01825 0.0464817
1.27752 2.22489 3.46461
1.9886 1.00184 0.0464817
1.01448 3.32989 1.86584
0.0464817 3.97914 1.14282
1.16163 3.08207 2.06506
0.679899 3.84057 0.0464817
1.73257 1.31361 2.65441
0.0464817 3.89421 1.68619
1.88687 0.0464817 2.39524
1.75208 0.0464817 3.17993
0.761571 3.08023 3.31599
1.05893 0.0464817 5.2209
1.52507 1.43717 3.50659
0.443853 0.0464817 5.92686
1.63416 2.479 0.0464817
1.53608 2.24997 2.306
1.4 0.0464817 4.46371
0.0464817 3.70792 2.4623
1.26096 2.7597 2.52878
0.0464817 1.21152 5.78635
0.686299 2.41782 4.48083
0.0464817 0.905432 5.90651
0.797676 0.0464817 5.60718
