1.56022 2.59187
0.619494 3.84573
0.0452284 4.02576
1.49636 2.7373
1.77038 1.98239
1.32164 3.07302
1.46316 2.80761
0.764766 3.743
1.34009 3.04124
0.650172 3.82612
1.18548 3.28507
0.818121 3.69879
1.88498 1.50105
1.30295 3.10442
1.57567 2.55446
1.99172 0.762728
1.98434 0.837539
0.989995 3.53057
1.59087 2.51671
1.10167 3.39807
1.01299 3.50487
1.73192 2.11367
1.95178 1.1051
0.15843 4.01716
1.97664 0.908638
1.69167 2.23986
0.555223 3.88333
1.66385 2.32139
2.01709 0.401903
0.869385 3.65284
1.96864 0.976604
1.47987 2.77264
1.83037 1.75109
1.35833 3.00906
0.791719 3.72112
1.16496 3.31388
1.20571 3.2559
1.37633 2.97651
0.942941 3.58072
0.369296 3.96656
1.78279 1.93746
0.521334 3.90129
1.03563 3.47878
1.85285 1.6537
1.70528 2.19833
0.325235 3.9809
1.52869 2.66545
1.91505 1.33935
0.587961 3.86476
2.00534 0.598607
1.81877 1.7988
1.7187 2.15628
0.277204 3.99425
1.99873 0.683504
2.01149 0.505987
1.79499 1.89191
0.486112 3.91862
0.708977 3.78544
0.843995 3.67603
1.75777 2.02671
1.80698 1.84572
1.74493 2.07051
1.284 3.13547
1.05795 3.45228
1.87449 1.55284
1.39413 2.94352
1.62067 2.43995
1.93391 1.2254
0.96665 3.55585
1.54458 2.62882
0.679925 3.80605
1.12306 3.37039
0.223189 4.00644
1.89523 1.44829
1.64967 2.36134
1.51263 2.70158
1.14416 3.34233
1.41171 2.91014
1.24537 3.19642
1.60588 2.47854
1.63525 2.40091
1.84173 1.70275
1.96035 1.04197
0.737189 3.76446
1.90526 1.39437
1.67787 2.28084
1.9246 1.28309
1.44624 2.84215
2.02594 0.025942
1.07997 3.42537
1.42908 2.87635
0.410496 3.9513
0.894322 3.62923
0.918828 3.60519
1.86379 1.6037
1.22567 3.22635
1.26482 3.16613
2.02201 0.276663
1.94297 1.16614
0.44923 3.93533
