0.670059 3.5953 1.99096
1.17362 2.16154 3.79374
1.27791 2.3243 3.24039
0.934092 2.39297 4.05841
0.0342313 3.25575 3.59078
1.63876 0.0342313 3.61604
1.07275 1.19283 4.85844
0.0342313 2.11949 5.15442
0.0342313 2.73523 4.45976
0.617816 2.59886 4.29286
1.9502 0.0342313 1.75517
0.494919 3.92667 0.0342313
0.0342313 4.03423 0.0342313
1.11197 3.40379 0.0342313
0.91598 0.0342313 5.41964
1.22605 3.24644 0.0342313
0.0342313 2.53422 4.718
1.41459 0.0342313 4.37606
2.03423 0.0342313 0.0342313
0.983358 3.55512 0.0342313
0.52398 1.0627 5.64328
1.45398 2.08682 2.92893
0.796997 3.35942 2.46028
1.29296 2.83957 2.04248
0.774297 2.26495 4.49231
0.0342313 2.33454 4.94283
1.18805 2.68305 2.90331
0.0342313 3.70021 2.4345
0.548338 3.47092 2.68883
1.14338 0.0342313 5.02704
1.8648 1.22272 1.66616
0.881705 3.11466 2.89532
1.06366 1.97727 4.27308
0.0342313 1.3089 5.72143
0.627192 0.0342313 5.76446
1.74004 2.1225 0.0342313
0.0342313 0.935006 5.88012
0.0342313 3.09459 3.89777
1.71109 0.0342313 3.30431
1.17856 3.12192 1.69662
1.46223 1.31569 3.76954
0.0342313 1.6237 5.54019
1.01346 3.25744 2.03288
1.80879 1.87916 0.0342313
1.65838 1.19425 3.0726
1.27186 1.70771 4.02339
1.90095 0.0342313 2.18787
1.33211 3.07759 0.0342313
1.53138 2.30025 2.10145
0.820319 1.14594 5.2933
0.656568 2.99711 3.60668
1.37005 2.48918 2.56012
1.87236 1.61066 0.0342313
1.49784 0.0342313 4.12333
1.59009 1.82383 2.68143
1.41862 2.92107 0.0342313
1.57036 0.0342313 3.87646
1.98054 0.954877 0.0342313
1.03595 0.0342313 5.22741
1.3533 1.17298 4.2083
1.51009 2.73374 0.0342313
0.632024 1.78347 5.12335
0.592224 1.41353 5.41171
1.32621 0.0342313 4.61432
1.77854 0.0342313 2.9696
1.59586 2.53329 0.0342313
1.65024 2.03839 1.89413
0.955853 2.8486 3.27984
0.771228 2.73815 3.86325
0.0342313 0.0342313 6.03423
1.76296 1.69264 1.74168
0.0342313 3.5595 2.86938
0.784362 0.0342313 5.59622
1.80321 1.11472 2.31667
0.0342313 2.9245 4.18204
1.9971 0.0342313 1.18505
0.66233 2.08814 4.82565
1.84249 0.0342313 2.5978
1.24391 0.0342313 4.81231
0.902527 3.47825 1.62378
1.92989 1.30934 0.0342313
1.0617 2.54234 3.54777
0.0342313 1.88901 5.3502
1.18426 1.40587 4.49111
0.628573 3.23006 3.17125
0.841647 3.69378 0.0342313
1.67029 2.33494 0.0342313
0.552287 3.75773 1.58006
0.0342313 3.82976 1.928
0.95551 1.79279 4.66057
0.0342313 3.40657 3.26091
1.70907 1.47654 2.4987
1.44913 2.62759 1.72251
0.0342313 3.94379 1.3029
0.885249 1.48771 5.00701
0.430816 0.0342313 5.91509
0.683071 3.81788 0.0342313
1.09712 2.97827 2.55038
1.53705 1.51535 3.31111
1.37247 1.88343 3.52536
