2.0273 0.291271
0.841392 3.68891
1.0284 3.49923
1.97872 0.944637
1.63802 2.4141
0.914678 3.62042
0.984016 3.54878
1.44993 2.85155
1.60838 2.49205
1.72272 2.1668
0.555966 3.89156
0.371498 3.97331
1.89236 1.49753
1.41604 2.91813
0.890716 3.64361
1.74944 2.07972
0.412446 3.95831
1.69522 2.25154
1.11346 3.3957
1.85944 1.65476
1.0501 3.47391
1.27182 3.16947
2.02203 0.420871
1.00637 3.52419
1.68118 2.29306
2.03153 0.0315256
1.99483 0.794215
2.00234 0.712356
1.54712 2.64148
1.95224 1.14662
1.3457 3.04678
1.21416 3.25728
1.48306 2.7833
1.5933 2.53022
0.16157 4.02306
0.58832 3.87339
1.82465 1.80318
0.708216 3.79561
1.80042 1.89807
1.39878 2.95086
0.650023 3.83545
1.83646 1.75458
1.53136 2.67764
2.01601 0.528766
1.09263 3.42214
1.3092 3.1089
1.90291 1.44281
0.450865 3.94261
0.327638 3.98744
1.23357 3.22846
1.56269 2.60489
0.736158 3.77505
1.49934 2.74853
1.97019 1.01454
1.94283 1.20949
1.19448 3.28578
1.73618 2.12358
1.92335 1.3292
1.32756 3.07802
0.619611 3.85469
0.48745 3.92621
1.57807 2.56782
0.789979 3.73274
1.2528 3.19917
1.84806 1.7051
1.29061 3.13938
1.70907 2.20944
1.13409 3.36879
1.88159 1.55106
1.9332 1.27026
0.815976 3.711
1.91325 1.38671
0.866326 3.66642
1.07151 3.44821
1.96135 1.0818
1.51543 2.71334
1.98694 0.871394
0.961242 3.57307
1.46658 2.81764
0.0419159 4.03147
1.78798 1.9445
1.76248 2.03532
1.66698 2.33394
1.38131 2.9832
0.763406 3.75408
0.938172 3.59691
1.87063 1.60342
2.00941 0.624708
1.62327 2.45338
1.81264 1.851
1.36362 3.01517
1.1746 3.31383
1.15446 3.34153
0.279816 4.00058
0.226122 4.01255
1.65259 2.37431
0.679497 3.81577
0.522476 3.90914
1.77534 1.99022
1.43308 2.88504
