1.73599 2.1207
1.94249 1.20561
1.78745 1.94261
1.87002 1.60163
1.32174 3.0857
1.42972 2.88923
0.992458 3.53786
1.49758 2.74974
1.96985 1.00991
1.99443 0.78907
0.773861 3.74432
1.46405 2.82035
1.30297 3.11703
0.874917 3.6569
1.81201 1.84948
1.89183 1.49525
1.14444 3.35311
1.24531 3.2086
1.91279 1.38389
1.54634 2.64057
2.00189 0.707319
1.56218 2.60334
0.402462 3.961
1.20563 3.26772
1.18547 3.2966
1.88104 1.54898
1.824 1.80171
1.90243 1.44021
1.96101 1.07746
1.34027 3.05398
1.93282 1.26681
1.84739 1.70365
1.48091 2.78527
0.510143 3.91408
1.57779 2.56568
1.01501 3.51275
0.747415 3.76505
0.60558 3.86191
1.79983 1.8964
1.44698 2.85502
1.08096 3.43481
0.825321 3.70145
0.720392 3.78535
0.692781 3.80518
1.26476 3.17848
0.85038 3.67935
2.02135 0.417144
1.53029 2.6774
1.77488 1.98811
1.16506 3.32509
0.319878 3.98868
1.6382 2.4106
1.59321 2.52758
1.35859 3.02185
1.97838 0.939677
1.74916 2.0771
1.51405 2.71377
2.01542 0.524317
1.98659 0.866232
0.273326 4.00117
1.12353 3.38078
1.70905 2.20618
0.15836 4.02255
1.92292 1.32613
0.440069 3.94602
1.76212 2.03292
2.0089 0.619746
1.95189 1.14257
1.05928 3.46119
1.22558 3.23837
1.41226 2.92298
0.0470726 4.03057
1.83579 1.75311
0.799839 3.7231
1.72262 2.16372
0.475869 3.93037
1.60842 2.48903
1.03728 3.48719
1.6953 2.24804
0.922876 3.61067
1.62339 2.4501
1.39457 2.95637
1.68132 2.28945
0.946476 3.58676
2.03071 0.0307083
1.66715 2.33033
0.543062 3.89723
0.362633 3.97524
1.10239 3.40799
0.574822 3.87983
0.635431 3.84348
2.02655 0.288414
1.28399 3.14795
1.8588 1.65315
0.66448 3.82456
0.969591 3.56256
0.22105 4.01255
1.37669 2.98931
1.65277 2.37071
0.899085 3.634
