0.665371 2.99356 3.64311
0.0441056 2.48845 4.79349
0.0441056 4.04411 0.0441056
0.0441056 3.35573 3.40931
1.59067 0.0441056 3.84848
1.09849 0.0441056 5.14258
1.32813 1.4423 4.13836
1.6739 1.94865 2.02715
0.562273 1.05534 5.6372
1.59988 1.75531 2.80591
1.72922 0.0441056 3.27574
0.0441056 3.74327 2.32697
0.0441056 1.57867 5.585
0.835811 3.71736 0.0441056
1.83376 1.82974 0.0441056
0.0441056 2.88026 4.27512
1.38393 3.01387 0.0441056
1.457 1.1804 3.93362
0.498461 3.93952 0.0441056
0.638844 3.59624 2.1481
1.65112 1.24193 3.13104
0.969046 3.59065 0.0441056
1.55097 2.6742 0.0441056
1.89406 1.56419 0.0441056
0.0441056 3.04398 4.01294
0.0441056 0.0441056 6.04411
1.20747 0.0441056 4.9246
0.834057 0.0441056 5.55625
1.70541 2.27126 0.0441056
1.74262 1.36949 2.5105
0.876919 3.50308 1.72866
0.0441056 2.0731 5.2149
1.02878 2.52683 3.70538
0.666003 1.76715 5.12733
1.15665 3.12797 1.90479
0.853776 3.13684 2.97304
0.0441056 2.2903 5.00877
0.0441056 1.25778 5.76125
1.44539 2.00181 3.15927
1.35828 1.82074 3.69849
1.18459 1.76843 4.23979
0.606459 2.5555 4.39875
0.708236 3.39811 2.63628
1.06821 2.98504 2.70875
1.79227 0.0441056 2.95877
1.84845 0.0441056 2.63236
0.987394 1.29299 4.99208
0.0441056 3.5016 3.06119
1.32441 2.91189 1.70035
1.15993 2.65186 3.12527
0.0441056 3.1981 3.73432
0.591515 3.25162 3.23076
1.99245 0.947289 0.0441056
1.25774 2.2804 3.43401
0.972675 0.0441056 5.35822
1.47411 2.84059 0.0441056
0.888126 2.37932 4.20571
1.52966 1.44057 3.472
1.9073 0.0441056 2.22506
0.679387 0.0441056 5.73337
1.86401 1.16163 1.88303
1.94507 1.28724 0.0441056
0.830751 1.86103 4.84025
0.0441056 2.6913 4.5422
0.0441056 3.8587 1.84964
0.0441056 3.62738 2.71064
0.936606 2.84737 3.38323
1.35656 2.43458 2.80811
1.51945 2.19518 2.49344
1.25016 1.15824 4.52919
1.41372 0.0441056 4.41644
1.08655 1.49429 4.67962
0.691145 2.22281 4.6865
0.0441056 1.83762 5.40717
1.78996 1.64654 1.71454
0.978366 3.28738 2.16
1.25697 2.78737 2.45827
1.28784 3.1766 0.0441056
1.5051 0.0441056 4.1416
1.96039 0.0441056 1.76182
1.31416 0.0441056 4.67905
1.13402 2.15499 3.95348
0.869711 1.13535 5.25813
2.04411 0.0441056 0.0441056
0.0441056 3.96228 1.25152
0.742545 2.7278 3.96899
0.983331 2.0102 4.44447
1.63076 2.4793 0.0441056
2.0071 0.0441056 1.19291
0.0441056 0.856252 5.91913
0.49618 0.0441056 5.88882
1.09051 3.45294 0.0441056
0.572244 3.7653 1.57162
0.637392 1.40728 5.39677
1.76818 2.07148 0.0441056
1.1924 3.31911 0.0441056
1.58159 2.34494 1.72169
0.681294 3.83567 0.0441056
1.43771 2.59646 2.00964
1.66195 0.0441056 3.5716
