1.14715 3.34735
0.550393 3.89192
1.90402 1.42595
1.22688 3.23418
0.517057 3.90928
1.97014 0.999572
1.34013 3.05175
1.24623 3.2049
1.66816 2.32395
0.276244 3.99932
1.42931 2.88735
0.482346 3.92606
1.95256 1.13077
1.26539 3.17516
1.73772 2.11119
1.32173 3.08328
0.407771 3.95773
1.16736 3.31978
0.222747 4.01115
0.367271 3.97245
2.02059 0.413308
1.87202 1.58704
1.56207 2.60053
0.323796 3.98635
1.63885 2.40549
1.0848 3.42803
1.93388 1.2537
1.12658 3.3747
2.00148 0.700641
1.62389 2.44549
1.80204 1.88366
1.28433 3.14503
2.0298 0.0298049
0.929637 3.60209
1.4636 2.81852
2.02571 0.285603
1.44657 2.85312
1.92417 1.31256
0.58257 3.874
0.85805 3.67069
1.37637 2.98734
1.83802 1.73902
1.60874 2.48497
0.882312 3.64822
1.06351 3.4541
1.0201 3.50505
0.729207 3.77725
1.81424 1.83621
0.0300149 4.0298
0.643696 3.83671
0.446047 3.94222
1.9865 0.857646
1.69665 2.24036
0.833362 3.69275
0.952725 3.57845
0.975483 3.5544
2.01476 0.519533
1.82624 1.78802
1.18744 3.29164
1.76409 2.02203
1.10577 3.40163
0.997958 3.52991
1.94334 1.19319
1.75099 2.06698
1.30314 3.11437
1.49718 2.74776
0.158453 4.02152
1.72423 2.15482
1.52999 2.67513
1.59338 2.52399
1.7896 1.93048
1.57782 2.56251
1.54613 2.63808
1.88292 1.53442
0.701563 3.79743
1.51368 2.71169
1.6536 2.365
0.808165 3.71445
0.782485 3.73573
1.04195 3.47976
0.673046 3.81728
1.91422 1.36993
1.20729 3.26309
1.97848 0.930158
0.906163 3.62536
0.613636 3.85558
1.86091 1.6386
1.84958 1.68923
1.99418 0.781426
0.756141 3.7567
1.8936 1.48071
1.6825 2.28244
1.39421 2.95446
1.35834 3.01979
1.77696 1.97654
1.96148 1.06637
1.48049 2.78337
1.41183 2.92117
2.00836 0.613974
1.71054 2.19788
