1.17683 3.31286 0.0324172
1.68657 0.0324172 3.40494
1.22257 2.63167 2.8698
1.11647 2.95872 2.51359
0.893034 3.12395 2.83053
1.05253 1.24903 4.85984
0.0324172 2.61487 4.61441
1.53236 0.0324172 4.00123
0.0324172 2.26426 5.01162
1.54706 2.25215 2.09799
1.31402 2.2154 3.27205
1.77564 1.99319 0.0324172
0.0324172 3.37548 3.32694
1.46997 2.81338 0.0324172
1.47262 1.17549 3.82616
0.753916 1.1959 5.34929
1.14283 0.0324172 5.02269
0.554229 1.11789 5.59105
1.89427 1.49324 0.0324172
0.7703 0.0324172 5.60913
1.44366 0.0324172 4.28394
0.90511 0.0324172 5.43109
0.0324172 1.60314 5.55046
0.956591 2.12175 4.33255
1.88164 0.0324172 2.31786
0.81482 3.71364 0.0324172
0.682696 2.00275 4.87589
1.8548 1.25142 1.69575
1.9331 0.0324172 1.8997
0.612238 2.83034 3.95165
0.721648 3.00544 3.47294
0.0324172 1.2994 5.72348
0.4455 3.94617 0.0324172
1.39976 1.74228 3.5814
1.83404 1.76928 0.0324172
0.0324172 2.44466 4.81859
0.731111 3.38686 2.54016
0.0324172 0.0324172 6.03242
1.75328 0.0324172 3.08982
0.901818 2.66484 3.72099
1.35956 0.0324172 4.52109
1.28366 3.15293 0.0324172
1.1354 2.44722 3.48647
0.617815 0.0324172 5.76965
1.39087 2.41509 2.60495
0.55169 3.76057 1.54906
0.0324172 3.23279 3.63167
1.70458 2.22685 0.0324172
0.951748 3.58479 0.0324172
1.02665 0.0324172 5.23852
1.13102 1.68097 4.39393
0.0324172 2.94345 4.14742
0.0324172 3.10154 3.88029
1.00775 2.82117 3.18517
1.45469 2.57873 1.82292
1.62825 2.44348 0.0324172
1.94843 1.17938 0.0324172
1.55458 1.42638 3.31496
0.748819 2.53112 4.19571
0.872934 3.48901 1.69334
1.20746 3.07081 1.70629
1.99526 0.799828 0.0324172
0.0324172 0.941182 5.87552
0.0324172 2.07693 5.18945
1.31308 2.79709 2.04273
0.0324172 1.85006 5.37717
0.654892 2.34373 4.55931
0.913483 1.82858 4.69659
1.32059 1.38872 4.14659
0.0324172 3.62359 2.67492
1.47901 1.9939 2.94954
1.61316 1.8 2.57828
0.0324172 4.03242 0.0324172
1.20995 1.1272 4.59575
0.606557 3.264 3.12051
0.0324172 2.77569 4.39905
0.599693 1.68713 5.2231
1.61541 0.0324172 3.69947
1.38283 2.98292 0.0324172
1.25512 0.0324172 4.78058
1.07559 3.44521 0.0324172
1.04209 2.27359 3.97243
1.9806 0.0324172 1.38931
0.649682 3.83714 0.0324172
1.66499 2.05015 1.72117
0.423971 0.0324172 5.91631
1.82018 0.0324172 2.72222
0.0324172 3.93323 1.36027
0.0324172 3.73004 2.32086
0.0324172 3.50895 2.99989
0.0324172 3.83807 1.87991
1.67056 1.28287 2.91861
0.864066 1.44341 5.0619
1.23099 1.96419 3.86314
0.636869 3.58792 2.09838
1.01174 3.2575 2.02384
1.78084 1.12218 2.44389
1.55151 2.63423 0.0324172
2.03242 0.0324172 0.0324172
1.74184 1.63999 2.00374
