0.039602 2.91009 4.21821
1.88665 1.57376 0.039602
0.587074 2.11694 4.89686
0.409821 3.97047 0.039602
0.805084 0.039602 5.58274
1.15191 1.22297 4.69945
0.039602 3.93769 1.38538
1.07682 1.72288 4.50529
0.039602 3.84247 1.89996
1.36137 1.76455 3.72493
1.2591 2.75727 2.48861
1.75565 1.2293 2.55196
0.039602 2.28826 5.00175
1.59669 0.039602 3.80515
1.61983 2.49144 0.039602
1.8009 1.55406 1.7484
1.28594 3.16795 0.039602
0.039602 2.04563 5.23052
1.70349 1.73948 2.18011
1.58257 1.85046 2.72195
1.52213 0.039602 4.06689
1.06806 2.92299 2.82782
0.928911 3.21956 2.51545
0.595282 3.15301 3.41763
0.59279 2.64194 4.28323
1.66495 0.039602 3.53593
0.858211 3.68919 0.039602
1.64396 1.32046 3.06334
0.968393 2.16407 4.29179
1.98767 0.945179 0.039602
0.968373 1.373 4.96262
1.42742 1.2484 3.96108
1.19551 3.30388 0.039602
1.08781 3.44622 0.039602
0.495421 0.039602 5.8817
0.733841 3.79089 0.039602
1.17476 2.5849 3.17425
1.15299 3.08916 2.01919
0.858201 1.9032 4.7465
1.95929 0.039602 1.7228
1.26722 0.039602 4.77632
2.0041 0.039602 1.16508
0.039602 0.820316 5.92421
0.941054 0.039602 5.39558
0.593991 1.28085 5.49554
0.843082 3.05061 3.16865
0.039602 3.06832 3.95884
0.039602 3.37839 3.34386
1.69536 2.28323 0.039602
1.38064 3.00716 0.039602
1.79182 0.039602 2.93225
0.039602 2.7181 4.49581
1.16965 0.039602 4.99005
0.039602 1.52878 5.60829
1.4431 0.039602 4.31416
1.06462 0.039602 5.19168
1.72906 0.039602 3.25079
1.4692 2.83692 0.039602
0.690473 2.87614 3.79246
1.93924 1.29082 0.039602
1.32456 2.89387 1.71574
0.637134 3.66632 1.82629
1.90764 0.039602 2.18292
1.27939 1.39147 4.28865
0.039602 1.81152 5.41879
1.44358 2.59239 1.93617
1.86902 1.11653 1.84777
0.9615 2.74294 3.49038
0.039602 4.0396 0.039602
0.685153 1.69046 5.15012
1.76619 2.05841 0.039602
0.659378 3.35905 2.82361
1.36375 2.41486 2.78288
1.85023 0.039602 2.58807
1.64543 2.12404 1.77626
1.08359 2.37517 3.77019
0.665908 0.039602 5.73782
0.700881 2.33624 4.53367
1.54634 2.66999 0.039602
1.18603 1.95055 4.03397
1.44777 2.01158 3.10619
0.971647 3.57869 0.039602
1.82883 1.82696 0.039602
0.039602 3.50654 3.03221
1.52392 1.45333 3.45638
0.039602 3.62613 2.69625
0.039602 2.51257 4.75552
1.5249 2.28044 2.24118
0.593793 3.88297 0.039602
0.039602 3.7394 2.32014
0.039602 3.22849 3.66173
0.778667 3.4902 2.11185
1.27696 2.20526 3.45542
0.039602 0.039602 6.0396
2.0396 0.039602 0.039602
0.039602 1.20708 5.77835
0.839291 1.14158 5.28481
0.857668 2.53631 4.03352
1.35888 0.039602 4.54909
1.01149 3.3492 1.7289
