2.04021 0.302676
1.57228 2.62551
2.02903 0.53903
1.93771 1.33332
1.27462 3.19813
1.58775 2.58842
1.66186 2.39707
1.92779 1.3902
1.97503 1.08867
1.79447 1.98057
2.04439 0.0443856
1.15343 3.37307
1.8863 1.60306
2.03499 0.431749
1.44049 2.90858
0.496623 3.94078
1.76958 2.06794
1.98377 1.02169
1.54065 2.69858
0.878547 3.67986
0.659135 3.85074
0.290715 4.01393
2.00028 0.879768
1.9177 1.44535
0.628695 3.86987
1.83031 1.84491
0.717684 3.81091
1.11096 3.42813
1.13233 3.4008
0.903578 3.65647
1.69003 2.31759
1.61806 2.51304
0.381442 3.98717
1.49156 2.80533
1.84186 1.79833
1.25502 3.22832
0.999423 3.55887
1.75686 2.11073
1.64749 2.43609
1.55657 2.66224
1.08928 3.45507
1.85323 1.75093
0.745893 3.79026
0.928165 3.63266
1.60302 2.5509
0.33805 4.00103
1.67603 2.35758
1.29396 3.16756
1.74387 2.15317
1.94738 1.27501
1.23521 3.25806
1.78213 2.02453
1.04504 3.50774
1.19481 3.31641
0.827063 3.72537
0.564976 3.9065
1.63283 2.47491
1.80665 1.93587
1.06732 3.48159
0.597347 3.88846
2.00808 0.803101
1.31307 3.13659
1.423 2.94226
1.47479 2.84006
1.17423 3.34496
0.460252 3.95696
0.952325 3.60845
1.70382 2.27712
1.40527 2.9756
1.02241 3.53349
1.95685 1.21484
1.45775 2.8745
1.9074 1.49928
0.688762 3.83109
2.02249 0.634626
1.86444 1.7026
2.0155 0.721806
0.853054 3.70283
1.21513 3.28745
1.89693 1.5518
1.35065 3.07337
1.33198 3.10517
0.421966 3.97246
0.773524 3.76909
0.173696 4.03602
1.52455 2.73445
1.81857 1.89075
1.36909 3.04116
0.237516 4.02569
0.800549 3.74747
1.87545 1.65338
0.0584791 4.04429
1.50818 2.77004
1.73074 2.19494
1.96607 1.15276
0.97607 3.58386
1.99216 0.952509
1.38731 3.00855
0.531462 3.92395
1.71738 2.23626
