1.62064 2.50999
0.621564 3.8758
1.23995 3.2535
1.47824 2.83603
0.45571 3.96029
1.74701 2.14724
1.49495 2.80128
1.42673 2.93804
1.85973 1.72843
1.89393 1.57232
1.64998 2.43309
0.288578 4.0157
1.39117 3.00434
0.558854 3.91131
1.35469 3.0691
2.00918 0.803049
0.417985 3.97535
1.73363 2.18998
1.5277 2.73071
0.789741 3.75803
0.491531 3.94459
0.961779 3.60078
1.83585 1.82779
1.22009 3.28271
1.91575 1.46201
0.815597 3.73687
2.04125 0.302542
0.236146 4.02715
2.03014 0.538319
1.55952 2.65872
1.13811 3.39558
1.11702 3.42272
2.01663 0.721181
0.590749 3.8938
1.90495 1.51781
1.69257 2.31412
1.07417 3.4756
0.378032 3.98967
1.93672 1.34593
1.44414 2.90439
1.87132 1.67751
1.94682 1.2856
1.8113 1.92319
1.72009 2.23202
0.708789 3.81892
1.6354 2.47177
1.29829 3.16321
1.98443 1.0254
1.17957 3.33999
0.840967 3.71528
1.99303 0.954568
0.651435 3.85731
1.15896 3.368
2.00128 0.880725
0.335237 4.00315
1.97546 1.09378
2.04538 0.0453827
1.2596 3.22386
0.938363 3.62454
1.0523 3.50146
1.84785 1.7787
1.31731 3.13226
1.78607 2.01518
1.40907 2.97137
1.54374 2.69485
1.03008 3.52697
1.96621 1.15972
1.51145 2.76616
0.680507 3.83833
2.02362 0.633845
1.09573 3.44936
1.57511 2.62214
0.865935 3.69323
1.59052 2.58511
1.37305 3.0369
0.0604757 4.04527
0.173236 4.0372
0.525873 3.92823
1.67854 2.35431
1.60568 2.54776
1.00767 3.55195
0.890489 3.67074
1.88276 1.62531
1.46132 2.87035
1.95666 1.22356
0.736385 3.79906
1.70642 2.27335
1.77323 2.05987
1.76018 2.104
0.763346 3.77876
1.82368 1.87587
1.19996 3.31155
0.914602 3.64786
2.03606 0.431105
0.984899 3.57656
1.3361 3.10091
1.66435 2.39395
1.92635 1.40472
1.79876 1.96963
1.27901 3.19381
