0.720794 2.00593 4.86053
0.043415 3.37031 3.37454
1.19627 3.02826 2.0415
1.65022 0.043415 3.61603
1.7024 1.95446 1.77916
1.9931 0.93497 0.043415
1.22569 3.2697 0.043415
1.85591 0.043415 2.57988
1.11171 3.42498 0.043415
1.40903 2.96581 0.043415
0.69989 3.8218 0.043415
1.27933 2.68678 2.59901
0.754135 1.23987 5.35689
1.0175 0.043415 5.28368
0.953033 2.70566 3.59397
0.043415 3.5138 3.02703
1.20306 1.45404 4.45022
0.043415 3.86868 1.79744
0.512649 3.93177 0.043415
0.043415 1.90601 5.35323
1.26075 2.11625 3.64832
1.3091 0.043415 4.68909
2.04342 0.043415 0.043415
1.4315 1.87043 3.38234
1.72142 0.043415 3.30818
1.56974 1.54829 3.19579
1.48981 0.043415 4.18726
0.043415 3.0653 3.9745
1.33657 1.20727 4.27448
1.96286 0.043415 1.72907
1.06704 3.30448 1.66883
1.31617 3.12892 0.043415
1.89535 1.55385 0.043415
0.043415 3.96621 1.21658
1.14722 1.94038 4.15899
1.78588 1.5166 1.99054
1.83867 1.80646 0.043415
0.043415 2.14451 5.14902
1.12114 0.043415 5.09777
1.51126 1.23672 3.70471
0.668697 3.5625 2.1922
0.988176 3.56899 0.043415
0.899956 0.043415 5.46532
0.895169 1.44714 5.04713
0.755048 2.57499 4.16921
0.043415 0.96481 5.88206
1.67261 1.27334 2.99436
0.043415 2.33979 4.95616
0.621542 2.38728 4.58557
1.51219 2.08718 2.72411
0.571039 3.40998 2.8707
0.903076 2.19286 4.39698
1.45237 2.51863 2.12877
0.993124 1.78152 4.63528
1.08855 1.24672 4.82999
0.875171 3.00691 3.20783
1.00313 3.15562 2.476
0.043415 1.33338 5.72285
1.79134 0.043415 2.9594
0.610529 1.73228 5.20944
1.71182 2.24923 0.043415
1.94675 1.27195 0.043415
1.87276 1.17289 1.77865
1.7775 2.03635 0.043415
0.043415 3.76337 2.24894
1.75756 1.14938 2.65173
0.043415 3.22269 3.6845
1.17394 2.51824 3.31702
0.619909 3.13157 3.44213
0.043415 4.04342 0.043415
1.35342 2.84014 1.76278
1.57253 0.043415 3.91076
1.35955 2.32484 2.99284
1.56761 2.63325 0.043415
1.64321 1.79648 2.50331
1.0947 2.8597 2.90828
1.64166 2.44809 0.043415
1.04101 2.36173 3.90999
1.36694 1.58224 3.9043
2.00781 0.043415 1.17053
1.21802 0.043415 4.89963
1.91219 0.043415 2.18095
1.58575 2.27164 1.89267
0.043415 1.64499 5.54147
0.043415 2.54641 4.72356
1.49614 2.79266 0.043415
0.679756 2.85725 3.85667
0.043415 2.73964 4.47549
0.043415 3.64661 2.64885
0.619709 0.043415 5.78893
0.56292 1.14119 5.59855
0.858074 3.69654 0.043415
1.40228 0.043415 4.44586
0.602882 3.73425 1.63491
0.768357 0.043415 5.63539
0.428832 0.043415 5.93095
0.802393 3.29092 2.70546
0.891718 3.45835 1.85572
0.043415 2.90722 4.23232
0.043415 0.043415 6.04342
