0.965985 1.13383 5.06558
1.02503 3.4987 0.0294744
0.0294744 2.9179 4.18017
0.0294744 3.46756 3.09608
0.730953 1.36986 5.27628
0.801198 2.57024 4.04384
0.769445 0.0294744 5.6037
1.59489 0.0294744 3.76382
1.61939 2.45614 0.0294744
1.28036 1.36467 4.26105
1.51109 0.0294744 4.05977
1.14049 2.79444 2.80248
1.01058 3.07775 2.56519
1.7698 1.14913 2.46272
0.616614 0.0294744 5.7651
1.32192 2.09689 3.39835
1.72516 1.69983 1.99012
1.39213 2.95739 0.0294744
1.58015 1.96007 2.4733
0.598599 1.16103 5.52529
1.39842 1.63696 3.67912
0.0294744 3.57871 2.79652
2.02947 0.0294744 0.0294744
1.14596 0.0294744 5.00754
0.0294744 3.68204 2.47532
1.35618 2.64333 2.2172
0.597577 1.83538 5.10465
1.31055 3.10118 0.0294744
0.0294744 3.87968 1.65608
1.23319 1.85618 3.96035
0.0294744 1.2365 5.74979
1.03042 0.0294744 5.22398
0.7644 3.54833 1.8402
1.54661 2.63584 0.0294744
1.76548 2.0157 0.0294744
1.45532 1.14172 3.89201
0.0294744 0.0294744 6.02947
0.685014 2.83462 3.82784
0.0294744 2.5896 4.63956
0.471638 3.9305 0.0294744
0.0294744 1.51398 5.60097
1.69494 2.24417 0.0294744
0.609062 3.09382 3.47167
1.87208 0.0294744 2.36254
0.0294744 2.00058 5.25041
0.0294744 1.762 5.43746
0.889564 2.95041 3.21467
1.6572 1.42476 2.8177
1.01098 1.79119 4.5402
0.580506 3.70756 1.71132
1.12632 3.37427 0.0294744
0.636002 3.44085 2.57991
0.0294744 2.22018 5.04962
1.23989 2.48535 3.0698
0.0294744 3.2096 3.66888
0.0294744 0.912285 5.88152
1.9912 0.80826 0.0294744
1.42177 0.0294744 4.33686
1.66865 0.0294744 3.46719
0.712015 2.09401 4.74297
1.8259 1.78773 0.0294744
0.0294744 2.39983 4.8625
1.46951 2.80531 0.0294744
1.11867 2.32592 3.69788
1.24874 2.9196 1.98567
1.10461 3.18547 1.81441
1.33741 0.0294744 4.56861
1.49666 1.81049 3.10995
0.0294744 2.76755 4.40345
0.999091 2.66219 3.48539
1.73788 0.0294744 3.14913
0.641663 3.83748 0.0294744
1.8875 1.50967 0.0294744
1.64018 2.11919 1.71024
1.94287 1.19379 0.0294744
0.904536 0.0294744 5.42469
0.0294744 3.34905 3.37701
0.914565 3.34503 2.08265
1.07311 2.04799 4.15622
1.92583 0.0294744 1.93592
0.0294744 3.96329 1.11644
0.783783 3.73408 0.0294744
0.0294744 3.06125 3.94339
1.8447 1.27175 1.72428
0.422189 0.0294744 5.91267
1.56972 1.27701 3.3682
1.50468 2.41555 1.92786
0.885355 2.2535 4.30476
1.22122 3.2418 0.0294744
0.910823 3.62014 0.0294744
0.609784 2.45267 4.47441
0.737482 3.23386 2.92522
1.13049 1.27533 4.67678
1.80789 0.0294744 2.77447
1.24452 0.0294744 4.7953
0.875143 1.63478 4.90445
0.0294744 4.02947 0.0294744
1.42168 2.26208 2.73886
1.97552 0.0294744 1.41371
0.0294744 3.78598 2.0909
