1.83033 0.0373862 2.69597
1.71437 2.21703 0.0373862
1.73145 1.35353 2.54214
0.954574 1.35324 4.99048
0.0373862 1.85149 5.38484
1.58054 2.29321 1.80332
1.06137 1.69866 4.54888
1.94214 0.0373862 1.8669
0.667931 3.83339 0.0373862
0.0373862 2.50309 4.76187
1.76983 1.6648 1.77771
0.0373862 0.0373862 6.03739
1.13567 2.56297 3.32253
1.46057 2.84775 0.0373862
0.758466 0.0373862 5.63385
1.78164 1.99451 0.0373862
0.67252 1.65006 5.18693
1.98725 0.0373862 1.37237
0.0373862 3.7865 2.12887
1.55176 2.65018 0.0373862
1.01859 0.0373862 5.26568
1.63699 2.43846 0.0373862
1.01885 3.29086 1.91199
1.15502 1.94311 4.11004
1.48106 2.59324 1.63249
1.24291 2.1703 3.59891
0.0373862 4.03739 0.0373862
1.50814 2.13464 2.61333
0.863562 3.51464 1.66572
1.65308 1.16387 3.14394
0.0373862 3.68347 2.5049
1.95199 1.19374 0.0373862
1.39696 0.0373862 4.43784
0.81797 1.11052 5.32181
0.895097 0.0373862 5.45763
0.0373862 3.17896 3.75137
1.52006 1.3797 3.52464
0.0373862 3.96759 1.15338
0.0373862 1.58904 5.56756
2.03739 0.0373862 0.0373862
0.0373862 0.949104 5.87945
0.608494 2.04373 4.93711
0.0373862 2.08534 5.19134
1.14764 1.1666 4.73176
0.0373862 3.01856 4.0378
1.06889 3.46434 0.0373862
0.492732 3.93234 0.0373862
0.0373862 2.68905 4.52955
1.27137 3.18526 0.0373862
1.02366 2.90256 2.9996
0.713682 3.4383 2.45807
1.22001 0.0373862 4.87605
1.40573 2.50822 2.36387
1.23122 2.72956 2.65753
1.59163 1.70127 2.87105
1.48262 0.0373862 4.18488
0.924953 2.17573 4.35269
1.34443 1.71295 3.81996
0.903139 2.73708 3.62284
1.56325 0.0373862 3.91627
0.0373862 3.87949 1.70655
1.7046 0.0373862 3.35154
0.0373862 3.44919 3.16934
0.615296 2.89203 3.86609
0.0373862 1.29503 5.73311
1.11729 0.0373862 5.08756
1.26414 1.38114 4.32609
1.43308 1.92192 3.2743
0.0373862 2.30168 4.98351
0.63597 3.28285 3.05002
1.31606 0.0373862 4.65096
0.0373862 3.31834 3.46951
0.0373862 3.57121 2.84848
1.66317 1.92931 2.07649
0.592218 1.23718 5.51375
1.31551 2.87772 1.81098
1.02387 2.38511 3.88968
0.908764 3.17419 2.68831
1.14833 3.05164 2.14674
1.3317 2.34919 3.02032
0.732458 2.58512 4.16622
0.739107 3.04922 3.37777
0.613318 0.0373862 5.78323
0.0373862 2.84734 4.30755
0.945045 3.60174 0.0373862
0.849377 1.87799 4.77484
1.63167 0.0373862 3.66013
1.36902 3.02185 0.0373862
0.808787 3.72788 0.0373862
1.99968 0.810415 0.0373862
0.651042 2.34343 4.58114
1.1735 3.32934 0.0373862
1.42299 1.17656 4.01245
1.84407 1.75309 0.0373862
0.622725 3.6562 1.89502
1.77278 0.0373862 3.01996
1.90134 1.48748 0.0373862
0.42251 0.0373862 5.9251
1.84883 1.18017 1.91613
1.88902 0.0373862 2.30523
