0.941692 3.59466
1.20213 3.27641
1.64245 2.40456
1.65711 2.36426
1.26016 3.18946
1.7414 2.1093
1.034 3.49419
1.05618 3.46814
1.75485 2.06437
1.33386 3.06907
1.3158 3.09966
2.02801 0.290487
1.79411 1.92494
1.59759 2.52179
0.155019 4.02464
1.86741 1.62211
1.62767 2.4442
1.94267 1.21551
0.893458 3.64229
1.83166 1.77794
1.92245 1.33897
0.216212 4.01522
1.48744 2.77609
1.85571 1.67509
1.12066 3.38792
1.50365 2.7413
1.7278 2.1534
1.91194 1.39826
1.09952 3.41497
1.3693 3.00684
1.42096 2.91059
1.67155 2.32347
1.56691 2.59705
2.03219 0.0321884
0.564424 3.88795
1.98772 0.870978
1.81933 1.82787
1.43783 2.87766
1.97069 1.01646
1.99567 0.793132
1.40391 2.94312
1.53554 2.67031
1.45452 2.84429
1.95233 1.15124
1.71396 2.19703
0.625411 3.85218
0.792118 3.73219
1.97939 0.945177
2.01682 0.527075
1.61273 2.48321
1.47099 2.81057
2.01025 0.622965
1.87889 1.56802
0.654733 3.83347
0.765875 3.75332
1.78121 1.97221
0.267301 4.00445
1.07802 3.44173
0.466126 3.9369
0.868736 3.66547
1.51964 2.70613
0.965281 3.57018
0.917772 3.61869
0.818141 3.71038
1.27894 3.15988
1.58233 2.55969
0.595455 3.87028
0.0380043 4.03217
1.89015 1.51272
0.312906 3.99259
0.393777 3.96627
1.9327 1.27809
0.430918 3.95189
1.18225 3.30472
1.84378 1.72704
1.3867 2.97518
2.02279 0.419484
1.55129 2.63398
0.711352 3.79449
0.500151 3.92115
1.68586 2.28197
0.988527 3.54526
1.90117 1.45614
1.01144 3.51992
1.76815 2.01858
0.738801 3.77422
1.96166 1.08505
1.22174 3.24775
0.683313 3.81427
0.354707 3.97984
0.53282 3.90485
1.14148 3.36054
1.16201 3.3328
1.2411 3.21874
1.35168 3.03815
2.00318 0.711036
1.29749 3.12993
1.80682 1.87682
1.70001 2.23979
0.843667 3.68814
