1.40798 1.36676 3.85789
0.887649 1.76526 4.7632
0.885007 2.91902 3.25899
1.09911 3.20202 1.71723
1.62079 2.43197 0.0238475
0.0238475 3.52454 2.92672
0.0238475 2.24752 5.01127
1.37861 2.96637 0.0238475
1.81789 0.0238475 2.67576
0.0238475 1.81292 5.39025
1.3131 1.92383 3.61802
0.901156 3.33982 2.10536
1.54275 2.6261 0.0238475
0.0238475 3.76053 2.16481
1.11715 2.18703 3.85967
0.0238475 2.03839 5.20735
1.09151 0.0238475 5.0974
0.0238475 2.62335 4.58409
0.948118 3.57109 0.0238475
0.671571 3.80826 0.0238475
1.45811 0.0238475 4.20548
0.625953 3.05746 3.49241
1.8454 1.12168 1.87477
1.30304 1.17293 4.30195
1.57467 2.29548 1.68029
1.3344 2.81718 1.75184
0.823571 1.14329 5.26068
1.21287 2.38387 3.30167
0.679372 1.62461 5.15874
1.43771 2.51422 2.03744
1.28859 2.58815 2.63319
1.81944 1.78549 0.0238475
1.28238 3.1326 0.0238475
0.0238475 1.26451 5.72794
1.65168 1.25788 2.97767
0.404155 0.0238475 5.91437
1.48545 1.6634 3.29878
1.69384 2.22488 0.0238475
1.2152 1.72057 4.11637
1.27786 0.0238475 4.69794
0.892456 2.39458 4.09372
0.721055 2.23097 4.56966
0.987433 1.24104 4.95437
1.19161 0.0238475 4.89488
0.598802 3.44071 2.62312
1.75513 2.0265 0.0238475
2.02385 0.0238475 0.0238475
0.0238475 2.79343 4.35296
0.616375 1.99958 4.92867
1.97319 0.918458 0.0238475
0.0238475 3.38707 3.27187
1.58046 1.78034 2.71655
0.713434 2.77762 3.8524
0.0238475 0.924304 5.86984
1.00508 1.97253 4.35865
1.88086 0.0238475 2.25177
1.68895 0.0238475 3.34756
1.0603 3.44482 0.0238475
0.0238475 3.9508 1.16525
0.987888 3.07868 2.6004
0.749158 3.5396 1.88237
1.1758 3.29372 0.0238475
0.826002 3.68802 0.0238475
0.720753 3.22513 2.95137
0.864947 0.0238475 5.46746
0.0238475 1.55429 5.56731
0.0238475 3.65193 2.55038
0.0238475 4.02385 0.0238475
1.53311 0.0238475 3.96075
1.19158 2.94963 2.13744
0.0238475 2.95399 4.10822
0.0238475 3.10696 3.84647
0.488472 3.91441 0.0238475
1.4945 2.18942 2.46983
0.587814 1.22601 5.49064
1.46859 2.78986 0.0238475
1.73269 1.34689 2.42804
0.982774 0.0238475 5.28922
0.0238475 2.44296 4.80221
0.592582 0.0238475 5.77614
1.92761 1.24975 0.0238475
1.39326 2.12529 3.05473
1.87841 1.52131 0.0238475
0.0238475 3.2512 3.56848
1.1263 1.39931 4.58505
0.0238475 3.85866 1.73031
1.7557 0.0238475 3.02486
1.77595 1.61626 1.65652
1.37074 0.0238475 4.45926
0.584138 3.71007 1.63664
0.73536 0.0238475 5.63132
1.93738 0.0238475 1.76897
0.628262 2.56425 4.28899
1.98564 0.0238475 1.19102
1.55747 1.13725 3.49411
1.61353 0.0238475 3.66475
1.6606 1.9196 1.97404
0.996809 2.59127 3.58037
1.10762 2.7639 2.94552
0.0238475 0.0238475 6.02385
