1.76506 2.08484
1.32841 3.11213
1.81452 1.90796
1.11292 3.42646
1.02724 3.52883
1.90518 1.51276
0.298141 4.01251
1.99999 0.886183
1.27224 3.20276
1.87251 1.66864
1.29114 3.17301
1.59789 2.56486
1.58256 2.60219
0.912389 3.64874
1.40054 2.98538
1.68518 2.33295
1.0491 3.5038
1.88358 1.61788
1.17439 3.3456
1.72603 2.2111
1.21419 3.28968
1.96507 1.16252
0.0617529 4.0446
1.9917 0.959871
0.178329 4.03581
1.38279 3.01771
0.508762 3.9356
0.432583 3.96881
2.02252 0.639409
0.785511 3.76026
1.67118 2.37258
1.00506 3.55348
1.80244 1.95317
1.55141 2.6753
0.577688 3.90012
0.959514 3.60182
0.243518 4.02494
0.7018 3.82272
1.4181 2.95259
2.02914 0.543366
1.84984 1.76711
0.543864 3.91818
2.03519 0.435164
0.982483 3.57781
1.79017 1.99769
2.00789 0.809142
0.888121 3.67171
1.92605 1.40224
1.75225 2.12747
1.93612 1.34506
1.34672 3.08109
1.30987 3.14278
1.7777 2.04159
0.936147 3.62547
0.641538 3.86251
1.51937 2.74695
0.812167 3.73856
0.346822 3.99886
1.23378 3.26108
1.95567 1.22519
1.07067 3.47839
0.610215 3.88154
2.04474 0.0447443
1.64248 2.45076
0.671989 3.84294
1.94602 1.28592
0.471651 3.95256
1.36485 3.04962
1.91574 1.45808
1.71262 2.25216
2.01543 0.727039
1.50302 2.78221
1.83824 1.81489
2.0405 0.305091
1.56708 2.63896
1.13364 3.39992
1.65692 2.41192
1.9831 1.03017
1.89447 1.56594
1.45264 2.88575
1.97422 1.09758
1.61296 2.52723
1.25312 3.23212
1.19441 3.31783
1.69902 2.29274
1.43547 2.91939
1.53552 2.71128
1.73922 2.16958
1.82644 1.86196
1.15414 3.37295
1.09193 3.45262
1.48645 2.81711
0.391112 3.9843
0.863376 3.69432
1.86125 1.71842
1.46965 2.85163
0.838046 3.71662
1.62784 2.48916
0.730407 3.80233
0.758288 3.78151
