2.005 0.621402
0.267748 3.99816
1.71463 2.17435
1.58428 2.53756
0.656517 3.82401
1.75452 2.04347
1.29515 3.1206
1.61458 2.46047
1.94704 1.14825
1.47241 2.79222
1.40417 2.92819
1.82913 1.76275
1.36877 2.9938
1.805 1.85957
1.93748 1.21177
0.627655 3.84266
0.535838 3.89567
1.25689 3.18178
1.91761 1.33308
1.09409 3.41053
1.9653 1.01464
1.53747 2.64946
1.99029 0.792122
1.84091 1.71295
1.59953 2.49926
0.39614 3.95855
2.01767 0.417116
0.938023 3.58831
1.68702 2.25878
0.816806 3.70225
1.90728 1.39141
1.0066 3.51475
1.65862 2.34102
0.984083 3.53967
1.62945 2.42118
2.02296 0.287229
1.56887 2.57533
1.13633 3.35576
1.79266 1.90669
0.31408 3.98583
1.85249 1.66221
1.17747 3.29942
0.739088 3.76522
1.55325 2.61267
0.597971 3.86084
1.5215 2.68581
1.42154 2.8948
1.78014 1.95299
1.11533 3.38337
1.74141 2.08775
1.31392 3.08945
1.92766 1.27338
1.43871 2.86101
1.64413 2.38136
1.99787 0.709711
0.469145 3.92831
2.0272 0.0271952
0.433551 3.94376
1.19769 3.27061
1.86386 1.61045
1.70092 2.21686
1.23739 3.2118
0.152987 4.01928
1.72812 2.13135
0.215597 4.00941
0.914491 3.612
1.97397 0.943889
0.503135 3.91229
1.76743 1.99856
1.87503 1.55755
1.89674 1.44818
1.45567 2.82682
1.81716 1.81161
1.38659 2.96117
0.567411 3.87852
0.765488 3.74468
1.35072 3.02605
0.0343415 4.02717
1.15703 3.32779
1.05087 3.46352
0.890601 3.63526
2.01163 0.525228
0.71212 3.78532
1.21766 3.24141
1.9823 0.869936
1.48897 2.75719
0.961186 3.56423
1.67293 2.30014
1.07261 3.43725
0.356542 3.97259
1.95632 1.0826
0.684639 3.8049
1.33244 3.05793
1.27615 3.15137
1.02883 3.48941
0.791371 3.7237
1.88599 1.5035
0.841765 3.6804
1.50533 2.72172
0.866352 3.65807
