1.62671 2.32707
1.27539 3.08116
1.61237 2.36665
0.336283 3.94305
1.84512 1.5434
1.56866 2.48136
1.70917 2.07723
0.730345 3.72376
1.90867 1.19498
1.5388 2.55506
1.73548 1.98807
1.01998 3.44072
1.99567 0.263087
0.520948 3.86192
1.25732 3.11073
1.87799 1.37572
1.58335 2.44377
2 9.87939e-09
1.81032 1.70028
1.91838 1.13104
0.128006 3.9918
1.68224 2.16339
1.18263 3.22576
1.74838 1.94232
1.04141 3.41494
1.4453 2.76487
0.859274 3.61201
0.553551 3.84374
1.64083 2.28709
1.96234 0.772593
1.93693 0.996624
1.14378 3.28132
1.59794 2.40548
1.39628 2.86384
1.41281 2.83122
1.65479 2.24648
1.22049 3.16885
1.47711 2.69677
1.34563 2.95924
1.82213 1.64905
1.12389 3.3087
0.585128 3.82498
1.8563 1.48884
0.645596 3.78587
1.49276 2.66208
0.376989 3.9283
1.79832 1.75047
1.97007 0.689472
0.192021 3.98152
0.930559 3.54066
0.834531 3.63514
1.77371 1.84819
0.953546 3.51611
1.36269 2.92784
0.487181 3.87951
1.42915 2.79824
1.66856 2.20537
1.76113 1.89569
0.99822 3.46615
0.4521 3.89646
0.41548 3.91274
1.10375 3.33571
1.94574 0.925386
1.3889e-07 4
1.50825 2.62693
1.23903 3.13994
1.08324 3.36249
0.674554 3.76562
1.86726 1.43294
1.72242 2.03299
1.32836 2.99029
1.06247 3.3889
0.783542 3.68025
1.9278 1.06505
1.52361 2.59122
1.37957 2.89606
0.757256 3.7022
0.615783 3.80569
1.78611 1.79981
0.245259 3.96981
1.29325 3.05122
0.883497 3.58856
1.99026 0.394353
1.83372 1.59682
0.292692 3.95693
1.88847 1.31709
1.46128 2.73106
1.9841 0.503302
0.976112 3.49125
0.702793 3.74491
1.16337 3.25366
0.809317 3.65787
1.8987 1.25686
1.3109 3.02095
1.69579 2.12067
0.907211 3.56481
1.2017 3.19745
1.55381 2.51846
1.95423 0.850852
1.97734 0.600397
