1.99579 0.259409
0.508134 3.86875
0.965862 3.50263
1.97076 0.68147
1.72602 2.02075
0.660684 3.77545
1.41122 2.8344
1.80103 1.73928
1.68611 2.15132
1.55606 2.5129
1.09559 3.34645
1.64448 2.27655
1.35983 2.93316
1.61576 2.35738
1.95519 0.842005
1.54069 2.55052
1.63022 2.31722
0.124255 3.99227
1.25186 3.11951
1.58627 2.43618
1.50939 2.62431
0.919706 3.55198
1.7129 2.06491
1.15612 3.26398
1.91013 1.1856
1.76433 1.88376
1.75174 1.93019
1.03227 3.42603
1.07478 3.37334
1.67242 2.19364
0.716818 3.73426
1.60111 2.39703
1.73898 1.97581
1.94683 0.916234
1.44466 2.76618
0.988387 3.47741
1.21425 3.17842
1.42803 2.80051
1.81288 1.68935
0.284661 3.95928
1.57125 2.47481
0.474909 3.88559
1.84724 1.53324
4.38412e-06 4
0.367205 3.932
1.11604 3.3193
0.796691 3.66894
1.30671 3.0282
0.942986 3.52748
1.85831 1.47876
1.91974 1.12178
2 1.05203e-08
1.37714 2.90068
1.6996 2.10841
1.23317 3.14915
1.96318 0.764031
1.19512 3.2073
0.822239 3.64633
1.87973 1.36616
0.404602 3.91729
0.186351 3.9826
0.770615 3.69115
1.9845 0.496983
1.13624 3.29179
1.4611 2.73143
1.49347 2.66049
1.83599 1.58636
1.28862 3.05905
1.39429 2.86771
0.896037 3.5761
0.631742 3.79521
0.743998 3.71293
0.87188 3.5999
1.92907 1.05579
0.571605 3.83315
0.540296 3.85128
1.52513 2.58764
1.05371 3.39982
1.27035 3.08948
1.90023 1.24759
1.77676 1.83645
0.689011 3.75514
1.01053 3.45186
1.89009 1.30777
1.97789 0.593111
1.93812 0.987337
1.86914 1.4231
1.78896 1.78842
0.327222 3.9461
1.17574 3.23582
1.82453 1.63839
1.99052 0.389043
0.847278 3.62332
1.47739 2.69617
0.440439 3.9018
0.238218 3.97152
1.65855 2.23536
1.34232 2.96525
0.602051 3.81446
1.32462 2.99692
