2 4.13293e-16 5.35758e-16
1.49594 2.65493 3.27959e-15
0.912511 3.3058 1.97919
1.40992 1.29296 3.78782
1.49599 1.60638 3.1705
1.06595 2.45916 3.48812
1.51548 3.42366e-16 3.91534
0.563232 1.04427 5.53997
1.89714e-16 2.91638 4.10647
0.581279 2.69872 4.07088
0.847465 2.60484 3.77751
1.22058e-11 3.92794 1.13373
1.57658 2.46121 5.86999e-16
1.3333e-11 3.50165 2.90026
0.654912 1.82175 4.96715
1.20911e-11 4 1.94184e-15
0.553979 3.27813 3.00985
1.40993 2.83697 6.15669e-16
0.707792 3.03062 3.29025
1.67753e-16 3.73214 2.15872
0.813502 1.24381 5.15393
1.716 2.05461 5.30267e-16
1.16523 2.6355 2.85515
0.896449 3.57568 5.52838e-16
4.60604e-12 3.83684 1.69618
1.34148 1.83457 3.49731
1.29327 2.70968 2.10397
1.72525 1.09916 2.54816
1.23719 1.61792 4.0416
1.13211 3.29748 5.96149e-16
1.59319 1.77808 2.45809
1.75905 1.42509 1.89269
0.54873 3.65361 1.80418
0.63938 3.43224 2.41145
0.965104 3.71956e-16 5.2552
1.21823 1.43738e-15 4.7585
5.70135e-13 1.15979 5.74225
1.4426 2.52973 1.69448
1.2362 3.1444 6.4373e-16
1.04937 1.82817 4.30924
0.475746 2.36996e-16 5.82778
1.32564 2.99512 6.26039e-16
0.66982 3.71175e-16 5.6535
1.02025 3.4404 3.23628e-15
1.55356 1.07411 3.41794
0.954077 2.81571 3.15739
1.60424 2.49967e-15 3.58296
2.16554e-16 1.95639 5.23337
1.78124e-16 1.71963 5.41723
0.450383 3.89726 6.01639e-16
1.26239 2.2569 3.19323
0.823986 2.03695 4.53363
1.29082 1.08675 4.28331
1.44 2.03376 2.83395
1.9548 4.53508e-16 1.2684
1.12349e-11 3.61559 2.5665
1.03527 2.99261 2.49071
1.28155e-11 3.36573 3.24217
1.89614 1.27227 3.22713e-15
0.833285 6.92316e-16 5.45442
1.02101 1.05825 4.90899
1.78183 1.81667 3.19297e-15
1.76313 3.72695e-16 2.83236
1.83288 1.19459e-15 2.40101
3.17817e-16 2.74994 4.3572
1.8549 1.04863 1.59995
1.94708 0.914064 6.21769e-16
0.792026 3.51153 1.61549
0.583315 1.47422 5.29601
1.32801 1.55809e-15 4.48636
0.946142 2.25561 4.0615
1.66917 1.88913 1.70145
4.6666e-16 3.21995 3.55975
2.81826e-16 2.15981 5.05017
2.64135e-16 2.37385 4.82917
1.15655 2.06925 3.78517
0.55586 2.21687 4.70761
1.43025 4.155e-16 4.19399
0.827039 3.15923 2.71798
1.89759 3.8306e-16 1.89539
0.760133 3.69984 7.33008e-15
2.96855e-12 1.95204e-16 6
0.675931 2.4221 4.32299
7.16114e-13 1.45664 5.58802
0.612882 2.91406 3.676
1.68682 3.54809e-16 3.22361
1.13541 1.29334 4.54246
0.918911 1.60169 4.75691
1.83819 1.57616 1.89426e-15
2.63525e-16 3.07328 3.8404
0.620627 3.80254 6.3702e-16
1.633 1.30976 2.85308
1.21432 2.92777 1.85533
1.09694 9.18554e-16 5.01701
1.36093 2.39617 2.53222
9.79782e-12 2.57317 4.59373
1.64483 2.27554 3.29423e-15
1.53307 2.19655 1.99788
1.08354 3.17247 1.66977
2.74506e-16 0.775055 5.88629
