0.59312 1.73222 5.10711
1.74878e-11 3.37139 3.22892
1.06505 2.34889 3.65747
1.73073 2.00457 5.36368e-16
1.90251 1.2336 3.20395e-15
0.763468 1.8939 4.76274
1.48749 2.2671 2.12647
1.68512e-11 4 4.95497e-16
0.535266 3.41524 2.67912
1.59793 1.40012 2.93406
1.66014 2.23065 3.20761e-15
1.32843e-11 2.561 4.60899
0.554723 1.14625 5.50221
1.25432 2.14127 3.39467
1.60999 2.08827 1.69103
1.40762 2.56452 1.8357
1.92206 3.75077e-16 1.65868
0.574518 2.75709 3.99073
1.81766 3.64122e-16 2.50298
1.96101e-11 3.78054 1.96007
0.417683 3.9118 3.18992e-15
1.43335 2.78964 1.93574e-15
1.05205 3.40187 3.31132e-15
0.78955 3.67511 5.44908e-16
1.2492e-12 0.747136 5.89441
8.76078e-12 1.68893 5.43893
0.927959 2.14859 4.22647
0.590301 2.22484 4.66118
0.977053 2.66058e-16 5.23529
0.60424 2.55782e-16 5.71962
0.905677 1.3645 4.94252
1.50718 1.29334 3.43395
1.1712 2.89834e-16 4.8636
1.15139 3.27066 3.19846e-15
0.512315 3.72115 1.5755
1.42034 3.64266e-16 4.22418
1.50731e-11 2.90588 4.1232
1.85013 1.51924 1.89426e-15
1.32497 1.68546 3.71596
0.785505 3.29509 2.453
1.01362 1.70645 4.49458
1.18395 3.0141 1.71568
1.22814 1.36241 4.27186
1.34261 3.18755e-16 4.4471
1.67418e-11 3.22756 3.54421
1.96554 1.29659e-15 1.10895
0.732968 1.24952 5.25851
1.0073 3.18792 2.00044
1.27281 2.73393 2.1453
7.22264e-12 3.65427 2.44014
1.87263 2.07312e-15 2.10698
5.88277e-12 3.51895 2.85275
1.71259 1.14643 2.578
0.635404 3.55358 1.98833
1.7574 1.47189 1.82462
1.25449 3.11528 1.99369e-15
0.927504 3.54386 5.24167e-16
1.52605 1.92089 2.59587
0.967971 2.72682 3.292
0.881246 3.03488 2.87873
1.34418 2.33966 2.72436
2.01841e-11 3.89119 1.38995
1.63007 4.07641e-16 3.47645
1.14535 1.91425 3.9936
7.3719e-12 1.42116 5.60854
1.75702 3.88416e-16 2.86636
1.61145e-12 2.15771 5.0522
1.56476 4.07572e-16 3.73682
8.34662e-13 1.11744 5.76112
1.42793 1.84028 3.16687
0.6993 2.91172 3.5388
1.49444 4.09331e-16 3.98745
0.612329 3.16624 3.17318
1.5113 2.6199 1.89975e-15
1.79239 1.77464 5.12577e-16
0.862421 3.43951 1.63954
1.83572 1.10691 1.70713
0.439304 2.39243e-16 5.85347
1.10128 1.16868 4.69165
1.44311e-12 1.93225 5.25352
1.41435e-11 2.72664 4.39001
2 2.1927e-15 3.20334e-15
1.3899 1.19839 3.92202
1.58408 2.44189 6.02249e-16
0.743056 2.80102e-16 5.57053
1.35073 2.94994 5.57718e-16
1.65966 1.71558 2.14186
1.07206 3.31374e-16 5.06519
1.08886 2.88336 2.57362
1.17376 2.54746 2.99987
1.22725e-11 2.36595 4.83788
0.623904 3.80039 5.85169e-16
1.2645 1.49939e-15 4.64858
0.850078 2.55327 3.85074
1.94956 0.89264 3.17101e-15
0.673846 2.42571 4.32137
1.69174 3.92623e-16 3.20032
0.867314 4.77164e-13 5.40647
5.11466e-12 2.25676e-16 6
1.59467e-11 3.07427 3.83861
