1.86345 1.45268 3.16613e-15
1.18339 2.35204 3.30892
0.62262 2.48451 4.31536
1.96217 0.774312 5.69308e-16
0.797456 2.86154e-16 5.50242
1.04021 3.51263e-16 5.12462
9.04416e-12 2.53087 4.6463
1.13873e-11 3.18659 3.62666
1.94304 4.16077e-16 1.42177
1.46285 1.56163 3.35463
6.05094e-12 1.69326 5.43589
1.91445 1.15736 6.16279e-16
1.57216 2.13108 1.88055
1.61043e-16 3.71783 2.21358
4.27031e-12 3.92443 1.16075
0.910277 1.63835 4.74374
1.88597 2.10979e-15 1.99697
9.6517e-12 2.7009 4.42566
0.803503 2.06937 4.53369
0.781025 3.51432 1.64972
1.58069 1.27545 3.1389
1.74232 1.96398 5.46128e-16
1.19203e-11 3.33576 3.31113
1.51325 1.89 2.71172
1.09338 3.34934 6.01639e-16
1.67785 4.21421e-16 3.2655
0.64227 1.23202e-15 5.6822
0.9284 3.31296 1.88343
1.53113e-16 3.59414 2.6334
0.593515 1.44446 5.30425
1.63623 1.63331 2.42949
0.444481 3.89997 5.40028e-16
0.87347 3.59836 5.66868e-16
0.553299 2.2112 4.71631
1.60548 4.15e-16 3.57796
1.37785 2.89933 5.85169e-16
1.35194 3.40172e-15 4.42158
8.34392e-12 2.33493 4.87168
1.75237 3.77477e-16 2.89183
1.8209 4.04169e-16 2.48173
1.22093 1.65364 4.05356
1.28581 3.06378 1.89426e-15
0.579139 2.91055 3.73107
1.25 3.73906e-16 4.68374
0.894964 2.31142 4.09516
2.26348e-12 0.761186 5.89036
0.548463 1.04287 5.55389
7.60251e-12 2.12745 5.08098
0.545788 3.64268 1.86105
2.65252e-12 4 5.36368e-16
1.76209 1.35563 1.97998
0.883372 3.07775 2.76833
4.07102e-12 1.1392 5.75152
0.590332 3.23058 3.06286
0.659015 3.39733 2.47431
1.40319 1.30152 3.80369
1.03728 2.74014 3.06965
0.760833 2.95992 3.32832
0.458624 5.0018e-16 5.84012
1.02254e-11 2.86144 4.19254
1.13725 1.31197 4.52627
1.26582 2.524 2.69175
1.1079 2.13321 3.83591
1.35064 2.66713 1.89115
1.80703 1.71422 4.4984e-15
0.609013 3.81004 5.85779e-16
1.53292 2.56917 3.24299e-15
1.02942 1.86386 4.31812
1.24172e-11 3.4748 2.97204
2 4.08413e-16 5.30877e-16
0.992447 3.47278 5.48568e-16
1.18815 3.21764 3.26495e-15
1.29825 1.10113 4.25473
2.28299e-13 1.92154e-16 6
0.725621 2.67653 3.89136
1.44613 2.35499 2.16796
1.01545 1.14536 4.87525
1.1487 1.9297e-15 4.91165
1.22906 2.9504 1.6789
0.96369 2.55658 3.5966
1.67267 2.19287 1.89548e-15
0.742469 3.71416 3.19968e-15
1.84589 1.0497 1.6897
1.04999 3.12276 2.03382
5.12163e-12 1.43316 5.60166
1.69279 1.82214 1.65517
1.37069 2.12808 2.9835
1.30068 1.89198 3.56651
4.16635e-12 3.82889 1.73614
1.703 1.09662 2.68184
6.88453e-12 1.92651 5.25825
1.14012 2.8477 2.4607
1.44726 4.05383e-16 4.14113
0.653341 1.81301 4.9762
1.0824e-11 3.02892 3.91888
1.60491 2.38684 7.2154e-15
0.825336 1.21846 5.15062
0.923339 1.0997e-15 5.32231
1.45749 2.73915 5.40028e-16
1.52831 4.4093e-16 3.87019
