1.97321 0.652536
0.503956 3.87093
1.63616 2.30043
0.603286 3.81368
1.99615 0.248122
1.27627 3.0797
0.692939 3.75224
1.70376 2.09495
1.89836 1.25894
1.25748 3.11046
0.852497 3.61842
1.54837 2.53185
1.07875 3.36826
1.18031 3.22916
0.30466 3.95332
1.75436 1.92066
1.33131 2.98505
0.391093 3.92278
1.69063 2.13709
1.80218 1.73451
1.79048 1.78232
1.87855 1.37265
1.94314 0.947048
1.0147 3.44697
1.59321 2.418
1.46927 2.71385
0.970421 3.49759
1.48554 2.67818
0.468129 3.88888
1.40197 2.85271
0.775601 3.68697
1.43606 2.78405
0.349353 3.9385
1.84705 1.53415
0.721272 3.73083
1.1605 3.25775
0.801822 3.66447
1.95119 0.878268
1.95889 0.806835
1.91714 1.1394
1.62207 2.33999
1.19993 3.2001
1.83613 1.58572
1.1201 3.31383
0.947682 3.52244
1.81368 1.68592
1.72942 2.00909
1.67732 2.17863
1.14045 3.28596
1.99133 0.37215
0.900994 3.57111
1.825 1.6363
0.634065 3.79366
1.65009 2.26027
2 5.70348e-09
1.71668 2.05231
1.96624 0.731872
1.23849 3.1408
1.31316 3.01702
1.50159 2.64214
1.53298 2.56902
1.57845 2.45643
0.255423 3.96725
0.538319 3.85238
0.571396 3.83328
0.827539 3.64153
1.56352 2.49433
0.663958 3.77315
1.86828 1.42764
1.6638 2.21969
1.09955 3.34125
1.29484 3.04854
1.74197 1.96522
0.87702 3.59491
1.9261 1.07732
1.98582 0.475409
1.45278 2.74914
1.88858 1.31648
0.200118 3.97993
1.97976 0.567687
0.748705 3.70915
0.924539 3.54696
1.93477 1.01323
1.41914 2.81854
1.67965e-06 4
1.76657 1.87536
1.34927 2.95261
1.7786 1.82929
1.21932 3.17065
1.05767 3.3949
0.133925 3.99102
1.36703 2.91974
1.03634 3.42111
1.3846 2.88644
1.85777 1.48146
0.430563 3.90621
1.60774 2.37921
0.992735 3.47245
1.51741 2.60574
1.90789 1.19991
