1.89617 1.27204
1.47133 2.70937
1.82145 1.65204
0.558892 3.84065
1.04414 3.41161
0.979204 3.48778
1.98543 0.482011
0.380989 3.92675
0.590456 3.82171
1.72246 2.03286
1.92444 1.08909
1.9792 0.575368
1.38731 2.88123
1.88625 1.32973
1.12652 3.30512
1.99108 0.377333
1.50364 2.63747
1.80983 1.70238
1.78592 1.80056
1.33464 2.97908
0.247831 3.96917
1.1465 3.27752
1.55068 2.52617
1.53519 2.56374
0.419841 3.91087
1.95787 0.816707
1.76118 1.89552
1.48758 2.67365
0.788179 3.67629
1.00122 3.46269
2 1.24146e-07
1.29853 3.04225
1.43828 2.77946
1.63979 2.29005
1.84401 1.54869
1.74849 1.94192
1.06513 3.38555
0.813821 3.65387
1.85496 1.49548
0.193911 3.98115
0.707807 3.74113
1.73557 1.98775
1.45492 2.74461
0.650733 3.78235
0.295785 3.95601
1.93327 1.02461
1.90586 1.21274
1.97251 0.66095
1.16624 3.24954
0.8633 3.60816
0.339808 3.94184
1.35238 2.94692
3.83697e-07 4
1.96538 0.740996
1.99604 0.251584
1.56599 2.48811
1.68195 2.1643
0.911023 3.56092
0.887361 3.58474
1.8761 1.38602
1.20509 3.19234
1.83286 1.6008
1.08586 3.35911
1.79798 1.75188
1.58111 2.44956
0.492181 3.87699
1.86562 1.44145
1.65402 2.24874
1.02286 3.4373
1.51951 2.60083
1.2618 3.10346
1.70917 2.07726
1.6108 2.37093
0.838688 3.63131
1.22421 3.16311
1.95 0.888793
0.621076 3.80224
1.1858 3.22111
1.59605 2.41051
1.10632 3.3323
0.129279 3.99163
0.934104 3.53692
1.91529 1.15183
1.42148 2.81381
0.762052 3.69826
1.31669 3.01086
1.77366 1.84837
1.66807 2.20684
1.2431 3.1335
0.956858 3.51251
1.62537 2.3308
1.36995 2.91426
0.735249 3.7199
1.28027 3.07305
1.40449 2.84774
0.679628 3.76197
1.94181 0.95789
0.456781 3.89428
0.526158 3.8591
1.69565 2.12111
