8.5292e-12 2.62655 4.52523
4.7797e-13 3.78274 1.95053
0.809898 3.2934 2.38579
1.59236 1.68645 2.60388
0.908241 3.39776 1.6125
0.61237 2.56515 4.22138
0.981269 3.48546 6.27869e-16
0.780188 1.35635 5.13639
9.09851e-12 2.80189 4.28207
0.575062 3.83109 6.4495e-16
1.38928 2.87744 1.84362e-15
3.70024e-12 3.39458 3.17379
2.20825e-16 2.21356 4.99753
0.628953 2.81379e-16 5.69559
1.13981 1.46157 4.41599
1.72076 1.30963 2.34349
4.91864e-12 2.42715 4.76919
1.4579 1.88474 2.97965
3.55066e-12 1.75207 5.3938
1.05515 3.16393 1.85914
0.545101 2.29971 4.62885
0.796352 2.15878 4.45047
1.24993 4.03177e-16 4.68392
1.75547 1.6148 1.5485
1.19835 3.20247 3.2802e-15
1.78404 1.80799 6.15669e-16
1.28824 2.08008 3.36582
6.32524e-12 3.12131 3.75223
1.29748 1.25076 4.16281
2.40349e-12 0.783634 5.88373
1.17852 2.45938 3.14495
1.1486 3.39527e-16 4.91188
1.82616 1.12991 1.76456
9.10002e-12 2.96713 4.02385
1.52941 1.33837 3.30423
1.42315 3.7315e-16 4.21565
1.29267 3.05221 6.02249e-16
1.65646 1.89783 1.7892
1.45088 2.45081 1.8815
0.645354 2.80501 3.81424
0.631448 3.18665 3.09246
1.05833 2.78989 2.89941
3.8267e-13 2.25095e-16 6
1.94801 5.11848e-16 1.35922
4.62389e-13 3.65937 2.42286
1.50905 3.9221e-16 3.93762
0.904847 1.73281 4.67711
0.949454 2.63358 3.50448
1.06019 1.21032 4.75268
1.09809 3.34317 6.16279e-16
1.26559 2.62203 2.47298
0.904761 7.82832e-16 5.35095
6.24461e-12 4 4.67436e-16
1.7096 2.07585 5.46128e-16
1.01907 1.97825 4.22471
2.01372e-11 3.89094 1.39152
1.03188 8.20082e-16 5.13974
0.873232 2.41726 3.99877
2 4.32813e-16 5.55278e-16
0.774748 3.06554e-16 5.53154
0.957187 1.06883 5.01834
1.33751 2.75758 1.67038
1.37208 2.28296 2.70736
1.09534 2.24932 3.71729
3.88077e-12 1.17187 5.73673
0.647657 1.90182 4.90783
0.854135 3.61688 5.46128e-16
0.519901 3.70114 1.65704
1.72802 4.87957e-16 3.02087
1.7899 4.91875e-16 2.677
0.549283 3.42735 2.6181
0.384545 3.92537 5.51618e-16
1.84822 4.99017e-16 2.29277
1.3757 1.63546 3.59846
1.85197 1.51024 6.3641e-16
1.21021 1.80855 3.93182
0.723094 3.72942 5.69918e-16
0.457576 2.67711e-16 5.84086
1.14704e-11 3.53235 2.81526
0.525055 1.60904 5.26247
1.95928 0.803033 5.83339e-16
1.58993 1.16553e-15 3.63993
0.766578 2.94853 3.33917
1.90791 1.19977 1.91195e-15
0.601596 1.13225 5.46427
4.50785e-12 1.46978 5.58027
1.48011 2.69019 5.46128e-16
1.90117 4.0973e-16 1.86274
1.17268 2.93246 2.06757
1.63365 2.30754 1.90768e-15
2.00874e-11 3.26213 3.47227
0.93277 3.05474 2.67838
2.53706e-13 2.00724 5.18987
1.66114 1.94722e-15 3.34149
0.67648 3.53833 1.92661
1.55898 2.50566 9.91165e-15
1.64437 1.16579 2.93368
1.53655 2.13433 2.1217
1.44489 1.11286 3.79791
1.33925 3.92765e-16 4.45621
