1.25711 2.89829 1.69615
1.36507 2.01058 3.18337
2.08862e-12 1.69963 5.43142
0.642939 3.08644 3.29332
2.89902e-12 2.74118 4.36959
4.95936e-12 4 5.01597e-16
0.934484 2.49827 3.75468
1.78032 1.26314 1.97085
1.48194 2.68615 5.48568e-16
6.75102e-12 3.82805 1.74027
1.0867 1.35386e-15 5.03703
1.27623 1.82415 3.72213
1.70588 2.08805 5.66258e-16
0.450529 3.89719 6.4617e-16
1.47216 4.57233e-16 4.06137
1.00575 1.57413 4.61745
6.92024e-12 3.92402 1.16389
0.884527 1.38462 4.96436
5.8885e-12 3.33894 3.30391
1.15774 1.68869 4.18574
0.619718 3.80313 5.24777e-16
1.94715 3.18875e-10 1.37025
1.36987 1.25884 3.94279
0.752082 9.99212e-16 5.55962
1.5838 1.19962 3.19158
1.21276 3.1807 5.74798e-16
0.989898 3.79263e-16 5.21353
1.36329 2.60001 2.01565
1.11679e-12 2.3582 4.84639
0.949342 2.93792 2.91002
1.52002 1.78018 2.84175
1.76824 1.23605e-15 2.80353
1.17264 2.27142 3.46636
1.8404 1.56578 5.55888e-16
1.95682 0.82665 6.12009e-16
1.45601 1.45296 3.48861
1.00739 3.45553 3.23018e-15
1.7761 1.839 5.01597e-16
0.671846 2.04686 4.74457
0.605369 3.30777 2.84319
1.34203e-16 1.34203e-16 6
1.05617 2.63682 3.21196
1.64071 2.28743 5.72358e-16
5.37986e-12 3.05046 3.88112
6.57013e-12 3.72546 2.18452
0.768604 2.83733 3.54538
0.443798 3.14215e-16 5.85042
1.71053 1.08298 2.65099
0.892718 3.57942 1.84728e-15
1.2104e-12 2.55589 4.61538
1.44149 2.21438 2.50322
0.856221 3.18774 2.55699
0.763701 3.6969 1.94489e-15
1.29781 4.35882e-16 4.56521
1.11494 1.07104 4.71499
1.62657 3.98671e-16 3.49121
1.50886 2.37191 1.68867
1.09001 3.06082 2.0561
1.19589 3.88629e-16 4.80923
1.90224 1.23528 6.4373e-16
1.24004 1.19446 4.35322
0.977417 3.28748 1.75643
1.27315 2.43254 2.84572
0.728521 1.25102 5.26326
0.611149 3.02989e-16 5.71301
0.591711 3.65457 1.67275
4.58626e-14 0.752043 5.893
1.31189 3.01924 5.86999e-16
1.72166 1.7136 1.64799
1.89366 5.25933e-16 1.93039
0.783158 3.44255 1.95319
1.83264 2.13153e-15 2.40266
0.56533 2.43229 4.45113
0.918935 1.94176 4.4628
1.86361 1.01715 1.55401
4.26427e-12 3.47042 2.98352
1.98254e-16 2.16823 5.04205
0.8194 2.3101 4.23674
6.77416e-13 1.43023 5.60335
0.593105 1.75576 5.089
2.05526e-12 1.94328 5.24435
1.11362 3.32256 5.48568e-16
1.42743e-16 1.12435 5.75809
1.64882 1.5662 2.45221
1.56387 2.49345 5.58938e-16
2 3.99873e-16 5.22337e-16
1.05987 2.11254 3.98106
1.69821 3.89755e-16 3.16934
3.38243e-12 3.19827 3.60347
1.3895 2.97657e-16 4.31552
0.524899 3.51982 2.37586
1.55004 1.09412e-15 3.79163
1.17263 2.76502 2.53426
1.4045 2.84772 5.67478e-16
0.877998 1.1649e-15 5.39093
0.555752 1.14936 5.49981
0.642882 2.68889 4.00157
6.35532e-12 3.60366 2.60397
1.76299e-13 2.90036 4.13193
1.59569 2.01622 1.98427
