0.92481 3.54668
0.52044 3.8622
1.03494 3.4228
1.9008 1.24414
1.85911 1.47475
1.8255 1.6341
1.66009 2.23079
1.77785 1.8322
1.88044 1.36228
1.17773 3.23293
2 6.28429e-09
2.06977e-07 4
1.95536 0.840375
1.32791 2.9911
0.753716 3.70508
0.878259 3.5937
1.05605 3.39691
0.245235 3.96982
1.63207 2.31202
1.52858 2.57949
1.34579 2.95896
1.79007 1.78399
0.829944 3.63934
1.99055 0.388487
0.451943 3.89654
0.727219 3.72621
1.21649 3.175
1.76547 1.87947
0.128044 3.99179
0.376952 3.92831
1.61783 2.3517
1.23552 3.14547
0.779668 3.68354
1.67385 2.18928
1.93839 0.985214
1.98455 0.496292
1.11792 3.31678
1.75289 1.92599
1.19724 3.20413
1.39818 2.86013
0.643547 3.78727
1.84812 1.52901
1.57402 2.46775
0.29267 3.95694
0.672125 3.76736
0.336228 3.94307
1.58879 2.42961
1.72722 2.01663
1.13806 3.28927
1.92016 1.11892
0.969851 3.49822
1.71411 2.06091
1.38093 2.89347
1.70088 2.1043
1.74015 1.97169
1.29161 3.05401
1.9958 0.259054
1.55906 2.50546
0.901741 3.57036
1.64615 2.27173
0.614176 3.80672
1.86989 1.41917
0.947506 3.52263
0.805041 3.66164
1.51303 2.61591
1.97086 0.680314
1.44871 2.75772
1.158 3.26131
0.191975 3.98153
1.30981 3.02284
1.68745 2.14709
0.991851 3.47346
1.09751 3.34393
1.94704 0.914377
0.699979 3.74701
1.81388 1.68503
1.60338 2.39095
1.83692 1.58207
0.584097 3.82561
1.25443 3.11539
0.85434 3.61669
0.486946 3.87963
1.46511 2.72282
1.2731 3.08494
0.552796 3.84417
1.41524 2.82637
1.36346 2.92642
1.54393 2.54267
1.07694 3.37058
1.01353 3.44834
1.80207 1.73497
0.415403 3.91277
1.97795 0.592309
1.43208 2.79224
1.96331 0.76262
1.91061 1.1825
1.48132 2.68752
1.92942 1.05326
1.89074 1.30399
1.49727 2.65193
