1.72868 2.01164
1.37011 2.91396
0.704092 3.74393
0.887673 3.58443
1.15036 3.27211
1.66154 2.22645
1.99591 0.255799
1.92175 1.10794
1.24594 3.12899
0.243855 3.97016
1.67531 2.18479
1.70238 2.09943
1.80374 1.72803
1.82728 1.6261
1.57593 2.46287
1.22734 3.15826
1.91232 1.17139
1.4689 2.71465
3.20423e-06 4
1.16999 3.24415
1.76699 1.87375
1.68888 2.14259
0.584923 3.82511
1.84997 1.52003
0.981385 3.48533
0.911869 3.56005
1.81561 1.67755
2 4.29436e-08
1.2643 3.09939
0.958596 3.51061
1.98493 0.490164
1.71559 2.05596
0.520154 3.86235
0.291254 3.95736
1.83873 1.57363
1.93974 0.974477
1.60508 2.3864
1.99078 0.38361
0.646116 3.78552
1.5611 2.50037
1.33562 2.97732
1.35295 2.94586
1.9564 0.83064
1.64765 2.26737
1.1304 3.29981
0.414104 3.91332
1.79168 1.77751
1.97849 0.585112
1.45294 2.7488
1.75439 1.92052
1.38707 2.88169
0.486137 3.88004
1.06875 3.38099
0.863103 3.60835
1.20847 3.18722
1.40384 2.84903
1.00382 3.45968
1.8823 1.35198
1.43676 2.7826
1.51578 2.60953
1.0258 3.43379
1.18934 3.21587
0.786255 3.67794
1.96418 0.75367
0.190895 3.98174
1.53105 2.57363
1.54615 2.53726
1.28244 3.06942
1.97156 0.672162
1.08959 3.35428
0.759524 3.70034
1.31808 3.00843
0.838049 3.6319
1.77941 1.82615
0.127196 3.9919
1.89257 1.29335
1.9309 1.04238
1.50034 2.64499
0.553064 3.84402
1.63359 2.3077
0.375471 3.92888
1.74164 1.96641
1.04745 3.40755
0.675446 3.76498
1.90258 1.23317
0.732114 3.72237
1.11013 3.32723
0.812403 3.65513
0.45096 3.89699
0.935468 3.53548
1.4847 2.68005
0.334744 3.94358
1.94825 0.904024
1.86098 1.46528
1.6194 2.34736
0.615903 3.80561
1.87176 1.4093
1.59056 2.42497
1.4204 2.816
1.30037 3.03911
