1.71089 1.27084 2.45394
0.546088 1.02759 5.56239
0.551703 3.65082 1.80872
1.31851 2.4453 2.62678
1.65358 1.7936 2.03787
1.24831 2.21651 3.30475
1.82475 1.1233 1.78703
1.85993 1.47059 6.4373e-16
1.85161 3.8597e-16 2.26802
3.73586e-12 1.41399 5.61261
1.79444 4.2167e-16 2.64948
1.06175 2.42063 3.55955
0.678196 2.40142 4.3457
1.06128 1.72537 4.37781
1.42912 2.7983 1.92049e-15
0.602454 2.73436 3.98883
1.34525 3.31889e-16 4.4399
1.33129 1.72395 3.65541
6.05074e-12 2.29026 4.91916
1.46318 2.36921 2.02542
5.29525e-12 1.89743 5.282
0.580354 2.14394 4.75675
1.25154 1.40928 4.17541
1.15756 1.97835 3.89027
2 4.17563e-16 5.40028e-16
1.72893 2.01078 4.51731e-15
1.94919 3.8511e-16 1.34384
1.10114 3.13923 1.70712
1.9843e-13 3.4957 2.91636
1.04649 3.03231e-16 5.1131
0.783181 3.49931 1.71114
1.59275 3.37188e-16 3.62883
2.53557e-13 1.63627e-16 6
0.644038 3.41043 2.46925
0.92141 3.55021 5.52228e-16
1.54333e-16 4 5.21727e-16
5.82782e-12 2.08829 5.11741
1.59822 2.13535 1.65883
1.49292 1.35213 3.43906
0.840256 1.14373 5.16744
7.78602e-12 2.94707 4.05688
0.846791 1.94351 4.58779
2.78166e-16 1.12578 5.75746
0.946882 2.20661 4.1201
0.822248 3.12186 2.82606
7.80553e-12 2.79696 4.28932
1.75847 1.57455 1.60991
0.667446 2.96725 3.49004
1.79737 1.75438 5.56498e-16
0.84469 2.59391 3.79996
1.65768 2.23793 4.93667e-16
0.968456 1.37814 4.82551
8.88373e-12 3.36257 3.24955
1.96132 0.782897 5.80898e-16
6.92101e-12 2.48001 4.7076
1.25755 3.11034 5.63208e-16
0.643302 3.78743 3.22225e-15
0.641955 2.5308e-16 5.68252
1.37234 2.66968 1.73607
1.50344 2.0465 2.49673
1.73602 4.74296e-16 2.97929
1.04091 3.41556 6.6508e-16
0.935828 2.8028 3.23152
1.03672 2.97328 2.53693
1.26417e-11 3.92707 1.1405
0.790121 3.67462 5.60768e-16
0.919903 3.28203 2.03659
0.685545 1.73518 4.99958
1.51171 2.61895 3.2314e-15
1.414 1.93458 3.09589
2.78166e-16 0.752341 5.89292
1.43647 4.57743e-16 4.17479
0.458008 3.88547e-16 5.84055
0.797681 1.00992e-15 5.50212
1.62422 1.10983 3.07988
1.56905 1.62844 2.80647
8.1608e-12 3.08895 3.812
4.6613e-12 1.67026 5.45188
0.464951 3.89041 5.50398e-16
1.24739 3.60165e-16 4.69001
1.14271 3.15016e-16 4.92421
1.54333e-16 3.22013 3.55938
1.5813 2.44908 5.52228e-16
1.66687 3.94457e-16 3.31569
1.91242 1.17071 8.49337e-15
1.22644 2.846 2.05867
1.3929 1.15248 3.94336
1.20034e-11 3.7289 2.17127
1.16306 1.15186 4.56513
1.14808 2.63795 2.91202
0.601827 1.40282 5.32094
7.36376e-12 2.63866 4.50936
1.15313 3.26821 6.22379e-16
1.90343 3.88656e-16 1.84188
1.34105 2.96755 1.8967e-15
0.927591 3.24662e-16 5.31565
1.00772e-11 3.61096 2.58113
3.12936e-16 3.83498 1.70563
0.563824 3.2476 3.06731
1.52218 3.32817e-16 3.89187
