0.507051 3.72873 1.55027
1.77092 1.85888 1.86193e-15
0.721086 3.27645 2.67699
0.850473 2.03335 4.49306
2 3.53512e-16 4.75976e-16
1.5616 1.8994 2.43624
1.12204 3.3112 5.86389e-16
1.64905 3.73974e-16 3.39493
1.37515 2.60354 1.93111
0.70389 2.9026 3.54746
0.749698 6.36419e-16 5.56252
0.821033 1.29805 5.11293
1.11202e-11 2.94599 4.05865
1.75398 1.2303 2.21499
0.989821 3.16845 2.14346
1.48307 1.75266 3.04843
1.51385 3.47656e-16 3.92102
1.32073 2.05159 3.29101
1.71087 1.91635e-15 3.10746
0.992644 2.18543 4.04793
1.48586 2.67748 5.92489e-16
1.08836 2.86864 2.61223
1.49936 2.34553 1.84087
9.21119e-17 9.21119e-17 6
1.64272 1.37127 2.7354
1.17953 1.23689 4.47617
0.897306 3.57482 6.12009e-16
2.84876e-16 1.73396 5.40695
1.41409 1.46583 3.62888
0.882446 2.55445 3.78285
1.22712 3.15859 6.5288e-16
0.608095 3.81063 5.61988e-16
1.22351 1.87886 3.81896
0.569587 2.23944 4.66863
1.70698 1.68383 1.84298
0.86981 3.02039 2.94358
1.82179 3.35957e-16 2.47584
0.55706 3.46793 2.47941
0.996222 2.70695 3.25282
1.34016e-11 3.5504 2.7637
1.92045 1.22712e-15 1.67534
1.83047 1.61168 5.86999e-16
1.70591 2.08794 5.60768e-16
1.56282 2.49608 5.82118e-16
0.676922 3.56028 1.83192
8.26853e-12 2.19052 5.02032
3.08699e-12 0.773771 5.88667
0.620436 1.10949 5.45581
0.769742 3.69188 4.82076e-16
1.19713 1.4185e-15 4.80644
0.603727 7.97426e-16 5.72011
0.407032 3.91629 5.63818e-16
2.84047e-12 4 1.82166e-15
1.55346 1.22254 3.30426
1.16435 3.04208 1.72522
1.09593 3.27587e-16 5.019
1.89158 1.29913 6.28479e-16
1.28485 3.56823e-16 4.59809
1.03145 1.115 4.86083
1.22027 2.49631 2.92872
1.09828 1.74574 4.27633
1.96485 4.01058e-16 1.11992
1.01397 3.44782 5.74798e-16
1.32537 2.9956 6.6935e-16
2.15334e-16 3.26232 3.47187
1.38808e-11 3.67738 2.36072
0.667433 1.84932 4.92908
1.12182 2.32837 3.5321
1.23727e-11 3.10139 3.7892
0.886436 3.38312 1.78203
1.84555 1.1217 1.58572
9.59341e-12 2.40472 4.79468
0.441207 2.33376e-16 5.85218
2.06537e-11 3.79437 1.89901
1.94529 0.92918 6.27869e-16
1.76831 4.3799e-16 2.80318
0.879552 3.55989e-16 5.38864
0.606961 2.72645 3.99486
1.44261 9.58842e-16 4.15569
2.36075e-16 3.89705 1.35249
5.79942e-12 1.45368 5.58975
2.15944e-16 3.41186 3.13182
0.699419 2.4266 4.28352
0.986915 7.11644e-16 5.21862
4.37112e-12 1.15798 5.74308
9.83082e-12 2.60437 4.55399
0.943253 1.61202 4.70591
1.87354 3.91706e-16 2.09969
1.6182 2.05631 1.70846
1.36752 9.27279e-16 4.37823
0.57045 3.1613 3.25349
1.63655 2.29931 3.17101e-15
2.61695e-16 1.98779 5.20668
1.58333 3.75076e-16 3.66573
1.31584 1.31542 4.06497
0.544403 1.57651 5.26693
1.2578 2.755 2.16423
1.76904e-16 2.78043 4.31343
1.40783 2.84113 3.16674e-15
1.40688 2.22683 2.65124
