0.785231 3.67881
1.06657 3.38374
1.63119 2.31448
1.97295 0.655668
0.523145 3.86074
0.294179 3.95649
1.17046 3.24346
1.60198 2.39471
1.24894 3.1242
1.46132 2.73096
1.49386 2.65961
2 1.19923e-07
0.378801 3.9276
1.2102 3.1846
1.86786 1.42984
1.84659 1.53635
0.95573 3.51373
1.55676 2.51116
0.909106 3.56288
1.94272 0.950479
1.93432 1.01665
0.67642 3.76428
1.88813 1.31902
1.83563 1.58803
1.65965 2.2321
1.1502 3.27233
0.647562 3.78453
1.71407 2.06102
0.192968 3.98134
1.67354 2.19021
0.932599 3.53851
0.55577 3.84246
1.97954 0.57063
1.58709 2.43404
0.454146 3.89551
0.48934 3.87843
1.68724 2.14777
1.2679 3.09349
1.96592 0.735304
1.65632e-06 4
1.61668 2.35486
1.72715 2.01686
1.54131 2.54901
1.35915 2.93443
1.81303 1.68868
1.98566 0.478119
1.91664 1.14281
0.732023 3.72244
1.89788 1.26185
0.704553 3.74358
1.76522 1.88043
0.587288 3.82366
0.337932 3.94249
1.19046 3.21423
1.39401 2.86826
0.836195 3.63361
1.95078 0.881955
1.64552 2.27357
1.28664 3.06238
0.885256 3.58682
1.87813 1.37498
1.22971 3.15457
1.30514 3.03091
1.92563 1.08063
1.08786 3.35652
0.978511 3.48856
1.47767 2.69554
1.32338 2.99911
0.860948 3.61041
1.85735 1.48357
1.50984 2.62328
0.128622 3.99172
1.10887 3.3289
0.810977 3.6564
1.42805 2.80048
0.246493 3.9695
0.417426 3.91191
1.02313 3.43698
1.74005 1.97204
1.82444 1.63881
1.44479 2.76591
1.52567 2.58638
0.758945 3.70081
1.77749 1.8336
1.75273 1.92657
1.34137 2.96697
1.95852 0.810387
1.00097 3.46298
0.617873 3.80433
1.80141 1.73774
1.12967 3.30082
1.37669 2.90154
1.57201 2.47287
1.78955 1.78608
1.9961 0.249601
1.70075 2.1047
1.9074 1.20307
1.41113 2.83459
1.99122 0.374325
1.04499 3.41057
