1.15361 3.53561e-16 4.90128
1.86943 2.13943e-15 2.13237
0.911116 2.35165 4.0107
0.92447 3.16959e-16 5.32055
1.1893 1.74807 4.04903
1.34061 2.46733 2.47536
0.792604 2.55059e-16 5.50872
1.24895 2.81902 2.0201
1.76439 1.88353 5.42468e-16
0.598794 1.96019 4.912
4.84311e-13 0.755009 5.89215
0.757353 3.13004 2.96549
0.633706 3.34096 2.69652
0.537102 2.28704 4.65134
1.5221 1.6745 2.97323
1.36643e-16 1.36643e-16 6
1.52291 2.26067 1.90464
0.793342 2.14358 4.47178
2 4.56604e-16 5.79068e-16
1.0317 2.97202 2.55859
2.28471e-12 1.71458 5.42084
1.01299 1.92798 4.28965
2.49909e-12 3.89746 1.34981
1.25149 2.30098 3.16091
0.93455 3.23789 2.13323
1.6637 1.35979 2.63223
1.2375 1.20884 4.3508
1.4697 2.71293 5.85169e-16
2.21181e-12 3.44929 3.03817
2.33635e-16 1.4405 5.59742
1.52356e-12 2.37583 4.82697
1.33442 4.24505e-16 4.46921
0.867492 1.72052 4.75044
1.38097 2.89338 5.69308e-16
0.911192 2.83992 3.22194
1.34664e-11 3.18733 3.62519
0.730097 3.72395 5.71138e-16
1.086 1.37492 4.59695
1.77009 1.21813 2.11247
1.33309 1.44645 3.91132
0.46463 7.83731e-16 5.83584
1.96385 4.57667e-16 1.13561
1.94555 0.927045 5.79068e-16
1.49172 3.87037e-16 3.99663
0.648155 1.58712 5.15281
2.29347e-12 3.57667 2.6864
1.29641 3.04586 5.77848e-16
0.821701 3.43995 1.81616
0.862765 3.60868 3.207e-15
1.82942 1.61646 5.90659e-16
1.15008 2.66648 2.84572
1.81532 4.28497e-16 2.51823
0.734412 2.72211 3.8044
0.55311 3.67935 1.66941
1.60655e-11 3.80251 1.86202
7.65463e-12 1.93834 5.24846
0.542397 1.19109 5.49183
1.12893 3.09694 1.7175
1.70262 4.18356e-16 3.14796
1.71795 1.69822 1.71726
0.949204 1.19597 4.96718
0.578363 3.52748 2.23437
0.580157 3.82801 6.24819e-16
1.22667e-11 2.90337 4.12717
1.91821 4.41707e-16 1.69832
1.02795 2.52378 3.4869
1.55288 2.52077 1.80096e-14
2.36935e-12 3.69512 2.29754
0.643573 2.54499e-16 5.68087
1.85148 1.10428 1.55065
1.43964 2.09984 2.72507
0.979553 3.48739 5.64428e-16
1.56247 4.03022e-16 3.74543
1.45972 1.28435 3.62098
1.60433e-16 1.12865 5.7562
1.01769e-11 2.57708 4.58879
1.35768 1.87235 3.39449
1.19569 3.20645 3.21554e-15
1.24707 3.71107e-16 4.69076
1.40174e-11 3.31775 3.3516
0.625636 2.99659 3.50332
0.627587 2.53889 4.23696
1.58512 1.13801 3.23615
1.3853e-12 2.16022 5.04978
1.08752 3.35696 3.48273e-15
1.14017 2.14314 3.73708
1.04487 2.81073e-16 5.11608
1.41354 2.59455 1.69433
1.28828e-11 3.0492 3.88334
1.63489 3.61869e-16 3.45606
1.75838 4.59954e-16 2.85885
0.777307 1.10693 5.27306
1.69372 2.12727 5.83949e-16
1.8913 1.30072 5.80898e-16
0.388067 3.92398 6.04079e-16
1.62556 2.33029 1.91439e-15
1.41692 1.04616e-15 4.23451
1.81174e-16 2.74487 4.36437
1.60416 1.90522 2.16169
1.39512e-11 4 5.91269e-16
