1.38168 3.58921e-16 4.33805
1.19067 3.21391 1.82532e-15
1.10602 8.67575e-16 4.99905
1.01621 3.25759 1.68201
1.07369 2.75997 2.913
0.580843 3.64549e-16 5.74139
0.6843 2.76217 3.82348
0.862173 1.45859e-15 5.41386
1.61695 2.35412 5.67478e-16
0.526397 1.11879 5.53984
2.17327e-12 3.9188 1.2028
1.17907 1.2452 4.47207
2.05314e-12 3.70211 2.27209
0.628229 2.2875 4.54692
1.83406 1.15054 1.65755
0.834441 3.36184 2.0746
0.549763 1.75786 5.131
1.57482 2.18349 1.71826
2 4.44403e-16 5.66868e-16
1.54104 4.95559e-16 3.8245
1.866 1.43952 6.4861e-16
1.15593 1.77434 4.10984
1.2917 3.19842e-16 4.58077
1.91856 1.12983 6.3641e-16
0.922828 3.09751 2.59765
1.30909 1.15502 4.19225
1.17486 2.39054 3.27403
0.582581 3.44607 2.49513
1.06766 2.19543 3.85955
5.53788e-12 2.14935 5.06021
0.656235 3.77855 6.13229e-16
0.951848 1.93134 4.41057
1.61161 1.11193e-15 3.5531
9.86897e-12 4 5.90049e-16
0.959135 2.58562 3.56067
1.70295 1.16817 2.61326
9.83239e-12 3.81619 1.79791
1.37224 1.43367 3.79842
0.664487 3.22524 2.93619
1.44173 1.74835 3.22723
1.91085e-12 0.939845 5.83203
1.80777 3.99511e-16 2.56668
1.96401 0.75547 3.20822e-15
0.846798 2.38412 4.09358
1.95209 4.13525e-16 1.30548
1.03195 1.39271 4.69591
1.20173 3.83244e-16 4.79611
0.388609 5.37928e-16 5.88565
1.74541 3.83945e-16 2.92949
1.90886 1.38099e-15 1.79059
0.818883 3.64935 5.82729e-16
1.69815e-12 3.06201 3.8606
9.25599e-12 3.59247 2.63854
0.564345 2.58992 4.24752
1.8607 3.55363e-16 2.2
0.730031 3.25478e-16 5.58601
1.36898 2.66481 1.77633
0.596238 3.03092 3.48295
1.51369 1.21835 3.4697
1.44573e-16 3.34576 3.28835
1.37552 2.90376 5.91269e-16
1.28592 3.0636 1.96685e-15
1.74802 1.94363 6.29699e-16
1.07714 3.37033 5.74188e-16
1.45987 2.73408 5.60768e-16
1.68957 2.14043 6.4007e-16
0.691517 2.01006 4.75452
0.849841 2.91214 3.2278
7.30728e-13 1.31742 5.66524
9.0774e-13 1.63648 5.47488
1.53928 2.55392 4.50877e-15
1.77926e-12 3.20821 3.58353
0.688391 3.56856 1.75562
1.27188 1.96346 3.57307
1.57383e-16 2.53765 4.63797
1.2723 2.55712 2.59206
1.05651e-12 1.90489 5.27595
1.59515 1.41963 2.92656
0.825397 1.61395 4.89975
0.527536 3.72998 1.48043
1.7558 1.4505 1.87631
1.6535 1.77918 2.06664
1.44938 2.37161 2.10674
9.26042e-13 2.34966 4.85572
0.98932 2.9867e-16 5.21452
1.46616 1.07222e-15 4.08087
8.94924e-12 3.4734 2.97572
0.954078 3.51553 4.54476e-15
7.15325e-15 1.7766e-16 6
1.10925 3.00072 2.16014
1.61194e-12 2.90635 4.12244
1.23754 2.88571 1.8655
0.915332 1.08708 5.07943
7.02857e-12 2.72793 4.38821
1.36142 2.1892 2.92154
1.8075 1.71223 3.29545e-15
0.462305 3.89167 7.27302e-16
1.6781 4.00102e-16 3.26434
1.52 1.95415 2.57185
0.686499 1.29875 5.28803
