0.873366 3.59846
0.357051 3.93574
0.3184 3.94899
1.99589 0.256433
0.121058 3.99267
1.78072 1.82102
1.82827 1.62163
1.79295 1.77239
0.462044 3.89179
1.45706 2.74005
0.69722 3.74907
0.849385 3.62135
1.47402 2.70354
0.64273 3.78782
1.25742 3.11056
1.64644 2.2709
1.90264 1.23284
1.27655 3.07923
1.38729 2.88127
1.97144 0.673615
0.614594 3.80645
0.800394 3.66572
8.54743e-06 4
1.0105 3.45189
0.897084 3.57505
1.89274 1.29235
1.74276 1.96245
0.181641 3.98347
1.07524 3.37275
1.60198 2.39471
1.88259 1.35036
0.670248 3.7687
1.50728 2.62915
1.43994 2.77603
1.70275 2.09823
1.4226 2.81155
0.58571 3.82463
0.920417 3.55124
1.49075 2.66658
1.93077 1.04333
1.86156 1.4623
1.92166 1.10855
1.15832 3.26086
1.0963 3.34552
1.94808 0.905479
1.71632 2.05354
1.57128 2.47473
1.35123 2.94902
1.72966 2.00825
0.775306 3.68722
1.03237 3.42591
1.55561 2.51403
0.232122 3.97297
1.63183 2.3127
1.31428 3.01507
1.66085 2.22853
1.23797 3.14162
1.13787 3.28953
1.83959 1.5696
1.80493 1.72303
1.8722 1.40694
0.428642 3.90705
1.85069 1.51652
0.277019 3.96144
0.556131 3.84225
1.96404 0.755117
1.58675 2.43492
1.05386 3.39963
1.81671 1.67281
0.825016 3.64382
0.943327 3.52711
1.98486 0.491249
1.36938 2.91533
1.93958 0.975728
0.525742 3.85932
1.19853 3.20221
1.75565 1.91591
1.5236 2.59126
1.17854 3.23174
1.76829 1.86886
1.29553 3.04737
1.9784 0.586261
0.965969 3.50252
1.33286 2.98227
0.988398 3.4774
1.53971 2.55287
0.749739 3.70831
1.91228 1.17161
1.95624 0.832124
1.40505 2.84664
1.99074 0.384516
1.617 2.35398
1.68899 2.14225
1.67503 2.18567
1.21832 3.17219
2 1.00959e-07
0.723748 3.72891
0.494281 3.87592
1.11721 3.31774
0.393688 3.92174
