0.551832 3.84473
1.93465 1.01418
1.47699 2.69704
1.77232 1.85352
0.951934 3.51785
0.291006 3.95743
1.34316 2.96374
1.97634 0.613475
1.42808 2.80042
0.905845 3.5662
1.25403 3.11603
0.127234 3.9919
0.413348 3.91364
0.673165 3.76662
1.55498 2.51559
1.80808 1.7098
1.91568 1.14921
1.45466e-06 4
1.7477 1.94478
0.334502 3.94366
1.44456 2.76641
1.37761 2.89978
1.70956 2.07596
1.87492 1.39239
1.96881 0.703687
1.50873 2.62581
0.375034 3.92905
1.6282 2.32291
1.3081 3.0258
1.99546 0.269243
1.36048 2.93196
1.83102 1.6092
0.190786 3.98176
1.21713 3.17402
1.89573 1.27467
0.974293 3.49328
1.16013 3.25829
1.88541 1.33452
1.3946 2.86712
0.80807 3.65897
1.64223 2.28304
0.929118 3.54217
1.10095 3.3394
1.6832 2.1604
0.756039 3.70319
0.996273 3.4684
1.90587 1.21271
1.52433 2.58954
1.96082 0.787902
1.79627 1.75887
1.95243 0.867234
1.98338 0.514615
1.29021 3.05637
0.858001 3.61322
1.72246 2.03288
1.49294 2.66167
2 8.80446e-09
1.61397 2.36228
1.76006 1.89968
1.12099 3.31263
0.64409 3.7869
0.782327 3.68128
1.06004 3.39194
1.58486 2.43985
0.243817 3.97017
1.53975 2.55279
1.46086 2.73196
1.08064 3.36584
1.98979 0.403612
0.882161 3.58987
1.69647 2.11848
0.485267 3.88047
1.41144 2.83397
1.65608 2.24266
1.66972 2.20185
1.73517 1.98916
1.14069 3.28562
1.85332 1.50363
1.57002 2.47793
1.8196 1.6602
1.3257 2.99501
1.92531 1.08291
1.59952 2.40129
1.01788 3.4432
0.450082 3.8974
0.583482 3.82599
1.78438 1.80666
1.19836 3.20245
1.86422 1.4487
1.23568 3.14521
0.729131 3.72471
1.94373 0.94219
0.519165 3.86288
1.27222 3.08639
0.833267 3.6363
1.17937 3.23053
0.614214 3.8067
1.03912 3.41774
0.701541 3.74585
1.84226 1.55702
