1.83912 1.5718
1.80549 1.72069
1.69478 2.12389
1.33814 2.9728
1.99621 0.246106
1.62782 2.32396
0.591892 3.82082
1.45264 2.74943
1.42107 2.81466
1.82812 1.62233
1.40498 2.84678
1.96683 0.725462
0.687331 3.75637
1.77012 1.86192
1.98009 0.562946
1.78209 1.81566
1.89073 1.30408
0.446778 3.89892
0.978663 3.48839
0.881046 3.59097
1.97366 0.647017
0.906263 3.56577
0.930777 3.54043
1.75796 1.90743
1.04685 3.40829
1.06857 3.38121
1.35524 2.94165
1.15209 3.26967
0.316087 3.94973
1.58596 2.43699
1.60005 2.39987
1.90958 1.18914
1.0901 3.35362
1.55742 2.50955
1.81691 1.67192
1.99146 0.369152
1.92743 1.06773
0.855327 3.61575
1.49854 2.64906
1.54289 2.54519
1.46815 2.71627
1.32073 3.00377
0.656493 3.77837
1.57178 2.47347
1.95204 0.870733
1.90032 1.24708
1.23006 3.15401
1.9596 0.799896
1.655 2.24585
1.70774 2.08193
0.954999 3.51453
2 1.23322e-07
1.00176 3.46207
1.73316 1.99615
0.405914 3.91675
1.24872 3.12455
1.64149 2.28519
1.88085 1.35999
1.98605 0.471652
1.21106 3.18328
1.68165 2.16522
1.13174 3.29798
1.43695 2.78221
0.557997 3.84117
1.74563 1.95219
6.88048e-07 4
1.94417 0.938525
1.79388 1.7686
1.37211 2.9102
1.8499 1.52033
1.28523 3.06476
0.522578 3.86104
1.93595 1.00419
1.51349 2.61485
0.36265 3.93369
0.716988 3.73413
1.66835 2.206
1.61402 2.36216
0.774492 3.68791
1.17201 3.24123
0.48558 3.88032
1.87081 1.41433
0.265371 3.96463
0.62471 3.79986
0.138543 3.99039
0.207703 3.97837
1.91866 1.12913
1.0244 3.43546
1.19176 3.21229
1.38867 2.87861
1.26705 3.09488
0.829028 3.64017
1.86048 1.46781
0.746201 3.71116
0.801917 3.66439
1.72051 2.03945
1.48343 2.68286
1.11114 3.32588
1.3031 3.03442
1.52826 2.58025
