0.386242 3.9247 1.93025e-15
1.62757 1.12442 3.05194
1.28842 2.71859e-16 4.58908
0.944386 1.34183 4.89102
1.51945 2.07778 2.3469
0.754382 3.51793 1.74143
1.48016 2.34667 1.97276
1.04809e-11 3.6804 2.35011
1.18128 3.22774 5.86389e-16
1.08156e-11 3.19985 3.6003
1.05877 2.35182 3.66962
6.33201e-12 1.96185 5.22877
0.597699 3.27173 2.94964
0.735355 3.03533 3.22545
1.57332 1.65928 2.74357
7.86235e-12 1.46597 5.58253
1.08407 2.90754e-16 5.04213
0.637065 3.4379 2.39879
1.23782 2.77705 2.20416
1.94958 4.58359e-16 1.33881
0.866147 6.20652e-16 5.40815
1.90439 1.25279e-15 1.83298
1.49779 1.3667 3.40688
1.86064 1.467 5.66868e-16
1.42209 1.93716 3.05869
2.19991e-12 0.772449 5.88706
8.30115e-12 2.91496 4.10874
1.44383 2.76793 6.20549e-16
1.2825e-11 3.79435 1.89907
1.79933 1.7463 3.31498e-15
1.64164 1.89951 1.90439
1.82313 1.13268 1.78863
1.01761e-11 3.57335 2.69631
0.569568 2.63879 4.17291
7.82168e-12 2.74657 4.36198
1.3698 3.20866e-16 4.37181
0.726904 3.72645 1.94733e-15
0.608979 1.34118e-15 5.71509
1.05174 1.67577 4.4414
1.03476e-11 3.06138 3.86173
1.12518 3.0403 1.95144
1.31649e-11 3.89492 1.36623
1.74093 4.54767e-16 2.95339
0.831576 1.86933 4.68124
7.05682e-12 2.18642 5.02434
2.11674e-16 2.39512 4.80548
1.24796 1.35704 4.22374
0.923625 2.7208 3.41556
1.53526 1.02414e-15 3.84534
1.73235 1.99897 5.47958e-16
0.561825 2.05226 4.86649
1.32978 2.40415 2.66086
1.14974 2.57358 3.03322
1.08274 3.36314 5.49178e-16
1.60237 4.06078e-16 3.59049
1.12886 1.13125 4.65313
1.40009 1.15608 3.91797
1.455 1.60286e-15 4.11664
1.5272 2.58277 8.57844e-16
1.70715 1.31619 2.42344
2.59887e-13 2.47893e-15 6
1.02096 2.89733 2.7805
0.941926 2.13309 4.21631
2 4.22443e-16 5.44908e-16
1.27065 3.08898 5.77238e-16
1.67395 2.57423e-15 3.28345
1.85323 3.77629e-16 2.25605
1.75322 1.59251 1.62161
1.18974 3.18945e-16 4.82293
0.577536 3.8296 5.61988e-16
1.9615 0.781094 5.36368e-16
1.6679 2.20735 3.26556e-15
0.561257 1.23545 5.45258
1.91284 1.16797 7.20015e-15
0.873908 3.16815 2.5579
0.977464 3.48974 5.29657e-16
3.45627e-12 4 5.11357e-16
0.957351 3.29383 1.82767
1.25189 2.17358 3.35633
0.742547 2.9041e-16 5.57114
0.806599 1.16005 5.20737
0.63682 2.87075 3.71583
0.859159 3.61212 3.16552e-15
1.38621 2.63757 1.74732
2.14724e-16 3.33224 3.31909
1.5992 2.40213 5.86666e-15
0.979276 3.66372e-16 5.23155
2.30585e-16 1.73942 5.403
3.72785e-12 1.15495 5.74445
1.33381 1.70554 3.66656
0.444339 4.53046e-16 5.85005
1.37253e-16 3.45672 3.01909
0.670105 2.30862 4.46841
1.35512 2.94188 5.48568e-16
0.653597 1.65519 5.09814
1.79698 4.20151e-16 2.63393
9.60274e-12 2.56757 4.60076
0.82986 2.51097 3.95168
1.15823 1.91936 3.95446
0.534951 3.69531 1.64318
