1.12179 1.33747e-15 4.96732
1.91725 4.4464e-16 1.70801
1.89714e-16 1.89714e-16 6
1.31968 3.00562 5.84559e-16
1.15321e-11 4 5.53448e-16
1.81377 4.19767e-16 2.52824
0.990224 1.13727 4.92595
1.27322 2.77373 2.02473
0.957967 2.766 3.24445
7.57181e-13 2.68272 4.45048
4.1566e-12 3.82956 1.73281
1.74329 1.14263 2.38972
1.13651 1.22974 4.57958
1.62196 1.12084e-15 3.51043
9.01907e-13 3.19561 3.60876
0.524477 1.5954 5.27232
0.688786 3.31917 2.63479
1.70101 1.65086 1.95632
1.21936 3.17059 3.26861e-15
1.64176 1.24604 2.87197
1.43266 2.00673 2.90974
0.891439 3.58069 5.62598e-16
1.22245 1.47215e-15 4.74874
1.3986 3.82954e-16 4.28896
0.678519 2.92389 3.5526
1.94992 0.889511 3.21859e-15
1.46989 1.19996 3.64897
5.78637e-13 2.05003 5.1521
1.65541 2.24465 5.42468e-16
1.00589 3.45728 3.27288e-15
9.79318e-13 3.47012 2.98431
1.50315 2.24478 2.08015
0.454203 2.45338e-16 5.84323
1.04624 1.80009 4.34255
8.09806e-13 2.86925 4.18051
1.35669e-11 3.605 2.5998
1.01386 3.41327e-16 5.17191
1.17362 2.60511 2.88682
3.23392e-12 0.795666 5.8801
1.34067 1.79878 3.54165
1.57704 2.46003 5.38198e-16
0.589244 1.12228 5.48099
0.542953 3.52281 2.32892
1.78855 1.79007 6.23599e-16
1.4278 2.5615 1.69986
1.36005 1.2476 3.98123
1.23244 1.48391 4.16838
0.623595 5.82055e-16 5.70089
1.49297 2.66161 5.55888e-16
1.06962 2.41716 3.54362
1.6194 2.0622 1.6821
1.57483 1.80211 2.52429
0.768366 5.89044e-16 5.53954
0.836982 2.59588 3.81226
1.26056 2.22783 3.24526
0.944317 2.23769 4.08755
1.96343 4.06375e-16 1.1421
0.66089 2.43392 4.32898
1.754 1.22737e-15 2.88296
7.07006e-13 2.50502 4.67771
1.81454 1.26152 1.66924
0.974135 3.20795 2.07483
0.794308 1.27124 5.16581
5.04577e-13 1.78759 5.36751
1.07723 2.9162 2.53411
0.629109 3.63664 1.63752
1.31567 1.02295e-15 4.51897
0.559331 2.74873 4.02299
2.75984e-12 3.92479 1.158
4.22236e-13 1.49569 5.56476
2 4.42573e-16 5.65038e-16
0.814375 2.047 4.53907
0.75819 3.70143 3.20334e-15
0.594299 3.16702 3.20215
1.90432 1.22242 5.31487e-16
1.72843 2.0125 5.32097e-16
1.84934 1.52307 3.28081e-15
0.908292 1.62145 4.76021
1.8688 4.49686e-16 2.13737
0.652761 1.82335 4.96838
9.41909e-13 3.33739 3.30744
2.94636e-16 1.18962 5.72851
1.05217e-12 3.72818 2.17407
0.608258 3.81052 1.90829e-15
0.860177 3.057 2.88341
1.11217 3.3245 6.358e-16
1.15801 3.05879 1.69692
1.55146 4.11434e-16 3.78639
0.44381 3.90027 5.83949e-16
0.897734 7.19679e-16 5.36159
1.52029 1.48501 3.19949
0.838924 3.41971 1.83124
1.34756 2.41703 2.55191
1.1632 2.00061 3.8493
1.4034 2.8499 3.19907e-15
1.47706 1.73251e-15 4.04533
2.48182e-12 2.28642 4.92317
1.68965 4.05787e-16 3.21024
1.23726e-11 3.04424 3.89209
0.545149 2.18474 4.75246
