0.665673 2.326 4.45407
0.566412 3.65824 1.73249
1.86168e-13 2.39109 4.80999
1.65397 1.59575 2.37698
9.61388e-12 3.51498 2.86376
1.63725 3.90829e-16 3.44598
0.885605 3.58648 3.31315e-15
1.91234 1.17122 1.92903e-15
0.682746 3.29491 2.7162
1.89562 4.1027e-16 1.91306
1.10485 3.33425 5.96149e-16
1.31718 2.43434 2.65555
1.48172 1.44213 3.40017
1.8583 1.47879 6.12619e-16
2.02915e-12 2.76508 4.33558
0.577243 1.39346 5.35091
1.1486 2.60098 2.98414
1.02834e-13 1.32042 5.66366
1.15228 1.13858 4.59712
1.24226 2.80481 2.10008
2.40608e-13 3.09067 3.80886
1.32481 1.75991 3.638
1.39562 1.21794 3.89008
1.5887 2.08199 1.87915
1.68029 2.16943 5.47348e-16
1.25184 1.38277 4.1945
1.4728 2.70618 5.70528e-16
0.407829 6.51904e-16 5.87393
2.52746e-13 3.24689 3.50427
1.77242 3.67732e-16 2.7797
1.31041 3.02181 6.00419e-16
0.685129 1.67168 5.04854
0.758573 3.70112 3.4504e-15
0.561809 2.05505 4.86385
0.770737 6.98969e-16 5.53658
1.23223e-16 1.23223e-16 6
1.60125 1.23893 3.07741
2.54575e-12 0.930737 5.83531
4.50302e-12 1.64633 5.46824
1.02695 1.31605e-15 5.14862
0.611826 3.4916 2.28048
1.49138 4.05906e-16 3.99775
1.40205 2.01997 3.02119
1.49514e-13 1.91976 5.26381
1.74624 1.95003 5.57108e-16
1.1423 3.07491 1.72696
0.95949 1.34297 4.86378
0.821776 1.11239 5.20941
1.05677 1.69205 4.41671
0.905247 3.68286e-16 5.35021
1.38187 2.6205 1.83385
1.68608e-13 2.16509 5.04508
3.15603e-11 3.84017 1.67913
1.70514 1.78603 1.62949
1.70383 4.34364e-16 3.14207
0.668215 2.87744 3.65407
0.999342 3.46486 6.05909e-16
1.23026 1.52945e-15 4.73056
1.78051 1.31604 1.88977
1.47193 2.29077 2.16645
9.27966e-12 3.39274 3.17821
1.39391 2.86846 5.57108e-16
1.2381 2.21234 3.34536
0.939508 2.73794 3.34502
2.82454e-13 3.62901 2.52353
0.838167 3.03528 2.99135
0.939232 2.15765 4.19354
1.80756 1.71199 6.14449e-16
1.21114 3.18317 6.6386e-16
1.94822 3.81331e-16 1.35648
3.11253e-13 4 5.02817e-16
0.837462 1.89169 4.65148
2.91067e-13 3.74013 2.12738
1.61574 2.35743 5.53448e-16
1.86556 0.98517 1.57901
0.499931 1.05578 5.58951
0.847112 3.41131 1.83256
1.12591 3.56269e-16 4.95893
1.56616 4.12014e-16 3.73152
1.05259 2.37923 3.64579
1.54733 2.53438 6.4617e-16
2.00508e-13 2.57561 4.59064
0.563259 3.14453 3.30098
0.616682 3.8051 1.9699e-15
1.05448 2.91645 2.61816
1.53373 1.81891 2.71757
1.41196 2.30169e-15 4.24938
0.828712 2.53203 3.92351
0.958923 3.20065 2.16212
1.15241 1.95004 3.93594
1.96127 0.783356 5.79678e-16
1.32793 3.13908e-16 4.48658
0.609469 6.07603e-16 5.71462
0.564806 2.65731 4.15223
2 4.68194e-16 5.90659e-16
1.07473e-11 3.9294 1.12233
0.447024 3.8988 6.3275e-16
1.83556 2.00211e-15 2.38253
1.72039 1.08693 2.58927
8.04693e-12 2.94208 4.06502
