0.804441 1.31907 5.12455
1.84235 1.55661 6.4617e-16
1.52897 2.11999 2.20181
0.564076 3.66881 1.68847
1.71171 1.30925 2.40284
1.54083 1.70546e-15 3.82527
1.47043e-13 2.03841e-16 6
0.968349 1.99299 4.31551
1.03661 3.22921 1.69308
1.91734 3.06982e-15 1.70717
0.615855 1.91908 4.9295
0.614198 3.80671 5.91879e-16
1.39639 2.86364 8.81635e-16
0.720971 3.29634 2.62177
1.33871 2.75086 1.68657
2.09234e-16 3.60047 2.61389
0.851197 2.39993 4.06447
1.25513 1.26217 4.27052
1.36451 2.27403 2.75822
1.07668 2.23695 3.78258
2.04964e-16 3.71849 2.21108
1.50732 1.33087 3.40099
0.997928 3.46649 7.15101e-16
6.00752e-13 2.5362 4.63976
0.873902 1.72826 4.73352
1.70501 2.09088 5.54058e-16
0.546425 1.5812 5.26188
0.962984 2.60942 3.51192
0.447374 3.89864 6.05909e-16
1.19905 3.28625e-16 4.80214
1.44241 1.87034 3.06663
1.63161 2.31332 1.97783e-15
0.615822 1.10676 5.46176
0.686632 2.21554 4.5511
0.692128 2.7535 3.82487
1.40597 1.11903 3.92324
1.80607 3.99304e-16 2.57738
1.11061 3.32658 1.92598e-15
4.18305e-12 3.20541 3.58915
1.30386 3.03312 5.55278e-16
0.601777 3.51082 2.23777
1.6341 1.1247 3.02015
0.600635 2.91941e-16 5.72304
2.51325e-16 3.82484 1.75611
3.11821e-12 2.89859 4.13472
0.574968 2.57312 4.25765
1.17484 2.45132 3.17137
0.438764 2.86758e-16 5.85383
0.877004 3.18466e-16 5.39238
1.96346 4.46639e-16 1.14165
1.64898 1.89813 1.84971
4.3765e-12 2.17058 5.03977
0.955554 3.09979 2.48247
1.74937 1.61376 1.61183
1.55985 2.50349 5.71138e-16
5.60067e-13 2.3644 4.83959
1.37348 3.78047e-16 4.36143
1.26655 2.62003 2.47331
1.45962 4.34957e-16 4.1019
1.60954 4.03297e-16 3.5615
1.16989 2.95751 2.00045
1.58155 1.66669 2.69036
2.15944e-16 1.96317 5.22766
0.756758 3.7026 3.18321e-15
1.48365 2.68237 5.83339e-16
1.8968 1.26833 5.60768e-16
1.29764e-12 1.14834 5.74743
0.98405 7.44181e-16 5.22349
1.90324e-16 3.47551 2.97017
0.840973 3.41094 1.85935
1.27 2.07061 3.44053
0.585393 3.00584 3.54781
0.88449 3.58758 1.92232e-15
2.58558e-12 2.72317 4.39486
5.8343e-12 4 5.11357e-16
1.82381 1.11521 1.80701
1.09536 3.19587e-16 5.02012
0.746792 9.96915e-16 5.56603
4.06152e-13 1.71485 5.42065
1.00532 1.15179 4.89071
1.17331 1.80606 4.03373
1.86464 4.17456e-16 2.16982
3.41411e-13 1.44115 5.59705
9.28947e-13 3.92261 1.17456
1.4515 2.43896 1.91162
1.77664 1.83691 3.2375e-15
2 4.81614e-16 6.04079e-16
0.61533 3.20027 3.09005
1.07564 2.79463 2.83099
1.09696 1.43604 4.53103
4.36562e-12 3.34532 3.28936
1.34634 1.63412 3.69839
1.82066e-13 0.767875 5.88841
5.74637e-13 3.05658 3.87026
1.74939 3.78942e-16 2.90804
1.94657 0.918443 5.36978e-16
1.21537 3.17671 5.51008e-16
1.28868 1.51102e-15 4.58844
1.68187 4.07274e-16 3.2468
0.853247 2.91967 3.20432
