1.91336 1.16455
1.11874 3.31567
1.69671 2.11771
0.335867 3.94319
1.49526 2.65647
0.451859 3.89657
1.65637 2.24183
0.244684 3.96995
0.964082 3.50459
1.47961 2.6913
0.553921 3.84353
1.66999 2.20104
1.61444 2.36101
1.94864 0.900645
1.25706 3.11114
0.521115 3.86183
1.9644 0.751388
1.31207 3.01892
1.7098 2.07516
1.98499 0.489115
1.44777 2.75968
1.19961 3.20059
1.80815 1.70951
0.940394 3.53025
1.73546 1.98813
1.05471 3.39858
1.83087 1.60985
1.85281 1.50611
0.987368 3.47857
0.191618 3.9816
0.647275 3.78472
1.55619 2.51259
1.29397 3.05001
1.74802 1.94363
1.57101 2.47543
1.43157 2.79328
0.585883 3.82452
1.99081 0.382976
0.733936 3.72093
1.54122 2.54924
0.891737 3.58039
0.761602 3.69863
1.41517 2.82652
1.09777 3.34359
1.94026 0.970373
1.87391 1.39783
1.32984 2.98766
1.52606 2.58546
0.676771 3.76403
1.8941 1.28434
1.03261 3.42562
0.487121 3.87954
1.86347 1.45255
1.07643 3.37123
1.68344 2.15966
0.376561 3.92846
1.64256 2.28211
3.02837e-07 4
1.2756 3.0808
0.616968 3.80492
0.705673 3.74274
0.292247 3.95707
0.127624 3.99185
1.51075 2.62117
1.9786 0.583632
0.866742 3.60486
1.60012 2.39968
1.38169 2.89201
1.9226 1.10201
0.815248 3.6526
1.39857 2.85937
1.93157 1.0374
1.95669 0.827897
1.78466 1.80554
1.81961 1.66015
1.7965 1.75793
1.88412 1.34176
1.21909 3.171
1.23827 3.14113
1.46378 2.7257
1.90386 1.22529
0.415139 3.91288
0.841257 3.62893
1.6286 2.32179
0.788687 3.67585
1.17981 3.22989
1.76041 1.89836
0.916284 3.55552
1.13939 3.28743
1.58564 2.43783
1.97171 0.670395
1.99592 0.255395
1.01017 3.45227
1.34738 2.95606
1.72272 2.03196
1.15976 3.25881
1.77264 1.85231
1.84194 1.55852
1.36466 2.92417
2 3.54303e-08
