1.92938 1.05358
1.57258e-05 4
1.67586 2.1831
1.64778 2.26701
2 2.30668e-09
0.970492 3.49751
0.639043 3.79032
1.83852 1.57462
1.84952 1.52222
1.39998 2.85662
0.5155 3.86485
0.82738 3.64167
1.51348 2.61485
1.01538 3.44616
0.852212 3.61869
1.89132 1.30061
1.7032 2.09677
1.12198 3.31129
1.49777 2.6508
0.447223 3.89871
0.189796 3.98195
1.72974 2.00797
1.68962 2.14027
1.94689 0.915698
1.3487 2.95365
1.79238 1.77469
1.33117 2.98528
0.75011 3.70801
1.22101 3.16805
1.55968 2.50392
1.54445 2.5414
0.924269 3.54724
0.993093 3.47204
1.75543 1.91673
1.98437 0.499046
0.876627 3.59529
0.776386 3.68631
0.802121 3.66421
1.88123 1.35791
1.9108 1.18127
0.242458 3.9705
1.41671 2.82344
1.24004 3.13834
0.126543 3.99199
1.05898 3.39327
1.57476 2.46587
1.7427 1.96265
0.482001 3.8821
1.43322 2.7899
1.31343 3.01655
1.95516 0.842281
0.289378 3.95791
1.14237 3.28329
1.71658 2.05268
1.16244 3.25498
1.10126 3.339
1.6335 2.30797
1.18223 3.22635
1.27725 3.07807
1.4819 2.68625
1.93828 0.986061
1.76797 1.87008
1.6619 2.22539
1.25879 3.10834
0.723294 3.72926
1.08029 3.36629
1.87086 1.41404
1.36598 2.92171
1.58965 2.42735
1.82732 1.6259
0.372858 3.92987
1.38305 2.8894
0.579156 3.82862
1.61905 2.34833
0.410969 3.91464
1.46584 2.72126
1.96306 0.765257
1.52904 2.5784
1.20177 3.19734
1.81589 1.67636
1.78027 1.82277
0.667807 3.77043
1.8603 1.46872
1.92024 1.11836
1.29545 3.04749
1.97061 0.683258
1.90117 1.24185
1.97773 0.595219
0.900617 3.57149
0.609522 3.80972
0.33254 3.94432
1.60442 2.38817
1.80425 1.72592
0.695875 3.75007
1.99574 0.260796
1.44963 2.75577
1.03734 3.4199
0.547844 3.84701
1.99043 0.390748
0.947557 3.52258
