0.957417 2.07609 4.24881
0.603357 2.62685 4.14703
3.52544e-12 0.755149 5.89211
2.44005e-16 3.89826 1.34461
1.80729 1.25287 1.7526
2.06124e-11 3.79711 1.88663
0.45729 5.72626e-16 5.84106
1.32803 2.46335 2.54437
1.46766e-11 3.558 2.74161
1.61309 2.04534 1.78008
1.10922 1.11733 4.70294
1.53145 1.1356 3.4627
4.18054e-12 3.42348 3.10315
1.08726 2.23545 3.75726
1.50397 1.12964e-15 3.95507
1.76019 1.89918 3.31071e-15
4.8844e-12 4 5.26607e-16
0.857624 2.99637 3.02975
1.25717 2.79482 2.04965
1.06587 2.89818 2.62229
0.683614 2.84402 3.68714
2 2.26468e-15 6.10789e-16
0.689623 3.56755 1.75587
1.94782 4.84984e-16 1.36166
0.696477 3.27194 2.74713
0.839738 1.84459 4.69019
1.55723 2.51001 5.02817e-16
0.958565 2.68063 3.40036
4.84867e-12 1.91445 5.26816
1.87124 1.41204 1.96197e-15
1.59213e-16 2.67999 4.45417
1.38246 1.36575 3.82131
1.78634 2.84082e-15 2.69833
0.59694 3.81768 5.79068e-16
0.803142 1.09899 5.24186
0.99915 3.46508 5.25387e-16
1.03754 4.20478e-16 5.12948
0.882316 3.58972 6.05299e-16
1.15093 2.61152 2.95519
1.41204 2.59733 1.696
2.85486e-16 2.84596 4.21617
1.47499 2.70141 6.3885e-16
1.10623 3.33242 6.06519e-16
2.59433e-12 2.12448 5.08378
0.59908 3.11048 3.31676
4.01969e-12 3.29181 3.40865
1.81807 1.66688 5.57108e-16
1.21627 2.31582 3.25874
0.929528 1.33062 4.92342
0.399465 3.9194 5.86389e-16
5.27179e-12 1.12923 5.75594
1.555 1.84446 2.5658
1.46819 1.6584 3.22668
1.40196e-11 3.00316 3.96324
6.75519e-14 2.36898e-16 6
0.632216 8.62819e-16 5.69234
1.73994 1.10237 2.4534
1.7198 2.00346e-15 3.06278
0.591137 2.04659 4.84054
1.5188e-11 3.68197 2.34457
1.3874 2.88105 5.34538e-16
1.40198 2.10304 2.89115
1.14468 3.06696 1.74452
1.89918 4.25956e-16 1.88098
0.775312 7.16812e-16 5.53082
1.65313e-16 1.69776 5.43274
1.6969 2.11712 5.56498e-16
1.30658 3.02843 3.18809e-15
0.680119 2.30204 4.46244
1.18705 1.77475 4.02882
0.912723 3.25281e-16 5.33877
0.65059 1.63463 5.1165
0.754878 3.70414 5.02817e-16
0.560202 3.47404 2.45365
1.69576 1.64878 2.00074
3.06836e-16 1.43126 5.60276
1.49207 2.285 2.05322
1.58292 1.04992e-15 3.66732
1.42969 4.53253e-16 4.19568
1.91929 1.12489 6.3458e-16
1.20976 3.18526 5.95539e-16
1.59213e-16 3.15164 3.69475
1.65708 1.21638e-15 3.35958
0.861562 2.47182 3.94615
1.8477 4.10502e-16 2.29651
0.502679 3.72999 1.55626
1.6247 1.32713 2.87754
0.561285 1.20397 5.46838
1.62922 2.32003 3.30277e-15
1.03332e-11 2.50503 4.6777
1.254 9.25791e-16 4.67412
0.871553 3.38063 1.85717
0.966289 3.17454 2.2185
1.3009 1.91568 3.5372
1.34452 4.03171e-16 4.4419
1.96434 0.751987 3.29728e-15
1.08357e-11 2.32111 4.88651
1.26532 1.21848 4.27202
1.14974 1.38585e-15 4.90946
1.05868 1.61743 4.47511
