0.478569 3.8838
0.749078 3.70884
1.12204 3.31121
0.901588 3.57051
0.925315 3.54615
1.94014 0.971269
0.188122 3.98227
1.16226 3.25524
1.80548 1.72076
0.576092 3.83047
1.22083 3.16833
0.827561 3.64151
0.694006 3.75146
0.329624 3.9453
1.66514 2.21567
1.62312 2.33708
2 1.67822e-10
1.99086 0.382019
0.407502 3.91609
0.544554 3.84888
1.05963 3.39245
1.27743 3.07778
1.65133 2.25665
1.86197 1.46022
1.38536 2.88498
1.46987 2.71254
1.60872 2.37658
0.665616 3.77198
1.9718 0.669365
1.97868 0.582543
1.9486 0.901001
1.81717 1.6708
1.76928 1.86511
0.2403 3.97102
1.78152 1.81788
1.25877 3.10837
1.93138 1.03879
6.44402e-06 4
1.9129 1.16755
1.33225 2.98335
1.7186 2.0459
1.41975 2.81732
1.182 3.22669
1.08072 3.36574
1.35015 2.95099
0.948666 3.52138
1.83997 1.56781
1.75688 1.91141
1.7055 2.08929
0.852691 3.61824
1.63732 2.2971
1.31413 3.01533
1.85108 1.51462
1.5793 2.45423
0.721814 3.73041
1.95671 0.82772
0.512043 3.86668
1.43666 2.78281
1.48615 2.67682
1.5022 2.64075
1.92228 1.10424
1.2959 3.04674
1.87265 1.40452
1.36786 2.91819
1.8933 1.28908
0.286827 3.95865
1.23989 3.13859
0.775779 3.68682
1.6922 2.13209
1.51806 2.60423
0.801957 3.66435
1.90323 1.22916
1.99594 0.25474
1.40264 2.85138
1.53369 2.56733
1.79359 1.7698
0.636474 3.79205
1.73152 2.00183
1.67877 2.17416
0.60668 3.81153
1.01637 3.44499
0.994152 3.47083
0.369645 3.93109
0.125396 3.99213
1.45336 2.7479
1.59409 2.41568
0.971576 3.49631
0.87738 3.59455
1.98506 0.488008
1.74428 1.95702
1.10152 3.33865
1.03815 3.41891
0.443815 3.90027
1.82869 1.61975
1.54909 2.53007
1.96445 0.750799
1.56432 2.49231
1.8831 1.34751
1.14228 3.28341
1.20151 3.19773
