0.130693 3.99145
1.8279 1.62331
1.607 2.38123
1.51492 2.61154
1.49893 2.64818
1.70536 2.08973
1.90024 1.24754
1.54637 2.53673
1.30922 3.02386
1.25262 3.11829
1.02574 3.43387
1.98607 0.47124
0.911161 3.56078
1.11191 3.32485
0.249952 3.96864
0.838226 3.63174
0.298062 3.95533
0.957985 3.51128
1.53073 2.57438
1.90958 1.18912
1.56181 2.49859
1.89067 1.30442
1.06936 3.38022
0.679552 3.76203
1.86034 1.4685
1.46636 2.72014
1.99148 0.368724
1.43298 2.79038
1.6504 2.25936
1.41599 2.82487
1.24377e-06 4
1.87072 1.41481
0.887261 3.58484
1.63613 2.30049
0.707445 3.7414
0.45883 3.89331
1.38133 2.8927
1.13278 3.29655
1.00347 3.46009
1.81662 1.67319
0.559718 3.84016
0.787526 3.67685
0.650833 3.78228
1.71859 2.04591
1.98012 0.562549
0.527313 3.85847
0.383341 3.92584
2 5.06736e-09
0.934749 3.53624
1.93595 1.0042
1.34574 2.95904
1.95963 0.799656
1.7934 1.77054
1.19382 3.20924
1.27173 3.0872
1.6783 2.17559
1.80512 1.72227
1.91864 1.12928
1.9737 0.646593
1.73159 2.00159
1.96686 0.725198
1.88083 1.36014
1.09077 3.35274
0.590961 3.8214
0.734787 3.72026
0.493757 3.87619
1.39877 2.85898
1.21366 3.17932
0.342014 3.94108
1.59214 2.42083
1.84977 1.521
1.92743 1.06771
0.813106 3.65451
1.2906 3.05571
1.04768 3.40727
0.761438 3.69876
1.23327 3.149
1.75697 1.91106
1.15335 3.26789
1.94415 0.938648
1.78146 1.81811
1.57707 2.45997
1.76932 1.86493
1.69193 2.13296
1.44978 2.75546
0.422111 3.9099
1.99622 0.245871
1.36363 2.9261
0.621338 3.80207
1.83896 1.57254
1.48274 2.6844
0.195768 3.98079
0.862971 3.60848
1.95207 0.87045
1.66446 2.21772
0.980912 3.48586
1.62167 2.3411
1.74438 1.95666
1.3276 2.99164
1.17372 3.23875
