0.620525 7.23511e-16 5.70391
1.44811 2.13445 2.62222
2.30405e-13 3.73629 2.1425
0.632759 2.36602 4.44982
4.33923e-13 6.50289e-15 6
0.907378 2.15908 4.25456
1.04301 1.67422 4.46121
2.00492e-12 1.21732 5.7154
0.872778 2.72686 3.52334
1.62938 1.14091e-15 3.47937
1.72088e-13 2.78984 4.29974
1.53933e-11 3.83402 1.71045
1.42256 2.81164 1.89365e-15
1.6313 2.05308 1.60174
2.23248e-13 3.62109 2.54899
0.581572 1.34214 5.37615
5.34331e-12 3.24446 3.50931
1.29602 2.35197 2.90456
1.50899e-13 2.44677 4.74657
0.944265 1.34816 4.88731
1.73735 1.98151 6.04079e-16
0.621117 3.2949 2.84624
1.6628 2.2227 5.63818e-16
1.82443e-13 2.95784 4.03921
0.900298 2.88378e-16 5.35772
0.501228 1.00545 5.60931
1.58262 2.44566 4.64663e-15
1.3177 1.5753 3.84572
2 4.70024e-16 3.25702e-15
0.699367 3.04601 3.27446
0.607411 3.81106 7.04121e-16
0.557085 2.10174 4.82369
1.76375 2.8037e-15 2.82887
0.815289 3.41263 1.953
0.885808 3.1566 2.55321
1.01837 3.02838e-16 5.16394
1.71734 1.62203 1.88065
1.44902 1.28921 3.6556
0.771167 3.29906e-16 5.53604
3.17321e-12 0.814456 5.87431
1.0027 3.46098 5.69918e-16
0.891471 3.58066 5.43078e-16
0.586674 2.85984 3.80792
1.9442 2.19304e-15 1.40736
1.0244e-11 1.80642 5.35331
1.37946 2.55483 2.04642
1.5155 2.31203 1.81715
1.55165 4.66358e-16 3.78569
1.00058 2.36492 3.79549
1.2757 2.86501 1.69842
1.26669e-11 3.92667 1.14362
1.83015 1.23141 1.56301
1.11442 1.24889e-15 4.98223
1.51912 1.64463 3.02401
5.55724e-12 3.37431 3.22205
1.213 2.13272 3.53887
1.29034e-11 4 5.25997e-16
1.39699 1.09989e-14 4.2937
1.79903 1.74757 6.04689e-16
1.58703 1.84839 2.37588
0.719732 2.57043 4.05855
0.815112 1.11873 5.21578
1.11457 3.01672 2.08403
1.10547 2.54187 3.23481
1.37842 1.88966 3.29627
0.757685 3.70184 5.54058e-16
2.15536e-13 3.49589 2.91585
1.38324e-13 2.24168 4.96925
1.86106 1.46488 5.41858e-16
0.552637 3.51164 2.34633
8.75151e-12 1.54323 5.53548
0.658887 1.69382 5.06335
1.20063 2.70836 2.55386
0.821503 1.89788 4.67138
1.11842 3.31611 5.54058e-16
1.96318 0.763974 5.24167e-16
1.4765 1.69108e-15 4.04716
1.91671 1.14234 3.2619e-15
1.14018 1.13018 4.62883
1.70215 3.93897e-16 3.15027
1.02101 3.24644 1.70417
1.66405 1.30401 2.69305
1.14579e-11 2.02047 5.1783
1.8308 3.98062e-16 2.41525
1.58059 1.11108 3.27689
1.00517e-11 3.11598 3.76217
1.89147 3.96342e-16 1.94964
1.50102 2.64343 5.47958e-16
0.627962 3.6369 1.64017
0.442269 6.5194e-16 5.85146
8.46306e-12 2.62348 4.52925
1.13287 1.90549 4.03485
1.22581 3.16063 8.59768e-15
1.25325 1.31603 4.2388
1.31361 9.94336e-16 4.52436
0.442371 3.90093 3.25092e-15
1.21728 1.42361e-15 4.76069
0.989542 2.88355 2.91184
1.77658 1.0687 2.24144
1.32745 2.9919 3.24299e-15
