1.48319 2.68338 5.96759e-16
1.94724 0.912695 5.16847e-16
1.95736e-12 2.32282 4.88469
2.28553e-12 2.71227 4.40999
1.15441 3.06827 1.68047
0.693846 1.20023 5.3316
1.07821 2.94645 2.45022
1.95914 4.6319e-16 1.20658
1.55343e-12 1.84339 5.32488
0.448994 3.8979 7.22421e-16
0.622965 3.80101 1.91622e-15
1.56433 2.49228 1.88877e-15
1.77269 1.20211 2.11344
1.06626 1.09334 4.80397
1.0141 2.58884e-15 5.1715
0.591395 2.67039 4.0997
1.77267 1.85216 5.96759e-16
0.779114 3.06478e-16 5.52601
0.628825 2.88285 3.707
0.867377 1.30582 5.03908
2 2.25065e-15 5.96759e-16
0.564522 2.19893 4.71725
0.705173 1.84054 4.88902
8.69801e-12 3.3195 3.3477
1.45087 2.12437 2.62693
4.00911e-12 3.55734 2.74355
4.23788e-12 3.76037 2.04553
0.901671 3.22097e-16 5.35564
0.762456 3.69792 1.91195e-15
1.51721 2.32731 1.7595
2.85616e-12 2.53425 4.64215
0.627972 2.97729e-16 5.69657
1.84989 4.0406e-16 2.28062
1.90741 4.91016e-16 1.80442
0.58381 3.23065 3.07393
0.896026 3.57611 1.90524e-15
1.3925e-12 1.23543 5.70665
0.861947 2.03671 4.4699
1.31864 3.00745 5.15627e-16
1.85907 1.06408 1.53207
1.76582e-12 2.09547 5.1108
1.49853 1.4321 3.34293
3.88762e-12 3.44955 3.03748
1.08704e-11 3.66314 2.41003
1.79286 4.81257e-16 2.65914
1.7047 2.0919 5.40638e-16
0.698231 2.40102 4.31755
1.29695 1.46643 4.00287
1.67129 1.39812 2.54221
0.871658 2.57955 3.76699
1.64061 2.28771 3.26617e-15
1.12729 1.4205e-15 4.9561
1.60819 1.95898 2.0221
1.89491 1.27958 3.24909e-15
8.33154e-12 3.17961 3.64041
0.812515 3.48496 1.65294
0.95916 3.25716 1.96206
2.42557e-12 2.87852 4.16615
0.975582 1.61151 4.64661
1.20118 1.25831 4.41044
1.19655 2.63133 2.7451
1.57953 4.67943e-16 3.68045
2.06219e-11 4 5.97369e-16
1.72411 1.6853 1.69014
1.83531 1.58953 3.16674e-15
2.55771e-12 3.03535 3.90767
2.16611e-12 0.826586 5.87049
1.32268 3.39495e-16 4.50053
1.53727 1.73717 2.818
4.33722e-12 3.84849 1.63573
1.43564 1.16066 3.79728
1.11789 3.31682 5.40638e-16
1.2214 3.16744 5.83949e-16
0.983766 2.23658 4.00433
1.01759 3.44356 5.70528e-16
0.579897 3.6252 1.84496
1.10117 1.80468 4.21414
1.40773 3.62721e-16 4.262
1.65802 1.16811e-15 3.35539
1.38082 2.50414 2.17507
0.743159 2.98257 3.31874
1.09983 2.43721 3.42759
0.44934 1.3413e-15 5.84661
0.860708 3.12049 2.72459
1.73121 3.89526e-16 3.00436
1.16716e-11 3.93309 1.09284
1.49638 3.85778e-16 3.98091
0.513003 1.03271 5.58855
0.983259 2.78557 3.1369
0.5543 1.66077 5.19893
1.19975 2.0291 3.71235
1.61362 1.12154 3.12024
1.2934 2.27293 3.05287
1.16998e-11 2.28938e-16 6
1.36606 1.82042 3.42763
1.40311 2.85046 3.31437e-15
1.76397e-12 1.56501 5.5217
1.23266 3.50431e-16 4.72493
0.665524 3.39609 2.46242
1.28507 2.7891 1.90638
