0.769144 3.69238
0.87148 3.60029
0.250001 3.96863
1.99086 0.382039
1.77449 1.8452
0.298379 3.95523
0.895727 3.57641
1.62745 2.32501
1.0536 3.39996
1.40988 2.83707
1.55365 2.51886
1.35858 2.93549
0.423377 3.90935
1.97876 0.581445
1.78664 1.7977
1.34114 2.96738
1.88592 1.33165
0.91946 3.55223
1.0746 3.37357
0.656695 3.77823
1.95716 0.823445
1.90534 1.21603
1.13584 3.29234
1.1157 3.31977
1.61302 2.36489
0.195722 3.9808
0.98827 3.47754
1.23233 3.15047
1.73669 1.98383
0.496298 3.87489
0.846776 3.62379
1.30571 3.02992
1.81032 1.70029
1.72367 2.02876
0.342782 3.94081
1.94925 0.895417
1.79859 1.74939
1.17517 3.23666
1.84409 1.54831
1.58366 2.44296
1.98509 0.487487
0.595581 3.81853
1.50737 2.62893
1.71046 2.07301
1.76211 1.89205
0.384236 3.92549
1.87582 1.38752
1.21349 3.17958
1.99594 0.25483
1.39296 2.87031
1.91465 1.15602
0.942807 3.52767
1.85492 1.4957
1.69705 2.11662
1.53841 2.55601
0.130529 3.99147
0.626557 3.79865
1.7495 1.93831
1.93249 1.03048
0.965772 3.50273
1.26943 3.09098
0.685886 3.75743
1.64173 2.2845
0.821504 3.64699
1.37585 2.90313
1.52298 2.59271
1.0953 3.34684
1.19443 3.20833
0.460636 3.89246
1.83304 1.59995
1.32351 2.99888
1.96474 0.747822
1.47561 2.70006
1.92371 1.09426
1.65582 2.24344
0.56359 3.8379
1.15565 3.26465
1.59842 2.40421
1.66974 2.20178
1.70681e-07 4
1.44312 2.76941
1.94101 0.964286
1.42658 2.80347
1.89576 1.2745
1.97195 0.667574
1.03219 3.42613
1.49158 2.66473
0.714331 3.73616
1.25097 3.12094
1.56874 2.48117
1.01042 3.45199
1.82176 1.65069
0.795665 3.66983
0.742109 3.71444
1.68348 2.15953
1.86547 1.44225
2 1.57149e-10
1.45945 2.73497
0.530539 3.8567
1.2877 3.06061
