3.18255e-12 0.77338 5.88679
0.600336 3.02831 3.48173
1.26273e-11 2.93252 4.08054
0.838141 3.37348 2.0179
1.15756 1.94746e-15 4.89291
1.66904 1.85002 1.79668
1.80037 1.74203 5.55888e-16
0.466039 6.90604e-16 5.83483
0.583169 3.45441 2.46782
7.06825e-12 1.71771 5.41861
1.58771 3.64022e-16 3.64863
1.46807 2.71646 4.55147e-15
0.94147 3.08142 2.58044
0.667637 2.72775 3.90474
1.00552 3.45771 5.69918e-16
1.32355 2.12139 3.17934
1.64951e-11 3.83075 1.72687
9.86255e-12 2.3968 4.80359
9.8674e-12 1.97058 5.22138
1.01951 1.34101 4.75387
1.88107 3.77377e-16 2.0382
0.769539 3.69205 6.5349e-16
1.27632 1.42986 4.09132
1.19109 1.13635 4.50848
0.643855 1.3742 5.2934
0.454277 3.89545 3.22835e-15
1.04075 3.21269 1.74026
0.652907 2.73332e-16 5.67128
7.85328e-12 3.61831 2.55785
1.47964 1.88508 2.88108
2 4.87714e-16 6.10179e-16
0.625828 3.79913 6.19329e-16
1.45649 2.47456 1.76918
0.842537 2.9017 3.26596
1.78028 3.94925e-16 2.73412
0.897603 3.57453 5.85169e-16
1.8327 3.75724e-16 2.40228
1.95094 0.880527 5.22947e-16
1.96683 1.33331e-15 1.08818
0.81076 2.55453e-16 5.48489
1.73589 1.3781 2.14644
1.05883 2.75751 2.96669
1.54439 2.54155 3.21432e-15
1.06126 1.36597e-15 5.08563
1.39003 1.17045 3.94057
1.25832 3.96275e-16 4.66365
1.61712e-11 3.22953 3.54018
0.913904 1.92172 4.49152
1.43908 1.68376e-15 4.1667
1.54523 1.294 3.27764
0.87238 1.11551 5.1333
1.38694 2.88193 6.22379e-16
1.10985 1.71213 4.28002
1.68157 2.16546 5.16847e-16
1.92497 4.45585e-16 1.628
1.23963 2.56413 2.716
1.82052 1.16994 1.75835
0.543937 1.83237 5.07766
1.52028 3.48444e-16 3.89856
1.718 3.92178e-16 3.07185
1.85532 1.4937 1.85887e-15
0.936341 2.56762 3.64361
1.10397e-11 2.20471 5.00633
1.23201 1.92434 3.74266
1.30158 3.03703 3.23506e-15
0.555069 1.04937 5.54522
1.1167e-11 2.59337 4.5681
2.70887e-13 2.28452e-16 6
0.651687 2.12683 4.69042
1.60698 1.65387 2.56982
1.14292e-11 2.7775 4.31769
1.41737 1.57978 3.50773
0.675711 3.22551 2.91237
1.11575 3.3197 1.91927e-15
1.90491 1.21873 5.88374e-15
1.55128 2.12982 2.03362
1.21847 3.17195 1.92415e-15
5.98349e-12 1.45407 5.58953
1.66799 1.13219 2.84184
0.821333 2.34415 4.19105
2.00084e-16 4 5.67478e-16
1.43861e-11 3.49613 2.91521
1.14484 2.37504 3.39296
0.800849 1.6569 4.90416
0.612556 3.62101 1.7668
1.16025 2.93829 2.11161
0.941644 3.92264e-16 5.29337
0.565615 2.481 4.3899
1.03918 2.1639 3.96804
1.44922e-11 3.3656 3.24248
1.65145 3.78538e-16 3.38442
1.35289 3.09034e-16 4.41895
4.75768e-12 1.15617 5.7439
1.61615 2.35631 6.12619e-16
1.26966e-11 3.08554 3.8182
1.39683 2.32021 2.51541
1.74326 1.96066 5.16847e-16
1.69014e-11 3.92513 1.15546
1.32022 2.72954 1.88408
1.53498e-11 3.73034 2.16568
