1.21167 3.18236
0.982419 3.48417
1.61842 2.35009
1.68915 2.14173
0.62464 3.79991
0.196985 3.98055
1.55829 2.50738
1.5271 2.58299
0.866114 3.60547
1.99154 0.36749
0.529868 3.85707
1.57361 2.46879
0.937004 3.53385
1.919 1.12683
1.32416 2.99774
0.841657 3.62856
1.34213 2.96559
1.70273 2.09828
1.06952 3.38001
1.92778 1.0652
1.9445 0.93581
0.251336 3.96829
0.654058 3.78006
2 1.76505e-08
1.64728 2.26844
1.13192 3.29773
1.98619 0.469269
1.44584 2.76374
1.47889 2.69287
1.90991 1.18698
0.594089 3.81945
1.66143 2.22679
1.23099 3.15257
1.79228 1.77508
1.26895 3.09178
0.913771 3.5581
0.299637 3.95485
1.04817 3.40666
1.95245 0.867035
1.15223 3.26948
1.39484 2.86665
1.71612 2.05419
0.890149 3.58197
1.89089 1.30311
0.460828 3.89237
1.83855 1.57447
1.8042 1.72613
1.54281 2.54538
0.343954 3.9404
1.46245 2.72854
1.82732 1.6259
1.75514 1.91781
1.81588 1.67639
1.51122 2.62008
1.02653 3.43292
1.1114 3.32553
0.738374 3.71742
1.17228 3.24084
1.90056 1.24561
0.959874 3.50921
1.25009 3.12236
1.95998 0.796218
0.496013 3.87503
1.74233 1.96397
1.76773 1.87098
1.84953 1.52214
0.765025 3.6958
1.97393 0.643741
1.87076 1.41459
0.562492 3.83854
1.28757 3.06082
0.682894 3.7596
0.385037 3.92517
1.09059 3.35297
0.131526 3.99134
0.816627 3.65137
1.96714 0.722097
1.99624 0.245238
1.30597 3.02949
1.60368 2.39015
1.88094 1.35952
1.86026 1.46893
1.42904 2.79846
1.00462 3.45875
1.19211 3.21177
1.67539 2.18456
1.41205 2.83274
1.93631 1.00141
0.71101 3.7387
1.35991 2.93302
1.98029 0.560157
0.423941 3.9091
1.72932 2.00943
1.49515 2.65671
1.63295 2.30953
6.55844e-07 4
1.58874 2.42972
1.37749 2.90001
0.791132 3.67375
1.7801 1.82344
