1.51574 2.60962
1.07161 3.37736
1.307 3.0277
1.75881 1.9043
0.579205 3.82859
1.41488 2.82709
1.53179 2.57186
1.3618 2.9295
1.1928 3.21076
1.57871 2.45576
0.94179 3.52876
1.11292 3.3235
1.6938 2.12701
1.73341 1.99527
0.411292 3.91451
1.89435 1.28289
1.7072 2.08372
1.09232 3.35072
0.638584 3.79063
1.28841 3.05942
1.44932 2.75642
1.17311 3.23964
1.59387 2.41627
1.78341 1.81047
1.65233 2.2537
1.86333 1.45326
1.85254 1.50743
0.848753 3.62194
0.748525 3.70929
0.447619 3.89853
1.96476 0.747603
1.83029 1.61251
0.87265 3.59916
1.25079 3.12124
1.88426 1.34099
0.824458 3.64432
0.3329 3.9442
1.13319 3.29598
1.60882 2.3763
1.62355 2.33587
1.98517 0.486236
1.39741 2.86163
1.48294 2.68395
0.694889 3.7508
0.722 3.73026
0.964125 3.50455
1.92302 1.0991
0.289745 3.9578
1.97201 0.666913
1.77121 1.85777
1.56328 2.49491
0.126742 3.99196
0.482417 3.88189
1.94071 0.966766
0.609304 3.80985
1.79541 1.76237
1.94909 0.896809
1.90417 1.22331
0.919111 3.5526
2 3.64425e-09
1.72042 2.03977
1.91373 1.16213
0.896081 3.57605
1.34371 2.96273
0.373194 3.92975
1.21231 3.18139
1.932 1.03413
0.190058 3.9819
1.99093 0.380478
1.84152 1.56051
1.02939 3.4295
2.31209e-06 4
0.774368 3.68801
1.26973 3.09049
1.63803 2.29508
1.87391 1.3978
1.49946 2.64697
0.98615 3.47995
1.81886 1.66342
1.37969 2.89583
1.97885 0.580222
0.242767 3.97042
1.68021 2.16971
0.799661 3.66636
1.46624 2.7204
1.05063 3.40364
1.80724 1.71334
1.9571 0.824081
1.66638 2.21193
0.667124 3.77091
0.515861 3.86465
1.32545 2.99546
0.54806 3.84688
1.99597 0.253716
1.15321 3.26809
1.0079 3.45494
1.43219 2.792
1.54766 2.53356
1.74622 1.9501
1.2316 3.15161
