0.820624 3.75847
1.18377 3.26969
0.40767 4.05219
0.299345 4.09558
1.34495 2.96561
0.478312 4.02102
2.18537 0.692789
2.0422 1.44636
1.36733 2.92674
1.67606 2.38289
2.20419 0.206816
1.64897 2.4565
1.47314 2.79702
2.12773 0.88214
1.16392 3.30489
2.19848 0.399255
1.63499 2.49306
1.04419 3.49236
1.90157 1.83798
1.55319 2.68786
1.70531 2.29647
0.885838 3.68442
1.98221 1.5868
1.30403 3.04133
0.252352 4.10948
1.42385 2.81052
2.157 0.829948
0.51036 4.00447
0.131441 4.13122
0.444335 4.03688
2.10364 1.01625
0.979213 3.57797
1.68888 2.34406
1.76441 2.22942
1.81163 2.15567
1.66346 2.41487
0.603244 3.948
2.14665 0.855189
1.82979 2.1051
1.58824 2.61145
1.22069 3.20054
1.38039 2.90194
1.02241 3.52211
2.02603 1.50599
2.07207 1.25686
0.999764 3.55203
1.25349 3.13541
1.40008 2.87255
0.729558 3.84817
1.56992 2.65097
1.49842 2.77749
2.06247 1.32113
0.196734 4.12186
2.17546 0.779467
1.51827 2.75276
1.10534 3.40162
1.8459 2.05145
0.631403 3.92808
0.544543 3.98532
0.86467 3.70927
1.93609 1.68928
1.08659 3.43066
0.777844 3.80245
0.657516 3.90853
2.05258 1.38418
1.61959 2.53237
1.9129 1.79016
1.95218 1.61437
1.12358 3.37251
0.841026 3.73603
1.71982 2.25349
1.60269 2.57444
0.337317 4.08209
0.934279 3.63161
2.00607 1.55475
0.572913 3.96823
0.753342 3.82628
1.06466 3.46311
1.79074 2.19785
1.87513 1.94371
1.14391 3.33889
1.88844 1.89151
2.08353 1.18078
0.682115 3.88884
0.375216 4.06658
1.32898 2.99544
0.799112 3.78113
1.2025 3.23509
0.956206 3.6058
2.0934 1.1015
1.86085 1.99782
1.53599 2.72282
1.28738 3.06413
1.92505 1.73695
2.11415 0.917085
1.23651 3.1693
1.26962 3.10195
0.910218 3.65834
0.704508 3.87028
2.19162 0.579514
