1.76423 0.149983 3.69162
0.847425 0.0505354 5.55357
0.11396 1.45925 5.76444
1.9992 0.151761 2.44931
2.18087 0.200284 1.03408
0.29177 0.0851121 5.93521
1.53899 2.87984 0.10065
0.963266 1.43608 4.8017
1.81727 1.6369 2.14489
1.40864 2.44172 2.60472
0.0872265 2.6624 4.67841
1.29281 2.18887 3.48936
2.04571 1.39664 0.606227
0.00103484 0.00064251 6.00064
2.16445 0.957807 0.200632
1.28807 0.100308 4.92698
0.993665 2.29588 3.90955
1.41537 1.38323 3.95289
0.717215 2.66364 4.03965
1.18104 2.9098 2.53433
1.77645 2.00346 1.70022
1.24676 2.58521 2.99595
0.918993 2.81749 3.2542
2.07469 0.966922 1.25169
2.14267 0.200223 1.62914
0.641035 2.93804 3.71697
0.840658 3.09621 2.85094
1.71006 0.657695 3.56079
1.27104 1.79833 4.0239
1.0047 2.03292 4.20071
0.107763 1.73751 5.587
1.80299 1.33572 2.64439
0.713678 2.11158 4.74172
0.447321 0.207811 5.84078
0.660557 3.86621 0.058302
0.0980162 2.2281 5.17651
0.545451 1.50228 5.44128
1.38902 3.15879 0.100179
1.62581 0.366997 3.95935
0.752522 3.32732 2.45226
1.12558 0.414375 5.07938
1.9394 0.15033 2.83224
0.646871 3.53252 2.0431
1.86394 0.150463 3.24431
0.550283 2.03347 5.04089
0.0505267 3.52834 3.01461
0.917073 1.18509 5.02919
0.99582 1.74611 4.4977
1.77179 0.994928 3.10812
1.69127 1.7875 2.70934
0.597588 0.389691 5.70278
1.35126 1.03002 4.36359
1.65772 2.56541 0.801628
1.62665 2.24298 2.26741
0.0808576 2.86152 4.39395
1.9457 1.91377 0.150509
0.598935 3.18886 3.26792
0.967323 3.59435 0.462552
2.21034 0.210519 0.210427
1.44396 1.71757 3.55288
0.52046 3.71358 1.59769
1.06791 3.20403 2.14489
1.27137 3.02165 1.70154
1.2599 0.753687 4.72566
0.0675589 3.20369 3.79185
0.999306 0.2171 5.32594
1.18426 3.23883 1.29756
1.87529 2.17546 0.150547
0.059853 3.36279 3.44419
1.78972 2.44231 0.150579
1.47532 3.00451 0.100148
0.0744441 3.03925 4.10208
1.28616 3.32101 0.100214
1.6027 2.73417 0.393412
0.710627 1.66425 5.12556
1.97234 1.31395 1.90404
1.44289 2.08627 3.08615
0.55003 2.51196 4.52194
0.839375 0.90322 5.27991
0.0259245 3.91949 1.40078
0.825768 2.28218 4.34142
0.744406 0.658178 5.48462
1.53873 0.100974 4.27122
1.43387 0.100195 4.5714
0.0929266 2.44875 4.94191
0.84522 3.72078 0.050314
1.99882 1.68406 0.151516
0.965218 2.55295 3.60503
1.08031 3.43471 0.872822
0.319071 3.89849 0.947877
0.509277 3.43958 2.77877
1.35067 2.745 2.15947
2.04827 0.475528 1.98734
0.0445731 3.67417 2.56619
0.0365263 3.80662 2.04132
0.10449 1.99127 5.39505
1.72546 2.30607 1.23103
0.00379052 4.00376 0.00422329
1.64554 1.43981 3.33556
1.15972 3.49248 0.100075
