1.15112 3.35916
0.520022 4.02045
1.57212 2.64478
2.11445 0.911748
0.805389 3.80536
1.75698 2.23417
0.223899 4.13504
0.721922 3.88106
1.78331 2.20832
1.68129 2.36463
2.08416 1.19165
1.03842 3.52425
0.573564 3.98626
1.72047 2.25369
1.65023 2.44985
0.355053 4.09969
0.876816 3.73015
1.69424 2.32765
2.19793 0.406799
0.946496 3.64696
0.316732 4.11247
0.667747 3.92361
1.93376 1.69909
0.5489 4.00242
1.51367 2.75935
1.17154 3.32553
2.19225 0.568895
2.03905 1.44625
0.921852 3.67752
1.41112 2.84262
1.95726 1.59181
1.66617 2.40657
0.971305 3.6148
0.60464 3.9671
1.60519 2.56531
1.12936 3.39387
1.21236 3.25433
1.83663 2.08354
2.17444 0.77026
0.491928 4.03681
0.46105 4.05339
1.94432 1.66207
1.87482 1.94669
1.29159 3.09961
1.8218 2.12983
1.42482 2.81046
2.18544 0.679837
1.10694 3.42797
1.92221 1.75091
0.8989 3.70482
1.97838 1.57386
1.35909 2.94878
0.638006 3.94487
2.09218 1.11819
1.34279 2.98684
0.390348 4.08608
0.69397 3.90365
0.778305 3.83119
2.02667 1.48844
1.8863 1.90195
1.86287 1.99192
2.06015 1.33842
1.55442 2.68475
0.852821 3.75648
1.25272 3.17835
1.32677 3.02321
2.10455 1.00918
2.07621 1.23066
1.58901 2.60483
2.05171 1.39051
1.38825 2.88174
1.19231 3.28985
0.427173 4.07
1.37422 2.91262
1.8048 2.17227
0.995576 3.58211
1.90923 1.80856
2.12697 0.879631
1.70747 2.28897
2.15513 0.832605
1.08511 3.45992
1.85016 2.0382
2.20298 0.203475
2.06849 1.28309
1.01781 3.55104
1.62036 2.52745
1.30946 3.06176
1.23389 3.21472
1.06172 3.49286
1.63534 2.48894
0.829001 3.78153
1.89774 1.85543
0.272378 4.12474
0.145444 4.14529
1.53434 2.72545
2.20028 0.2792
2.00522 1.53735
1.2725 3.13888
0.750004 3.85688
1.48598 2.78886
