0.832642 3.79804
1.15621 3.37254
1.86475 1.98367
1.93142 1.71303
2.01708 1.51824
1.64221 2.47136
0.500324 4.05083
0.973934 3.63708
1.52706 2.74098
1.62889 2.50667
1.80747 2.16834
1.68708 2.34864
1.88792 1.89432
1.61401 2.54385
1.406 2.86987
2.13646 0.869923
1.71871 2.25723
0.63439 3.96468
1.3417 3.02177
0.603342 3.98719
1.99334 1.56118
2.07963 1.20436
1.13677 3.40282
0.907917 3.7172
1.95566 1.59714
1.59842 2.58248
1.06221 3.51555
2.10243 1.02048
0.226165 4.14595
1.24659 3.21699
1.65671 2.43295
0.288947 4.13335
2.19052 0.598889
0.421866 4.08907
0.776226 3.85132
1.29924 3.11373
0.861319 3.76873
2.20036 0.258555
1.28228 3.14801
1.22973 3.24859
2.08741 1.14602
1.91101 1.79904
2.20443 0.205826
1.47874 2.79734
2.03634 1.4599
2.07009 1.27228
2.1159 0.897822
2.09567 1.08004
1.26466 3.18263
1.56609 2.6592
0.72088 3.8983
1.75903 2.23808
0.156507 4.15641
1.58334 2.61903
1.50846 2.76972
1.35664 2.98859
0.463655 4.06994
2.19588 0.469203
1.83912 2.07671
0.806318 3.82353
1.37362 2.94919
1.42148 2.81509
2.10886 0.962484
0.885761 3.74287
0.694718 3.91835
2.168 0.795682
0.952 3.66514
1.17518 3.34176
1.21256 3.27868
1.19301 3.31211
0.665522 3.94083
1.38959 2.91014
1.8765 1.93899
1.32889 3.0502
1.08043 3.48748
0.38055 4.1054
1.7873 2.20675
1.54706 2.70174
0.535016 4.03112
1.94362 1.65586
0.996139 3.60793
1.70144 2.31196
1.04253 3.54368
2.15371 0.839472
1.89858 1.85082
0.33758 4.12001
2.18046 0.723831
0.93061 3.69114
1.09844 3.45951
1.67172 2.39198
2.04899 1.40129
1.85191 2.03136
1.82331 2.12632
1.31482 3.08081
1.11594 3.43399
1.92076 1.757
2.06091 1.3329
0.748703 3.87512
1.02002 3.57562
0.570809 4.00918
