0.583067 3.64633 1.7499
0.0354925 0.00134805 6.00022
0.686752 3.47975 2.13167
0.468133 3.78431 1.35911
1.94439 0.152888 2.81946
1.26685 2.36537 3.31263
1.14816 2.99168 2.43605
0.0106673 0.0102265 6.01022
1.31942 0.974052 4.47915
0.787932 1.92838 4.81851
0.544508 2.76075 4.20665
1.78593 1.10664 2.95429
1.76396 2.51323 0.150313
1.41768 0.10067 4.61612
0.816755 0.808459 5.3426
0.601834 3.2529 3.15466
0.651558 0.461047 5.6323
0.665424 2.97719 3.63481
2.04325 0.384977 2.0728
1.22475 3.14434 1.48255
0.607935 2.43271 4.57055
0.791463 2.63685 3.96749
0.771647 3.29977 2.48116
1.69389 1.70716 2.8125
0.00984872 4.00982 0.0101971
1.40222 1.2882 4.06369
0.100625 2.48839 4.9143
1.86165 2.22024 0.150339
1.92801 1.98897 0.151811
0.0788472 3.18951 3.85087
0.0268908 4.00025 0.000793819
1.37956 2.62125 2.34431
0.980161 1.48684 4.73401
0.0443731 3.81723 2.0373
0.0585641 3.59135 2.87253
0.108404 2.26149 5.16501
0.131255 1.48383 5.77781
0.982576 2.49582 3.64926
0.123525 1.77127 5.59079
1.43589 3.08066 0.101485
0.0726261 3.33303 3.54851
1.80706 1.55199 2.3451
2.1611 0.99521 0.200975
0.851279 2.25069 4.36505
1.65214 1.37734 3.36713
1.51663 2.92711 0.101465
0.930265 2.79484 3.26564
1.01056 2.19202 4.00737
1.21989 0.652387 4.83304
0.338459 3.89183 0.95264
0.0957403 2.68131 4.67373
2.07558 0.788547 1.47833
0.0844102 3.0462 4.11704
1.3228 2.85402 1.98536
1.52742 0.102601 4.31108
2.17397 0.20124 1.1881
1.26381 0.100617 4.98147
1.72284 0.710552 3.48614
0.937916 0.139655 5.42752
0.0659461 3.46421 3.23081
0.85248 3.08634 2.83859
1.61953 2.68133 0.588489
0.517745 0.273542 5.7825
1.11122 3.38028 1.02563
1.32516 3.26311 0.100601
0.560034 1.43941 5.48933
0.553923 2.13594 4.9747
1.00914 1.82986 4.39761
0.840077 0.0514527 5.56529
1.05726 3.26696 1.95086
1.5908 2.51406 1.80416
2.00177 0.151395 2.42818
1.25109 1.63793 4.21731
0.837595 3.73055 0.0520796
2.00045 1.67786 0.151837
1.18729 3.45874 0.100737
2.04856 1.38516 0.586107
0.65781 1.69408 5.20437
1.62541 0.368097 3.96104
1.4421 1.66283 3.61677
1.42217 2.33916 2.74847
0.973857 3.58684 0.482728
1.07678 0.33139 5.18275
0.0902627 2.87146 4.40255
0.921123 1.14749 5.04913
1.71814 2.33958 1.17607
1.44621 2.01823 3.17393
1.22118 2.69246 2.87327
2.20602 0.206152 0.206032
0.035516 3.9209 1.46141
0.116216 2.01987 5.39315
1.9664 1.33402 1.92974
1.76926 0.150368 3.67351
0.0505468 3.70779 2.48053
1.86853 0.152282 3.22911
1.651 2.1303 2.35771
0.644056 3.87312 0.0526901
1.29381 1.99599 3.73406
0.344685 0.113224 5.90899
1.784 1.94294 1.78697
