1.04152 3.50927
2.14301 0.855662
1.83411 2.08969
0.702689 3.88542
0.354474 4.08895
2.19772 0.443957
0.954587 3.61849
1.78191 2.20431
2.11011 0.960985
0.312807 4.10364
1.56598 2.66053
0.547702 3.99309
1.80292 2.17057
1.53007 2.73133
0.266174 4.1171
2.11813 0.890017
0.845821 3.74899
1.25041 3.16396
1.12427 3.38796
1.72187 2.2469
1.32155 3.0131
1.19796 3.26342
0.912464 3.6719
1.9437 1.65119
0.932774 3.64664
0.86936 3.72291
1.28505 3.09284
1.88517 1.90462
1.40609 2.84699
2.19207 0.56768
1.68791 2.34622
1.26791 3.12863
2.04289 1.44285
1.5465 2.701
1.21637 3.22967
2.0623 1.32281
1.63226 2.49806
2.20228 0.203176
0.432673 4.05472
1.23424 3.1957
1.08555 3.44699
0.509135 4.01411
0.393916 4.07284
1.17949 3.29625
1.9324 1.70385
2.10406 1.01973
1.7563 2.22942
1.30365 3.0529
0.777211 3.81913
1.01977 3.53806
0.799762 3.79713
1.90845 1.80903
1.85947 2.00237
1.35667 2.9478
1.42594 2.8057
1.39316 2.87632
1.70313 2.30267
2.08913 1.1349
0.675453 3.9073
1.61232 2.54867
0.582455 3.97231
1.9203 1.75813
1.37983 2.90885
0.727597 3.86438
2.00731 1.53927
0.975619 3.59347
0.822276 3.77415
1.62276 2.52243
0.612632 3.95271
2.08087 1.19366
1.50433 2.76756
2.1754 0.759128
0.998436 3.56552
1.14288 3.35804
0.471764 4.03416
1.33952 2.97196
1.10543 3.41735
0.644522 3.93042
1.89628 1.85956
2.18418 0.69142
1.66836 2.40134
0.212948 4.12883
1.58161 2.6236
1.65013 2.45036
1.5968 2.58695
2.05264 1.38421
0.139288 4.13888
0.751878 3.84284
1.95718 1.5969
1.82079 2.12936
1.06407 3.47804
2.16417 0.804703
1.15974 3.33005
1.87208 1.95501
0.890935 3.69782
1.8473 2.04598
2.02724 1.49367
1.97944 1.57754
2.07171 1.2603
2.09654 1.07458
