1.37531 2.11147 3.3164
1.86152 2.22169 0.150518
1.24692 2.35242 3.40019
1.9943 1.7029 0.150967
1.3468 1.0877 4.34729
0.659839 3.03404 3.53493
0.851141 2.22922 4.39265
0.29174 0.0779586 5.936
2.00979 0.153402 2.38533
1.20946 3.18048 1.4188
1.28509 1.92275 3.84739
1.31279 2.88845 1.92963
0.723395 3.416 2.25173
0.0485181 3.75701 2.29698
0.928267 3.63966 0.326373
0.602577 0.379339 5.69454
0.0103544 4.01034 0.0148378
1.29995 0.100917 4.90203
0.957082 1.32 4.88934
1.42273 2.32833 2.76625
0.565803 3.3037 3.10227
0.561541 1.53746 5.43363
2.14177 1.16469 0.200731
1.41368 3.11688 0.100323
0.808583 3.22418 2.60101
1.82077 1.31858 2.56935
0.0418915 3.87662 1.74852
0.11701 1.82625 5.54163
0.082383 3.11349 3.99742
2.16156 0.200754 1.38214
1.59519 0.120806 4.1722
1.25886 0.793307 4.69979
0.753096 0.647182 5.47761
1.75458 2.53956 0.150518
1.00186 1.62826 4.59518
0.623311 3.58995 1.87926
0.642406 3.87247 0.0574478
1.26922 3.34602 0.100383
0.0945973 2.74034 4.5946
0.990165 0.209032 5.34255
0.105865 2.30264 5.11978
1.78887 0.977888 3.04229
2.05664 0.512612 1.89324
2.07547 0.921496 1.29692
1.81405 1.75875 1.9647
1.97352 1.34836 1.85476
1.6325 2.26929 2.17278
0.0159117 0.0156586 6.01565
0.977925 2.55534 3.56844
1.58903 1.96151 2.96297
0.482264 3.76887 1.40935
1.7631 2.09871 1.56461
1.65026 0.370941 3.87548
1.53465 0.101621 4.28523
1.41515 1.39539 3.9448
0.026873 4.00111 0.00212215
1.93273 1.9664 0.150666
0.646841 1.788 5.15138
1.43164 0.100966 4.57886
1.01618 1.88402 4.33594
1.60502 2.73113 0.393877
0.86495 0.942261 5.22922
1.71011 1.76065 2.64524
0.880223 3.00167 2.96658
0.578679 2.84392 4.02838
1.72321 0.730444 3.47788
0.0619988 3.54123 3.02229
0.126587 1.51413 5.75393
0.749988 2.00152 4.82115
0.0765831 3.25871 3.71204
2.18674 0.672567 0.200718
0.307974 3.91327 0.854499
1.65991 1.39514 3.3209
0.109034 2.0827 5.32778
0.936073 2.78726 3.27566
0.0665604 3.39609 3.39173
1.01093 2.21394 3.97686
1.26085 2.70358 2.69505
1.38042 2.60907 2.36376
1.691 2.44699 1.02441
1.12825 0.418182 5.07677
1.0144 3.53317 0.635362
1.13789 3.0638 2.28372
0.850269 0.0525762 5.55444
0.583045 2.37905 4.674
0.0888061 2.93522 4.30427
1.51412 2.93657 0.102913
0.839459 3.72602 0.0505576
0.0405621 0.00263485 6.00129
1.1073 3.38668 0.999244
2.20703 0.207174 0.209148
0.457422 0.205801 5.83466
1.80024 0.151212 3.54581
1.88345 0.150845 3.14652
0.100355 2.52566 4.87162
1.4434 1.706 3.56611
0.0549365 3.65378 2.67379
0.699817 2.58061 4.24689
2.04213 1.4264 0.552161
1.96242 0.15065 2.6918
