1.1948 3.26996
1.31682 3.02459
2.15905 0.829096
0.139257 4.1391
0.713491 3.877
1.95637 1.6062
1.00856 3.5532
1.5269 2.73909
2.13723 0.870713
1.15563 3.33768
0.59711 3.96346
1.93386 1.70461
0.628907 3.94195
0.794137 3.80333
0.965958 3.60536
0.371093 4.08289
2.07142 1.26667
1.61426 2.54612
1.1759 3.30324
1.26865 3.1279
0.906925 3.67947
2.02966 1.4879
1.97808 1.57938
2.10638 0.992458
1.25269 3.16069
1.85371 2.02489
1.02863 3.5271
1.54707 2.70397
1.09504 3.43358
2.19092 0.602684
0.440696 4.05126
1.05064 3.49731
0.686242 3.89921
1.84131 2.06955
0.497309 4.0204
1.34702 2.9586
2.0896 1.13161
1.86757 1.9736
1.21457 3.23369
2.17257 0.777802
1.89459 1.86768
1.64725 2.46041
0.740358 3.85377
1.3019 3.05774
0.282255 4.11315
0.945581 3.63108
2.20006 0.27355
1.37353 2.92141
0.565147 3.98324
0.986307 3.58089
1.07231 3.46676
1.40598 2.84753
0.819282 3.77788
1.50366 2.77138
1.92148 1.76014
1.38859 2.88371
0.223885 4.12717
1.68119 2.36692
2.0987 1.06245
2.05378 1.38085
1.58204 2.62256
1.69496 2.32815
1.80688 2.163
1.1154 3.40242
0.329069 4.09858
1.13541 3.37084
1.56174 2.67068
2.0805 1.20028
0.926203 3.65582
1.78823 2.19687
2.11493 0.902419
1.76175 2.22494
0.529987 4.00334
2.19627 0.456833
1.42546 2.81025
0.886159 3.70421
2.00795 1.53878
2.20506 0.205296
1.2857 3.09238
1.94525 1.65114
0.407665 4.06703
0.767181 3.82928
0.469179 4.03608
1.71089 2.28117
2.18312 0.700838
0.865907 3.72747
1.46974 2.79817
1.59766 2.58705
0.843308 3.75244
1.72461 2.24515
1.234 3.19698
1.33187 2.99076
1.90726 1.81655
1.88177 1.91906
2.06195 1.32971
2.04474 1.43425
0.658345 3.92075
1.82798 2.11544
1.66483 2.41251
1.63039 2.5054
