0.102987 2.07841 5.32022
1.53349 0.10069 4.28663
0.0843556 2.79856 4.49167
0.980772 0.20155 5.36025
0.53028 3.71426 1.56691
0.566471 2.16044 4.90485
1.19203 3.20119 1.45286
1.97468 1.283 1.92926
1.08761 3.14214 2.24562
1.2572 0.103058 5.00253
1.30187 2.15916 3.50103
0.295025 3.91325 0.892087
2.2063 0.206612 0.206459
1.01303 3.52359 0.774185
1.63153 1.35344 3.47697
1.67959 0.468424 3.741
1.22509 0.744628 4.79384
1.81862 1.57999 2.22218
1.67311 2.53311 0.754686
0.714704 0.598634 5.53304
2.06981 1.09815 1.06609
0.670071 3.85373 0.0505306
1.27209 2.98674 1.83247
0.998612 1.61404 4.60892
1.60483 2.72857 0.39741
1.9104 2.04975 0.150346
0.0906143 2.58234 4.78422
1.01337 1.90478 4.31589
0.0966425 2.33607 5.06815
1.0098 2.195 4.00072
0.55724 1.48279 5.44258
0.0404557 3.76789 2.21719
1.11396 3.36326 1.11283
0.783175 2.32198 4.38686
1.70174 1.64153 2.86043
1.8015 0.150532 3.53706
0.543841 0.320239 5.75502
0.0587048 3.41267 3.32818
0.0783037 2.97276 4.21951
1.96096 0.150401 2.69923
1.53603 2.88526 0.100434
0.839509 0.0524789 5.56757
0.0655155 3.27836 3.63962
1.18182 2.87274 2.61317
0.112439 1.80611 5.54804
0.0319366 3.87704 1.68544
0.0468441 3.65134 2.6482
1.61953 2.39386 1.95231
2.0346 1.48746 0.402118
1.32466 1.00915 4.4464
0.875535 3.01743 2.93903
2.15399 0.202306 1.51095
0.370514 0.140675 5.89624
0.122282 1.49132 5.7599
1.31905 3.27608 0.101989
0.986833 2.46671 3.68381
1.38555 1.29069 4.11228
0.632757 3.55984 1.98909
2.15761 1.02232 0.200308
0.592812 2.75156 4.12584
1.41889 0.101694 4.61649
1.66406 2.04757 2.44383
0.825752 1.93655 4.71183
1.8925 0.150458 3.09757
1.75411 0.787543 3.31906
0.827594 2.58884 3.921
0.051684 3.53616 2.9981
1.79571 1.92595 1.72279
0.812704 3.74889 0.0506946
0.79508 3.25057 2.56093
0.00133606 4.0013 0.00138701
1.28626 1.79324 3.97804
0.531646 2.48937 4.57863
0.718236 3.42924 2.23033
0.0719191 3.13482 3.93089
0.00154243 0.00135543 6.00136
1.45265 1.94532 3.25368
1.6024 0.243274 4.05639
2.0587 0.502377 1.87786
1.10045 0.413382 5.12817
1.25059 2.55839 3.03166
1.44074 3.07171 0.101309
1.80512 1.15107 2.81434
2.19721 0.201509 0.577547
1.99442 1.69985 0.150556
1.18187 3.46818 0.101742
2.01266 0.153535 2.36431
0.937191 2.77117 3.29253
1.40315 2.52371 2.49626
0.934065 1.26639 4.95923
1.8114 2.3783 0.150395
1.33512 2.7619 2.19652
0.676684 1.72976 5.13262
1.4377 1.57979 3.72531
0.680165 2.95909 3.60179
0.908611 3.66186 0.337101
1.74659 2.24059 1.24153
1.43578 2.24223 2.86908
0.841621 0.915822 5.26831
0.595513 3.22601 3.19319
