1.79473 1.82214 1.96895
1.0513 3.46362 0.930657
1.65032 0.439844 3.85848
1.50807 0.100659 4.36235
0.0115459 0.0114849 6.01148
1.59001 0.118601 4.1821
0.110778 1.83711 5.52317
1.30369 1.98345 3.72855
1.27947 2.43711 3.14995
0.64968 3.54493 1.99005
1.99812 0.150624 2.44783
1.14246 3.29006 1.36956
1.23763 0.75214 4.76306
1.40205 1.29276 4.062
2.14167 0.200259 1.64052
1.26262 3.35565 0.100893
0.811308 2.03842 4.64655
1.94433 0.150524 2.80321
1.62311 2.34173 2.05744
1.32477 1.04701 4.42697
0.496265 0.248343 5.80208
2.04386 0.426356 2.03935
1.28056 0.100958 4.94619
0.570691 3.26406 3.14851
0.0955402 2.39729 5.00254
0.942248 3.62227 0.450265
1.43701 1.60688 3.69253
1.4096 0.101041 4.63847
1.7294 0.747016 3.44406
2.13666 1.2085 0.201343
1.84605 2.27174 0.150474
0.554549 1.5901 5.38142
0.0121266 4.01211 0.0123134
0.950118 1.29716 4.91193
1.44895 1.91528 3.30345
0.0684838 3.21428 3.77441
0.552679 2.74224 4.20098
1.53136 2.90849 0.105947
1.45547 3.04246 0.1005
0.0291658 3.90933 1.48643
0.0278805 4.00034 0.000738839
0.357614 3.87914 1.00374
0.735995 3.38545 2.31564
2.20802 0.209475 0.208152
0.825021 0.0522337 5.58608
0.0829044 2.84739 4.41926
0.703017 1.77325 5.06291
1.43683 2.20732 2.92522
1.75167 2.54696 0.150926
1.68244 1.89099 2.60256
1.80913 1.4526 2.47582
0.120947 1.51492 5.74459
1.99773 1.68344 0.150817
0.524823 3.72245 1.5617
1.97308 1.33258 1.86826
1.60215 2.72846 0.504735
1.33042 2.82635 2.03182
0.101403 2.13333 5.26958
1.68696 2.4654 0.971075
0.999307 1.6295 4.59426
1.66133 1.48976 3.21987
0.039092 3.79552 2.10076
2.17875 0.788183 0.20067
0.0892861 2.63409 4.71835
0.700002 2.40991 4.43568
0.870389 0.966682 5.20538
0.762674 0.674875 5.45642
1.38902 2.56087 2.43888
0.0608118 3.37846 3.41258
1.75519 2.14659 1.49036
1.23593 3.09064 1.65181
0.671716 2.96782 3.6037
0.637408 0.43613 5.65079
2.04385 1.40659 0.584455
0.0290257 0.00299983 6.00233
2.07432 0.915566 1.32263
1.14567 3.51309 0.101547
1.36041 3.20656 0.10074
0.333606 0.104712 5.9172
1.16321 2.91243 2.58752
1.87871 0.150516 3.16973
2.18638 0.200538 0.910638
0.982505 2.50363 3.63829
1.01365 1.9238 4.29475
0.87886 3.00655 2.95458
0.937894 2.76815 3.29667
0.812401 2.58925 3.95815
0.542208 2.23627 4.85568
1.78371 1.09077 2.98018
0.0466116 3.65802 2.62624
1.92475 2.00894 0.153187
0.823637 3.74056 0.0512867
0.0520342 3.53191 3.01059
0.984138 0.198979 5.35387
1.78361 0.150509 3.61408
0.809732 3.2192 2.61487
0.655928 3.86667 0.0529186
0.075404 3.05215 4.08319
1.00797 2.22671 3.96493
1.11809 0.400137 5.09706
