0.0854425 2.42263 4.95465
0.0239865 3.85345 1.75715
0.841934 3.10245 2.82779
1.66515 2.5431 0.837532
2.07548 0.936916 1.29285
1.37865 1.16317 4.21402
0.0929901 2.13585 5.25149
0.664735 3.51049 2.08332
1.42278 1.46588 3.8633
0.969226 2.54765 3.60425
0.580058 1.92619 5.0796
2.16074 1.00176 0.2013
0.0060395 4.00571 0.00587083
0.556775 3.67247 1.71013
1.36624 3.19717 0.100368
0.528419 3.41907 2.74396
0.673118 2.95251 3.57991
1.54147 0.10347 4.27321
0.0078711 0.00493297 6.00493
1.58714 2.76786 0.427252
1.30089 0.860183 4.57195
1.26429 1.77085 4.0633
0.983563 1.56541 4.67314
0.0106624 4.00167 0.00188965
2.20804 0.208215 0.208769
1.10284 0.381088 5.12821
1.81155 1.57226 2.30948
1.07247 3.44547 0.860775
2.04347 0.427884 2.05248
0.0448541 3.50355 3.05884
0.560104 1.49009 5.41452
0.055912 3.22109 3.7245
0.0627305 3.07495 4.01042
1.6103 0.325111 4.02189
1.93152 1.9767 0.16264
0.97551 0.190837 5.36541
1.69319 0.662338 3.62925
2.17859 0.201138 1.09671
0.969668 3.59084 0.484644
2.13051 0.200746 1.77591
1.15859 3.28475 1.2362
0.857725 0.947208 5.23381
0.0986259 1.82997 5.50745
0.54547 2.7805 4.11572
0.525918 2.30101 4.77952
0.372739 0.140484 5.89478
0.597272 3.19233 3.21414
1.00002 2.25263 3.95237
1.99934 1.68406 0.151902
1.75605 0.150141 3.72638
0.843017 3.72339 0.0507182
0.76853 3.3192 2.4437
0.0782047 2.66337 4.65674
2.04287 1.42456 0.559469
0.928059 1.21699 4.99498
1.23686 3.39146 0.100228
1.76759 0.953706 3.16042
0.438415 3.81505 1.25859
1.99952 0.151932 2.44822
0.691685 2.46009 4.34416
1.44583 1.79565 3.46043
1.43874 2.13855 3.02487
0.838794 2.09164 4.49175
1.68574 1.86072 2.63163
1.97034 1.30147 1.93931
0.72327 0.60401 5.52291
1.74256 2.19408 1.46769
1.52015 2.92276 0.104555
1.78977 1.89275 1.86159
0.0391413 3.63477 2.6679
0.0327156 3.74482 2.2678
0.804661 2.62786 3.86166
1.61484 2.33384 2.13239
1.38008 0.100115 4.71045
0.0103499 3.95282 1.02431
1.24929 3.07359 1.63275
1.33558 2.80303 2.07398
0.655009 3.86679 0.0539633
1.4592 3.03493 0.100215
0.83709 0.0502056 5.56626
0.559799 0.333408 5.74035
0.0496002 3.35784 3.42225
1.92613 0.151614 2.91916
1.85861 2.22982 0.150168
1.79839 1.24613 2.76617
1.14721 2.97843 2.48084
1.25735 0.100116 4.99369
1.64767 1.5088 3.26027
0.7842 1.73136 4.92496
1.22914 2.63147 2.97308
1.29185 2.19523 3.49261
1.00634 1.92631 4.31163
1.47959 0.100111 4.44445
1.77871 2.47216 0.150183
1.20695 0.701087 4.85362
0.913087 2.85197 3.19958
1.39646 2.50581 2.52506
0.0701738 2.88972 4.32608
1.85071 0.150257 3.30873
0.10802 1.48063 5.74369
