2.11521 0.903548
0.455621 4.06599
1.51009 2.76474
2.03688 1.45832
0.67881 3.92413
0.378833 4.09923
0.704221 3.90701
1.55501 2.68389
1.14619 3.38225
1.90584 1.82093
1.25236 3.19861
1.94272 1.6569
2.00351 1.54451
1.86442 1.9848
2.02108 1.5076
1.93058 1.71294
1.36813 2.95221
1.95543 1.59796
1.22183 3.25522
2.18022 0.730611
2.19615 0.471321
1.08537 3.47246
0.944178 3.66407
1.30373 3.09571
0.730843 3.88634
2.10699 0.978057
1.75783 2.22699
1.23792 3.22584
2.06864 1.28297
0.821214 3.80407
0.847965 3.7771
0.965227 3.63664
1.63789 2.48354
1.33743 3.02295
1.38527 2.91185
1.6069 2.56277
0.983649 3.61266
2.1676 0.801834
1.18597 3.31759
2.18999 0.606849
1.65152 2.44714
1.69403 2.32915
1.41642 2.82518
1.62237 2.5241
1.72207 2.24662
1.91915 1.76415
0.419605 4.0826
1.87915 1.92877
2.05919 1.34316
1.70783 2.28886
0.492269 4.04715
1.80471 2.16652
0.873228 3.75033
1.57298 2.64356
0.920559 3.69248
1.02904 3.55031
1.00533 3.58371
0.755004 3.8633
2.08798 1.14077
1.06598 3.49809
1.785 2.19938
1.28633 3.13175
1.89233 1.87688
1.66609 2.40741
2.20019 0.288488
1.68012 2.36871
0.276984 4.13073
1.12578 3.4137
1.42521 2.81008
1.16555 3.35177
2.09849 1.05471
0.153505 4.15309
1.32094 3.05906
1.35223 2.98924
1.59075 2.6013
0.620215 3.96503
1.9822 1.57335
1.83572 2.08551
2.04886 1.40225
2.13142 0.878931
1.0476 3.52372
0.557607 4.00804
1.20526 3.28457
0.792163 3.83194
2.15062 0.848112
0.3291 4.11652
0.897144 3.72121
1.26855 3.1672
2.20503 0.205711
1.48388 2.7905
1.10683 3.44182
1.53455 2.72567
1.85063 2.03567
1.40143 2.87106
0.525379 4.02807
0.223665 4.14361
2.0784 1.21646
1.82091 2.12868
0.648788 3.9463
0.588813 3.98725
