1.99941 0.15174 2.44761
1.80502 1.80944 1.93675
1.6868 2.46509 0.974628
0.0515508 3.58567 2.86162
1.65203 0.450518 3.84862
0.969774 1.46388 4.77296
2.07501 0.877107 1.38164
1.0824 3.26392 1.86669
1.6484 1.56686 3.19768
0.947548 3.61923 0.406701
1.43382 2.22417 2.90381
0.761875 3.31257 2.47863
0.621032 3.13699 3.36102
0.0695566 3.17821 3.84535
1.42937 1.50787 3.80602
1.61593 2.34318 2.10247
0.786043 2.55326 4.06823
0.530194 2.70662 4.28984
1.87509 0.150216 3.18704
2.04393 1.41283 0.582902
1.32849 3.25732 0.100556
1.29082 0.10041 4.92183
0.890256 2.93096 3.0944
1.78452 1.08791 2.97829
0.835089 3.12082 2.80225
0.100206 2.14969 5.25279
1.94459 0.150942 2.80461
1.38039 1.16159 4.21112
0.0554974 3.46066 3.20366
1.29796 1.97482 3.75653
1.42989 0.100245 4.58223
1.99871 1.68355 0.151804
1.74741 2.55531 0.149597
0.870319 2.14849 4.4046
0.638886 2.32624 4.63689
0.684225 1.53948 5.25605
0.119101 1.54172 5.7268
0.553338 1.99776 5.07194
1.01803 0.243605 5.29378
2.04514 0.384278 2.08831
0.818734 0.0534622 5.59642
0.798651 1.81168 4.87075
2.20848 0.208638 0.208696
1.60062 2.732 0.500139
0.476374 0.235578 5.81877
1.27237 2.41117 3.22614
1.00816 1.73177 4.49404
1.21537 3.16688 1.44422
0.845946 3.72034 0.0504224
1.51469 0.10061 4.34319
1.72608 0.733562 3.46264
0.0827231 2.8385 4.43157
1.05458 3.47004 0.835134
0.646402 3.87287 0.0562209
1.43904 3.0719 0.100292
0.447973 3.80693 1.29187
0.0758826 3.02538 4.12878
1.68733 1.88795 2.57798
1.93276 1.96552 0.150522
0.990958 2.45435 3.70244
0.0627726 3.3226 3.5399
1.8204 1.39506 2.4791
1.75789 2.13446 1.50208
0.900858 1.11698 5.09079
1.20859 3.43006 0.100352
0.00434932 0.00408345 6.00408
1.23483 1.61152 4.29522
1.27767 0.777402 4.66031
2.16894 0.200733 1.26444
2.18066 0.762317 0.200521
0.31126 0.0913267 5.93026
1.37635 2.6218 2.35168
0.0472104 3.67934 2.56039
0.888212 0.0888062 5.49899
1.58604 0.259857 4.11051
1.77379 0.150162 3.65361
1.44819 1.8931 3.33215
2.13963 1.17945 0.200465
0.0890307 2.62661 4.72708
0.109061 1.87761 5.49075
0.56812 3.65225 1.76372
0.0417687 3.77892 2.18061
0.0327354 3.89463 1.59545
0.687471 2.87219 3.75568
1.29882 2.93289 1.86132
0.260841 3.9412 0.733117
1.9783 1.29205 1.87977
0.66866 3.501 2.10792
0.00364663 4.00359 0.00376493
0.637647 0.449142 5.64975
0.957057 2.69304 3.39838
1.01348 2.17718 4.02479
0.545595 3.3756 2.91236
1.52578 2.91176 0.102573
1.15921 0.486806 5.00068
0.793467 0.742374 5.40003
0.0944407 2.41378 4.98284
1.19418 2.81941 2.70879
1.85202 2.25271 0.150524
0.529902 1.36871 5.53439
