2.05697 1.35597
1.72713 2.23879
0.566874 3.99028
1.00921 3.56299
1.85784 2.0095
1.97405 1.58278
0.895028 3.71
1.91175 1.79611
1.68459 2.35549
1.84435 2.05864
0.623026 3.95508
0.953623 3.63792
0.371498 4.09329
2.19513 0.489085
1.35732 2.95725
1.05161 3.50893
1.54956 2.69492
1.65681 2.43247
0.325115 4.10967
1.26018 3.16746
1.12787 3.3988
1.61194 2.5489
1.95401 1.60543
1.38679 2.88593
1.42431 2.8088
0.795713 3.81727
2.18825 0.640601
0.478981 4.04351
0.594069 3.97409
2.13883 0.866496
1.99897 1.553
2.06726 1.2916
0.540032 4.0077
2.1763 0.758017
1.29575 3.09486
1.59732 2.58497
1.76069 2.21916
1.40166 2.85885
0.741152 3.86703
0.447906 4.05982
0.145514 4.14547
1.64208 2.47169
1.66984 2.39686
1.20488 3.27096
1.87167 1.95823
1.27763 3.13213
1.58294 2.61984
0.992204 3.5873
1.18615 3.30361
2.0968 1.06931
1.1084 3.42836
1.08969 3.45598
0.974106 3.61244
1.9357 1.69135
2.08667 1.15189
0.511313 4.02551
0.936021 3.65988
0.916197 3.68456
1.37081 2.92532
1.78849 2.18912
1.71309 2.27255
1.92437 1.74108
0.65344 3.93588
2.07716 1.22258
1.16761 3.3352
0.712477 3.89097
1.48145 2.79041
2.20065 0.263613
1.89724 1.85701
1.62759 2.50944
2.03383 1.46821
1.88479 1.90693
2.1062 0.984682
1.14866 3.36609
1.82683 2.11055
1.53151 2.73008
1.5677 2.65517
2.11548 0.900035
1.80911 2.15289
1.50911 2.76413
1.0301 3.53716
1.24216 3.20223
2.16123 0.82109
2.04664 1.4131
2.20494 0.205605
0.410315 4.0773
0.847895 3.7646
2.01778 1.51668
1.31217 3.05996
1.22473 3.23505
0.822488 3.79121
0.27956 4.12277
1.07099 3.48239
1.3272 3.0267
1.34233 2.99225
0.767493 3.84367
0.684211 3.91335
1.69848 2.31581
0.217298 4.13614
0.870487 3.73768
