2.14534 0.201816 1.61025
2.07451 0.933338 1.30094
1.76705 2.50878 0.152057
2.21332 0.213366 0.213387
0.991844 0.224269 5.34169
1.23793 0.691336 4.78762
0.946828 1.27726 4.92777
0.815535 3.19876 2.64831
0.104451 1.91829 5.45208
0.813103 3.74879 0.0510063
1.28097 0.100939 4.94529
1.30696 3.2921 0.101072
0.617291 3.08979 3.44816
1.76854 0.966304 3.14607
0.508709 1.41714 5.5269
0.738654 3.37996 2.32703
1.86597 0.150952 3.23682
0.0929821 2.46407 4.92513
0.822678 1.87142 4.77041
1.94066 1.94113 0.152663
1.17701 2.91477 2.52558
1.41215 2.42203 2.63385
1.67639 1.66582 2.9569
0.0292232 0.000826516 6.0002
0.641214 3.5597 1.95429
1.51432 0.100828 4.34448
1.42446 3.10033 0.101323
0.344263 3.88879 0.961784
1.39433 1.2629 4.10851
0.537985 2.05454 5.03698
0.0717847 3.06015 4.06003
0.0356655 3.80373 2.04893
0.0284514 4.00042 0.000858583
1.86605 2.20954 0.152597
1.61506 2.69423 0.569377
2.0441 1.40747 0.586158
1.06516 3.45302 0.896258
0.688731 2.8125 3.84481
0.576754 0.346362 5.72325
1.6569 2.12361 2.33475
0.0432831 3.68803 2.51517
1.11664 0.40907 5.10104
0.986129 2.4923 3.65501
1.43286 1.54041 3.76841
0.0869215 2.68015 4.65517
0.116062 1.54941 5.7175
1.28276 1.75893 4.02275
1.77579 2.02012 1.67078
0.853981 0.913473 5.25258
1.64897 0.435765 3.86441
1.57751 0.241 4.14066
0.996178 1.60492 4.61751
0.945213 2.7323 3.34391
0.382765 0.140963 5.88658
1.70727 2.38708 1.10179
0.064282 3.23151 3.72885
1.41191 0.10071 4.63107
1.93744 0.151752 2.85384
0.078114 2.89619 4.3362
0.023974 3.92211 1.36906
0.663536 3.85794 0.0561379
1.01452 1.95039 4.26679
1.44068 2.13119 3.03113
0.883952 2.98971 2.98084
0.511379 3.73661 1.50404
2.18645 0.200726 0.916133
0.012562 0.0124839 6.01248
0.00708762 4.00704 0.00856548
1.00854 2.23213 3.95845
1.33095 0.967045 4.45187
1.53156 2.89882 0.10312
1.27158 3.00358 1.77866
1.16184 3.49182 0.100979
1.99857 0.152431 2.45074
2.04755 0.453992 1.99923
1.99822 1.6864 0.151409
0.941306 3.62549 0.438239
1.96392 1.35394 1.92442
1.25459 2.55404 3.0288
1.5764 2.54405 1.82824
1.80502 1.64904 2.2132
2.18469 0.706912 0.200841
1.44748 1.80805 3.44299
1.71838 0.694561 3.51376
1.29301 2.15775 3.53201
0.0980581 2.2132 5.19055
0.535846 3.32612 3.05078
1.17144 3.24273 1.3948
0.822746 2.43604 4.14574
1.77241 0.150791 3.66234
0.836043 0.0510485 5.56954
0.691768 1.62844 5.17753
0.048899 3.56029 2.92244
2.14368 1.15678 0.202131
1.34558 2.74782 2.19199
1.801 1.29286 2.70417
0.529058 2.59653 4.43813
0.743521 0.630595 5.49081
0.0550816 3.41115 3.31959
0.686094 2.28029 4.604
