0.882984 3.69864
1.54722 2.70203
1.01692 3.53636
0.970946 3.59406
1.24159 3.17168
1.81856 2.13882
0.702234 3.87985
0.48563 4.02204
1.75503 2.23798
1.78483 2.20873
0.905419 3.67173
1.28987 3.07218
2.05169 1.39026
1.19191 3.26565
1.58493 2.61566
1.40369 2.85707
0.81027 3.77907
1.95583 1.60208
1.14007 3.35501
0.642821 3.92639
2.20125 0.26449
0.784592 3.80507
1.8961 1.86041
0.92588 3.64621
0.388403 4.06906
1.88297 1.91345
1.07834 3.45103
1.97131 1.58246
1.05856 3.47947
1.22553 3.20327
1.80388 2.17466
1.12015 3.38719
1.38806 2.88876
1.62058 2.52757
0.67317 3.90342
0.135547 4.13537
0.25538 4.11515
1.25713 3.14047
1.83255 2.09659
0.83481 3.75309
1.27363 3.10639
0.553581 3.98539
1.56732 2.65726
1.94244 1.6722
0.947893 3.62129
1.09906 3.41997
2.13793 0.870308
2.20521 0.205868
1.70484 2.29872
0.302496 4.1016
1.686 2.35316
2.09249 1.12029
1.85704 2.0117
1.31942 3.00656
1.30558 3.03786
0.422234 4.05324
1.52773 2.74165
1.9977 1.55226
1.65483 2.43838
1.03766 3.50852
1.9208 1.75579
1.60423 2.56858
0.613379 3.94728
2.01479 1.52097
0.859624 3.72569
1.42107 2.81819
1.35392 2.96514
2.17524 0.770845
2.16167 0.821843
1.84448 2.05628
2.19372 0.540957
2.06257 1.32114
2.18801 0.652013
0.585247 3.96595
0.348644 4.08542
1.71869 2.25566
0.727551 3.85819
0.202875 4.12636
1.20888 3.23447
1.37309 2.92579
1.33633 2.98562
0.519935 4.0044
1.93075 1.71136
2.11621 0.902853
0.756172 3.83222
1.90865 1.80839
1.87051 1.96141
1.17467 3.29629
1.66985 2.39724
2.073 1.2516
2.19777 0.421836
2.10953 0.966035
0.994052 3.56561
2.10054 1.04794
0.452838 4.03734
2.08346 1.18612
2.03541 1.46166
1.63764 2.4844
1.15822 3.3248
1.49966 2.78444
