0.0413317 3.63674 2.67081
0.611318 2.2088 4.77835
1.44371 2.05544 3.13011
1.37796 2.61646 2.35944
1.65923 2.56133 0.804602
0.416225 3.82538 1.26358
1.32951 3.25537 0.100256
0.000601168 0.000415643 6.00039
1.26695 1.67144 4.15825
1.1989 2.8292 2.65103
0.97557 1.51938 4.7222
0.860574 3.03703 2.93832
1.67725 0.52974 3.7336
0.847615 2.02399 4.55514
0.764407 3.30619 2.49294
0.717434 2.86224 3.67154
1.7887 1.89762 1.85387
0.786494 0.925667 5.34075
2.14108 1.17205 0.201122
1.26265 2.47747 3.13837
2.03777 0.376877 2.11569
1.13335 3.34008 1.09916
0.0107704 4.0016 0.00166431
1.32073 2.85725 1.98701
0.10073 1.83768 5.50552
0.355971 0.129255 5.90473
0.0529111 3.34913 3.45197
1.99894 0.151335 2.44778
0.501853 1.54918 5.44533
0.794414 2.4004 4.23279
1.63957 2.18321 2.31705
0.623251 3.13459 3.31122
0.0471152 3.49902 3.07855
0.0813552 2.64739 4.68401
0.000469555 3.99372 0.34856
1.7336 2.26764 1.29147
1.28306 0.791303 4.64304
0.060101 3.20472 3.76825
0.526345 3.39915 2.82764
1.19146 0.54931 4.92141
1.96945 1.33298 1.92602
1.32023 0.100629 4.85529
1.79644 1.21065 2.81476
0.541337 1.90571 5.14884
0.950666 0.160158 5.40555
2.04566 1.39813 0.601492
1.23771 3.11188 1.54716
1.93861 1.9449 0.152058
0.0341506 3.76363 2.20313
1.08096 0.338432 5.17463
1.99797 1.68854 0.151585
1.04949 3.48195 0.772948
1.41758 1.40743 3.92842
0.557209 3.67074 1.72067
1.78888 0.150464 3.59136
1.80709 1.5507 2.34671
1.4194 2.34913 2.74226
0.664413 3.50455 2.10902
1.00406 1.86371 4.378
1.95071 0.151154 2.76837
1.75124 0.860132 3.28905
0.905912 1.13054 5.07963
2.20644 0.207268 0.207533
1.20068 3.44034 0.100277
0.936741 2.73725 3.36386
2.15696 0.200886 1.45104
2.07467 0.857081 1.40978
1.45586 0.100547 4.51272
0.0227652 3.89362 1.53496
0.0671476 3.04962 4.06537
0.486653 2.54057 4.54521
1.68686 1.73675 2.80549
0.98122 2.4343 3.75289
0.941822 3.62461 0.377361
1.00301 2.15922 4.064
0.074082 2.86589 4.37094
2.18208 0.751551 0.20127
1.88376 0.150893 3.14641
1.58912 2.76136 0.43784
1.09577 3.18491 2.08021
1.60742 0.315183 4.0311
1.51394 2.92957 0.100294
1.44258 1.7138 3.56295
1.36093 1.07566 4.31499
0.0882852 2.40427 4.98025
1.64004 1.37251 3.41973
0.1118 1.48103 5.74932
1.53968 0.101318 4.27005
0.646784 0.572533 5.61299
1.43339 3.08187 0.100256
0.0943747 2.14999 5.24146
0.505626 0.340402 5.78311
1.29642 2.07625 3.6404
0.838582 0.0534203 5.57143
0.842214 3.7238 0.0507778
1.87925 2.16717 0.152658
0.602566 2.72474 4.12655
0.631436 3.87794 0.0508442
1.78463 2.46093 0.152037
0.768675 1.70752 4.98052
