1.61313 2.6969 0.578407
1.2846 3.32341 0.100256
0.05461 3.4907 3.12618
1.26684 1.72553 4.09869
0.0434768 3.75284 2.28875
1.879 0.150217 3.16686
1.35406 2.72856 2.18613
1.26775 0.100262 4.97178
1.38844 3.15993 0.100244
1.8231 1.52709 2.28677
0.0863296 2.81341 4.47571
0.0988348 2.33811 5.07052
0.839935 0.870558 5.28867
1.68385 2.472 0.978133
0.0494952 3.62613 2.73598
1.74793 0.858055 3.30512
1.29091 2.96062 1.80813
0.00550886 0.00258953 6.00258
1.41197 0.100301 4.62966
0.541667 1.52316 5.4391
1.42747 1.50526 3.81446
2.00078 0.150498 2.42814
1.54051 2.88016 0.101792
0.987386 1.53671 4.68311
0.88465 2.98812 2.98228
0.590822 2.03576 4.99999
0.833645 1.87164 4.76308
0.372808 0.133164 5.8927
1.78542 1.92615 1.81494
2.20585 0.206006 0.206408
0.601048 3.0991 3.48483
1.59712 0.277493 4.07806
0.0701569 3.17917 3.84523
1.38265 1.18764 4.18717
1.46538 3.02342 0.100232
1.99867 1.68051 0.150773
0.934862 1.2169 4.98373
1.44633 1.8742 3.36556
1.93948 0.152024 2.84304
1.30101 2.14707 3.52385
1.97046 1.35234 1.86109
1.74572 2.2015 1.40226
2.19092 0.200488 0.786355
0.540022 2.69875 4.28907
1.24015 2.58425 3.02274
1.18873 3.22257 1.35139
0.813897 3.20493 2.63863
0.10881 1.79645 5.54861
0.0618482 3.3375 3.50526
1.78821 0.150201 3.59266
0.997128 0.214539 5.33046
0.940437 2.7578 3.3093
2.14201 0.200087 1.63539
0.574547 3.65795 1.7151
1.69424 1.65907 2.86946
0.119856 1.47632 5.76431
0.641351 3.87209 0.0554122
1.62927 1.29997 3.52496
0.761438 2.24928 4.5231
0.573563 3.33019 2.98107
0.0795313 3.01199 4.16015
1.31803 0.90416 4.51089
1.75026 2.55188 0.150812
1.84766 2.27077 0.151559
0.00381044 4.00381 0.00399257
1.12026 0.406532 5.09124
0.450892 3.80044 1.30196
2.15188 1.07535 0.200337
1.01225 1.86096 4.35946
1.00851 2.22233 3.96959
1.66568 0.496358 3.78673
1.12619 3.0671 2.31765
1.22222 0.701083 4.81478
0.103069 2.0832 5.3163
0.267349 3.93039 0.788604
0.665679 3.51904 2.04199
0.842762 3.72298 0.0503827
0.689827 0.524925 5.57793
1.43496 2.19983 2.9396
0.703559 2.84226 3.78624
1.52711 0.10324 4.3139
0.829858 2.4762 4.09459
0.556469 0.319422 5.74441
0.95715 3.60658 0.422861
0.52675 2.42398 4.67148
0.0927638 2.59467 4.77421
2.04146 0.380804 2.07712
0.982798 2.50204 3.63926
1.92954 1.98957 0.155605
0.719701 1.62286 5.15047
1.40426 2.47151 2.5617
0.749385 3.35742 2.36687
1.14792 3.50745 0.100238
1.80523 1.21107 2.77198
1.07289 3.44358 0.877969
0.844107 0.0502468 5.55731
1.65211 2.12791 2.3527
0.03436 3.88105 1.6795
2.05108 1.36568 0.616281
2.07681 0.911517 1.29229
