1.86806 2.19963 0.15048
1.04829 3.47724 0.847479
1.16461 0.585471 4.96969
1.41606 2.30597 2.83902
1.0978 3.07649 2.41032
0.822705 3.74025 0.0504846
1.53865 0.100526 4.27013
1.19987 3.44294 0.10098
0.366846 0.128111 5.89593
0.0455134 3.58623 2.83695
0.10326 1.86124 5.49271
2.04181 0.415854 2.06085
0.0849128 2.61041 4.73777
0.29128 3.92454 0.788857
2.20875 0.208848 0.209088
0.697781 2.8324 3.77952
0.0345015 3.78836 2.10674
0.0129098 0.0128705 6.01287
1.68608 1.65529 2.92865
1.26265 1.95626 3.87239
0.675689 2.27216 4.62012
2.07371 0.960171 1.26267
1.96966 1.34298 1.90767
0.667313 3.85588 0.0507632
1.43409 1.73582 3.5707
0.757788 0.661057 5.46523
1.00687 1.74357 4.47837
1.6587 2.10903 2.35565
1.6635 0.836624 3.6795
1.82535 0.15038 3.42909
1.44524 2.02055 3.19086
2.04473 1.41023 0.579345
1.27892 2.37755 3.25046
1.59528 2.49475 1.83489
0.0373391 0.000949662 5.99967
0.0648156 3.16245 3.86089
1.27878 3.00117 1.73927
1.77513 2.48317 0.15049
1.99772 0.150785 2.44954
1.01154 2.2036 3.98979
0.646319 1.54771 5.28541
0.5629 2.65876 4.29325
0.0581094 3.30565 3.56098
1.33853 0.100994 4.81392
0.968885 1.39965 4.81322
0.0713112 3.00781 4.14539
2.18669 0.200224 0.896947
0.58885 0.362391 5.70964
0.972177 2.58174 3.53848
1.89081 0.150338 3.10609
1.21648 2.72103 2.83243
1.4523 0.10064 4.52261
0.0504225 3.44867 3.21529
0.114344 1.50277 5.74126
2.15987 1.00063 0.200316
1.34167 2.78152 2.10837
0.918777 2.06942 4.35654
1.82009 1.57448 2.22162
1.9968 1.68763 0.150429
0.526739 2.01484 5.07528
1.17857 3.23448 1.37395
0.0785059 2.82241 4.44422
0.0964365 2.14981 5.24553
1.34074 1.15466 4.32652
0.929889 3.6355 0.404447
0.835944 0.053741 5.57516
1.53914 2.88005 0.100804
1.39005 2.55122 2.46318
0.479248 3.77205 1.39218
0.814148 3.20298 2.64017
0.49943 1.31161 5.58255
1.27575 0.804184 4.65964
1.61707 2.69763 0.450647
0.817072 2.49031 4.06878
2.14145 0.200357 1.64538
0.0295598 4.00068 0.00119979
1.94115 1.93143 0.150401
0.558099 3.34111 2.9401
0.0250025 3.89369 1.54973
1.81189 1.21946 2.71372
1.72433 2.33461 1.12121
1.74671 0.150813 3.76643
0.903402 2.92028 3.08114
1.00768 0.231266 5.32138
1.79108 1.97222 1.66653
1.19336 0.101083 5.12701
0.636492 3.09009 3.39509
1.94522 0.150375 2.79739
1.42183 3.10382 0.100875
1.40934 1.43367 3.9344
0.788233 1.8024 4.87985
1.60897 0.256602 4.03355
0.716949 3.42469 2.23585
0.0904568 2.40641 4.98246
1.75413 0.907604 3.25284
0.889515 1.03007 5.14879
0.0406992 3.68867 2.50191
0.013063 4.01298 0.0130754
1.30974 3.28676 0.100783
0.611249 3.60602 1.8426
