1.69106 2.34197
1.345 2.98053
1.5037 2.77707
1.31005 3.0589
1.92211 1.75026
2.18067 0.710864
1.90906 1.80652
2.1706 0.771451
1.32813 3.01914
1.01286 3.55676
1.20816 3.26077
1.58261 2.62095
1.5298 2.74023
0.789864 3.81953
1.46421 2.80291
1.62774 2.50948
0.287372 4.12029
0.334217 4.10617
1.93369 1.69783
2.02486 1.50685
0.81669 3.79328
1.88149 1.91866
2.09456 1.09482
1.13678 3.38154
1.11687 3.41257
0.990891 3.58727
1.0765 3.47178
1.22487 3.2305
2.13646 0.861972
1.1744 3.32009
2.06215 1.32376
1.54736 2.70244
2.04006 1.45158
0.737208 3.86723
1.81809 2.13499
1.15641 3.35007
0.943998 3.64879
2.0512 1.39266
1.05597 3.50025
1.19055 3.29233
0.377931 4.09011
0.844699 3.7642
1.72217 2.2462
0.682115 3.91223
0.417283 4.07352
1.86892 1.96734
2.08371 1.17262
2.20038 0.21444
1.36047 2.94443
1.77853 2.20628
0.627078 3.95183
2.20204 0.202182
1.59781 2.58452
1.95498 1.60483
0.480048 4.04211
0.898007 3.7048
2.10439 1.0078
1.70558 2.2999
1.80066 2.17324
2.18985 0.604115
0.145873 4.14568
0.871819 3.73456
1.37477 2.90995
2.11627 0.890386
0.59894 3.97028
0.567994 3.98899
1.42903 2.8196
0.968194 3.61772
0.4483 4.05863
1.09755 3.44134
1.67669 2.38207
1.3889 2.88161
1.66086 2.42655
1.75109 2.23099
1.83266 2.09392
1.41284 2.83911
1.56496 2.66231
0.540879 4.0062
2.00718 1.54796
0.652727 3.93414
1.85728 2.01089
0.922504 3.67559
0.709619 3.89043
1.03505 3.52837
2.07319 1.24924
1.94516 1.64431
2.15289 0.829492
1.29211 3.09757
0.510814 4.02463
2.19651 0.449457
1.25876 3.16528
1.98316 1.58204
1.61328 2.54613
1.84489 2.05457
1.27486 3.13301
0.763069 3.84441
1.64484 2.46484
0.225706 4.13422
1.89479 1.866
1.24202 3.19792
