1.72951 0.746191 3.44436
0.0767722 3.04125 4.10497
1.43841 2.15294 3.00175
0.0955794 2.42404 4.97419
1.13174 3.0247 2.42363
0.0331964 3.87391 1.70949
0.973126 1.40817 4.80609
0.957321 2.60429 3.5452
0.0436027 3.75426 2.28348
0.552741 1.98741 5.08741
0.00372145 4.00344 0.00367176
1.03958 3.49712 0.727783
1.2161 2.67908 2.93402
1.19958 0.568623 4.89869
1.40226 2.47327 2.56838
0.55082 1.39476 5.5003
1.23864 3.10813 1.55166
0.0697676 3.21165 3.78314
2.04536 0.418679 2.04277
0.65396 3.54506 1.98396
1.30081 1.80578 3.92234
0.586309 3.31292 2.99128
1.68223 1.57323 3.03245
1.63597 0.395825 3.92041
1.54904 0.10434 4.25021
2.07337 0.74665 1.55843
1.44667 1.82072 3.42717
2.16188 0.201177 1.38078
1.00611 1.71837 4.50751
0.101278 2.17753 5.22969
0.70519 1.59232 5.18883
0.0126533 0.0123103 6.01231
1.79434 1.16404 2.87585
2.0624 1.22879 0.859243
0.840362 0.0502008 5.56204
0.842661 3.72318 0.05049
1.74349 2.2083 1.40658
0.267885 3.93775 0.729416
1.94575 0.150868 2.79703
0.0837765 2.84619 4.42311
1.30766 2.9053 1.90323
1.99747 1.68648 0.151109
0.458162 3.79799 1.31169
0.109429 1.89187 5.48071
1.58958 2.76171 0.440314
0.636916 0.453202 5.65089
1.44439 3.0622 0.100352
0.339267 0.109226 5.91401
0.822489 2.36419 4.25598
1.30651 0.870517 4.55432
2.20722 0.207847 0.20769
2.00869 0.155794 2.40662
1.781 2.46592 0.150344
1.8737 0.150223 3.19416
0.731672 3.39302 2.31183
1.48087 0.100184 4.44106
1.29344 2.28538 3.34461
1.66375 2.54877 0.826949
1.02554 0.253719 5.27974
1.18198 0.100227 5.14679
0.560227 3.68246 1.6522
2.03502 1.48506 0.443147
1.7896 1.88806 1.87186
1.21166 3.42609 0.100407
1.36328 0.100284 4.75252
1.51929 2.92459 0.102254
0.119807 1.5484 5.72406
1.92927 1.98467 0.151639
1.40675 1.32702 4.02138
1.0055 2.32407 3.85138
1.82331 1.54716 2.26422
0.649692 3.06172 3.4603
1.35501 2.71869 2.20838
1.34335 3.23411 0.1004
0.64651 3.86876 0.051206
0.950121 3.61457 0.408971
0.908065 2.91039 3.10201
0.502263 0.26803 5.79622
1.01612 2.02776 4.18909
1.96525 1.31863 1.96128
0.0335091 0.00248806 6.00147
0.540105 2.87531 4.00575
1.14075 3.32707 1.11763
1.60672 1.26319 3.64086
0.048387 3.63032 2.71889
0.851902 1.93613 4.66418
0.806292 0.774037 5.37557
0.640238 2.20061 4.76935
0.821753 3.18635 2.67886
0.773552 2.73319 3.81712
0.536778 2.55117 4.49345
1.77626 0.150195 3.64332
0.0625848 3.36329 3.45178
0.0899378 2.64305 4.70875
1.85472 2.24824 0.151547
1.6556 2.01196 2.55015
2.16945 0.911633 0.201504
0.0550005 3.50059 3.10252
1.60911 2.37899 2.05746
0.916035 1.12973 5.06532
