0.667686 3.00315 3.53114
0.0474516 3.43134 3.24629
0.935138 0.16864 5.42874
1.72142 2.32617 1.19963
0.298614 0.0895123 5.93337
1.77555 2.48272 0.150642
1.29676 0.903868 4.56442
0.0525298 3.27339 3.6102
1.65095 2.05317 2.50689
0.967831 1.40172 4.8131
2.18579 0.201169 0.941922
0.519852 1.43553 5.50644
1.57772 2.79337 0.377538
0.738436 3.37608 2.34296
0.666683 3.85608 0.0506031
0.2617 3.93788 0.721467
0.978704 2.5165 3.6299
2.1692 0.91299 0.201186
0.641731 3.54126 2.02698
1.23724 0.100961 5.03724
0.562515 2.09152 4.96378
1.10573 3.08199 2.35541
2.13697 0.200439 1.69985
0.783763 2.63209 3.90382
0.546426 2.79247 4.1306
1.42323 2.18364 3.01871
1.59217 0.273428 4.08918
0.557692 3.30437 3.06091
1.51403 2.93031 0.100527
1.99787 1.68738 0.151465
1.19681 0.615175 4.89313
0.0452736 3.56878 2.88467
1.80126 1.28104 2.71476
0.957641 3.60039 0.535614
0.083402 2.49041 4.87533
1.59821 2.4098 2.05357
1.1612 3.49324 0.101224
1.41354 3.1193 0.101073
1.22559 2.66156 2.92103
0.667433 1.61981 5.20153
0.644391 0.451475 5.6424
0.927939 2.76537 3.33058
1.17686 3.23197 1.39226
0.551316 3.67492 1.70351
2.00003 0.152805 2.44447
0.00362657 4.00358 0.00361708
1.66933 0.5018 3.77253
1.27809 1.84392 3.95027
1.79623 0.150374 3.55924
1.28153 2.2743 3.40421
1.36984 1.21248 4.20852
1.07638 3.42687 0.982304
0.0603703 3.11431 3.93513
0.611959 2.44659 4.53246
2.20959 0.210368 0.210557
0.018665 3.90455 1.4407
1.29735 3.30653 0.10103
1.06021 0.342267 5.21117
0.0677251 2.92602 4.2648
1.51387 0.10043 4.34535
1.77669 2.00799 1.68951
2.04624 1.39325 0.61333
1.94974 0.151947 2.78075
2.07504 0.983686 1.22217
0.0372276 3.6726 2.53926
0.0761542 2.71254 4.58843
1.43277 1.85451 3.43885
0.910208 1.12169 5.07642
0.892318 2.9547 3.04291
0.826267 3.73843 0.0510953
1.39437 0.100476 4.67568
1.94681 1.9188 0.152436
0.0966476 1.91848 5.43815
0.00398003 0.00375059 6.00375
0.431828 3.81094 1.29965
1.41556 1.52373 3.83855
0.786149 1.89081 4.79327
1.6478 2.59913 0.737524
0.0313257 3.78433 2.10696
1.685 1.6399 2.9427
1.75523 0.879019 3.26127
1.26899 2.99471 1.8197
0.467702 0.228875 5.82506
1.8058 1.64393 2.21449
1.38577 2.50549 2.57904
0.814057 0.806125 5.349
1.01356 2.01165 4.20427
0.089484 2.22857 5.1594
2.04531 0.437626 2.02858
0.994548 1.7124 4.53137
0.838188 2.2443 4.32045
1.87622 2.1718 0.150408
0.105172 1.52644 5.71346
1.00521 2.26243 3.92536
1.62944 1.30362 3.52143
1.97198 1.30474 1.92251
1.89211 0.150304 3.09902
1.33265 2.77204 2.18144
0.812132 0.0504344 5.59805
0.81616 3.16816 2.73139
