1.7559 2.233
0.511359 4.01955
1.81768 2.14992
1.6492 2.45296
0.387019 4.08252
1.03474 3.52522
1.83156 2.10254
2.07079 1.27606
1.95634 1.59933
1.90875 1.81378
1.13986 3.37214
1.66446 2.41178
0.692084 3.90112
0.148406 4.14793
2.18114 0.7434
1.94294 1.66293
1.36802 2.91872
0.901497 3.69587
1.2696 3.13768
0.876787 3.72444
1.30245 3.06883
2.06054 1.33733
0.19433 4.13706
1.18074 3.30422
1.60461 2.56739
0.633563 3.94449
2.0495 1.40235
2.09766 1.06439
1.58858 2.60637
0.570963 3.98475
0.600791 3.96676
1.23501 3.20566
1.78499 2.20439
1.88336 1.91166
0.347841 4.09771
1.98997 1.56425
1.57066 2.64882
0.746945 3.8552
2.08926 1.13288
1.93209 1.71143
1.28602 3.10378
1.89478 1.86923
1.42034 2.83401
1.39922 2.8601
2.11172 0.935449
2.01462 1.52345
2.08051 1.20582
1.33558 2.99532
0.924745 3.66774
1.55306 2.68948
1.07695 3.46731
1.70558 2.29529
0.2576 4.12449
2.19439 0.517857
0.79901 3.80663
2.20696 0.207435
0.661404 3.92466
1.5173 2.76638
1.01136 3.55544
2.12176 0.892348
0.452334 4.05223
2.16703 0.810488
1.21767 3.23837
1.0573 3.49494
1.53586 2.72772
1.11943 3.40423
2.03418 1.46696
0.990079 3.58294
2.10468 1.0039
1.31837 3.03406
0.422266 4.06704
0.946619 3.64038
1.62027 2.52808
1.15982 3.33953
1.92119 1.76076
1.80282 2.17553
1.49306 2.80588
1.38755 2.88676
2.20061 0.31372
1.7212 2.25324
2.14956 0.853593
0.309712 4.11059
0.851681 3.75226
1.85788 2.00865
1.67954 2.36987
1.63346 2.4994
0.719132 3.87911
1.09694 3.4382
1.87105 1.95935
1.25226 3.17223
1.35141 2.95846
1.84433 2.05752
0.968421 3.61197
1.19979 3.27078
1.69279 2.33229
0.54173 4.00162
0.773043 3.83145
2.18857 0.640756
0.482522 4.03611
0.826298 3.7791
