0.656728 3.92311
0.783745 3.81499
1.00985 3.55255
1.68194 2.36562
0.713371 3.87841
1.29722 3.07022
2.06787 1.28665
2.19548 0.479539
1.14543 3.35621
1.80854 2.16297
2.20055 0.302472
2.11683 0.901661
0.828685 3.76963
1.53719 2.72351
2.0934 1.09826
0.684521 3.9018
2.16692 0.808646
0.394197 4.07459
2.18928 0.619098
1.98106 1.5748
0.853079 3.74345
2.00347 1.54462
1.18812 3.28415
1.34794 2.95662
1.82841 2.11463
2.10932 0.955752
1.20727 3.24927
1.76172 2.2278
1.4861 2.79476
1.62176 2.52518
1.9062 1.82254
1.40993 2.84849
1.66893 2.40196
1.72265 2.2497
1.78966 2.19734
1.07055 3.47077
1.08691 3.44712
1.94069 1.67354
1.84177 2.06831
0.738108 3.8573
2.18326 0.720068
1.36877 2.91799
0.467231 4.03881
1.6051 2.56688
1.86756 1.97467
2.07625 1.22917
2.0361 1.45902
0.596411 3.96485
0.966225 3.60604
0.760859 3.83656
0.988754 3.57898
0.94312 3.63627
1.24261 3.18254
2.02096 1.50759
1.57138 2.64806
1.42221 2.81568
1.39091 2.88722
1.28007 3.10873
1.71045 2.29267
0.806105 3.79296
1.9307 1.71994
1.12163 3.39422
1.22551 3.21528
1.65484 2.4402
1.58763 2.60981
0.140528 4.14
1.55547 2.68487
1.63941 2.48015
2.10209 1.02441
0.431842 4.05719
1.2622 3.14402
0.208907 4.1309
0.500976 4.01966
1.87987 1.92702
2.20601 0.207239
1.89323 1.87573
0.308775 4.10658
1.31508 3.03146
0.352656 4.09146
1.10346 3.42235
1.91705 1.77642
1.51483 2.76217
0.532168 4.003
2.14357 0.862169
2.08491 1.16502
1.33243 2.99216
0.897508 3.69259
0.562655 3.98571
0.265356 4.11886
2.05842 1.34741
1.05147 3.49749
1.03025 3.52619
1.69539 2.32711
1.95489 1.59811
0.920461 3.66488
1.16754 3.31983
1.85488 2.0224
0.875183 3.71874
0.628355 3.94363
2.04862 1.40245
