1.36003 2.93565
1.26157 3.1389
1.37331 2.91366
0.321094 4.09964
1.8703 1.96212
1.15891 3.3301
0.568473 3.97992
1.42226 2.81382
1.48689 2.79205
1.84437 2.05735
1.1939 3.26847
0.720859 3.86821
1.67463 2.3831
0.663096 3.91521
0.775063 3.81896
0.898465 3.68595
0.47263 4.03113
1.69928 2.31409
0.851013 3.74067
1.40617 2.85244
2.00068 1.54767
1.85737 2.01033
1.39248 2.87564
2.05107 1.3885
1.02157 3.5345
2.09376 1.09385
1.64693 2.45848
1.88295 1.91335
1.75905 2.24496
1.56738 2.65569
2.06337 1.31594
1.91658 1.77459
0.874319 3.7145
0.799614 3.79473
2.10315 1.01336
1.71606 2.2648
0.636007 3.93475
1.03953 3.51075
1.832 2.09963
0.402513 4.06771
1.12091 3.39278
1.17611 3.30053
2.16067 0.825635
1.92726 1.74025
1.95519 1.59698
2.17174 0.788976
1.22662 3.20779
2.07431 1.24191
2.19608 0.458173
2.18999 0.605398
0.436303 4.05064
2.11816 0.898831
1.60143 2.57451
0.270617 4.11672
1.05524 3.48892
0.693527 3.89135
1.58365 2.61761
1.78528 2.21597
0.603722 3.95709
1.55158 2.69115
1.07551 3.46016
1.10088 3.42305
1.66049 2.42203
2.08453 1.16792
0.997926 3.56461
1.68766 2.34644
0.825624 3.76829
1.33229 2.98592
2.01997 1.50828
1.21099 3.23776
0.53375 3.9998
1.90637 1.81853
2.20594 0.206116
0.970155 3.59871
1.61699 2.5358
2.20061 0.260163
1.89537 1.86365
0.14648 4.14614
1.819 2.14073
1.53321 2.7288
1.29534 3.06828
2.18391 0.70517
1.63239 2.49648
0.359727 4.08494
1.80412 2.17984
1.27829 3.10408
0.921644 3.65731
1.31441 3.02597
0.504608 4.01508
1.24315 3.17594
2.11092 0.940392
0.747759 3.84438
0.209851 4.13301
2.14181 0.864604
1.51441 2.76057
1.98008 1.5744
1.9383 1.68762
2.0374 1.45236
0.94464 3.62866
1.13942 3.36166
