0.435828 4.04095
1.03864 3.50055
0.630719 3.92921
1.99452 1.5575
1.20519 3.2312
1.65468 2.44297
0.910063 3.65878
1.05701 3.47467
1.85869 2.00642
1.36161 2.93921
0.355887 4.07013
1.23781 3.16813
1.22194 3.19953
2.09263 1.10713
1.07614 3.44697
2.11581 0.906163
1.5687 2.65421
2.19682 0.449809
1.94668 1.64056
2.07573 1.23291
0.716306 3.86072
2.15907 0.829416
0.600469 3.95046
0.689837 3.88335
1.82956 2.11018
0.865591 3.70928
1.61884 2.54243
2.1089 0.964493
0.975644 3.58296
0.568907 3.97095
2.04939 1.40696
1.70031 2.31401
1.49383 2.80937
2.17476 0.772139
1.60334 2.57123
0.534603 3.99158
1.01857 3.52775
0.50236 4.00924
1.68197 2.36675
1.81334 2.15914
0.842725 3.73522
0.252296 4.10617
0.65926 3.90774
1.8837 1.91155
2.05803 1.3527
1.18703 3.26482
1.53346 2.73406
1.26823 3.10615
1.90504 1.8247
1.31863 3.02258
1.76422 2.24406
2.03614 1.45905
1.51584 2.77123
0.742148 3.83751
1.55199 2.69264
2.06732 1.29111
2.20636 0.20667
1.42276 2.83797
0.308698 4.08858
1.16847 3.2977
1.91523 1.78422
0.818742 3.76139
1.13332 3.35739
1.79404 2.20424
2.19286 0.552301
1.92953 1.71969
1.09414 3.41969
2.13681 0.871759
1.34234 2.97854
1.66924 2.40195
1.58704 2.61089
1.29616 3.04729
2.08417 1.17093
0.931749 3.63491
1.2541 3.13538
1.15059 3.32872
1.84454 2.05774
0.996439 3.55662
2.10121 1.03478
0.768593 3.81249
2.01784 1.5147
1.71527 2.26817
0.794938 3.78626
0.402367 4.05495
1.28193 3.07677
1.87176 1.95743
1.93925 1.67696
1.39977 2.87299
2.18643 0.676384
0.134372 4.13402
1.1139 3.3888
0.887812 3.68297
0.470589 4.02518
1.89494 1.86623
1.95596 1.59504
0.194738 4.11969
2.20036 0.288517
1.37778 2.90141
1.63925 2.48609
0.952814 3.61038
