0.820344 0.0517998 5.58974
0.819316 1.90415 4.76635
1.21246 2.72773 2.83504
0.988722 1.54093 4.67987
0.0296732 4.00023 0.000703183
0.709189 2.82718 3.80688
1.86473 0.150839 3.24247
0.579074 0.347932 5.7212
1.66962 1.93857 2.60105
2.05501 1.32796 0.713508
0.560744 2.03387 5.03803
2.17106 0.200861 1.23068
1.65729 1.47847 3.25018
0.118775 1.50893 5.7447
2.00036 1.68556 0.153242
0.616193 3.101 3.45686
1.41479 2.32653 2.80827
1.25857 0.100746 4.99284
1.76003 0.150838 3.71227
1.99049 0.15152 2.50861
2.03867 0.166671 2.27148
2.15059 1.0923 0.201039
1.51511 2.9301 0.101194
0.819294 2.44546 4.16651
0.892205 2.96081 3.0223
1.95088 1.89751 0.151702
1.60479 2.38172 2.08305
0.542356 3.35032 2.98834
0.096405 2.41358 4.98712
1.73299 2.59618 0.150515
1.07497 0.335045 5.18633
0.554182 1.47832 5.45385
0.956954 0.172823 5.39653
0.0437969 3.73753 2.34628
0.0853393 2.81562 4.47016
0.818589 0.806665 5.34369
0.0652982 3.32327 3.54633
0.924808 1.16585 5.02784
2.07086 0.725623 1.61696
0.72827 3.40378 2.28173
0.0722938 3.17018 3.86794
0.0571201 3.48064 3.15999
0.669907 3.85511 0.0520541
1.437 2.04457 3.18108
1.37775 2.58149 2.44962
1.00107 2.34619 3.82607
1.27628 1.80731 3.99407
1.01449 1.94408 4.27423
0.0787321 3.00618 4.16745
1.80533 1.36324 2.60689
0.654721 3.54011 1.99783
0.70575 0.552624 5.55552
1.20007 0.676015 4.87186
1.61289 0.329951 4.0136
0.699286 1.63737 5.16966
0.828829 3.73713 0.051568
1.31365 3.2805 0.10047
0.970316 3.59071 0.535741
1.33271 2.79939 2.1078
1.39854 0.10086 4.66605
0.0307144 0.0011084 6.0004
0.811648 3.21586 2.62604
1.89052 2.12268 0.150588
0.102904 2.15949 5.24906
1.37639 1.16947 4.21808
1.07305 3.42709 1.03638
1.4445 1.72343 3.54621
1.26214 3.03265 1.72393
1.42153 1.44317 3.89163
1.79606 1.94964 1.69211
0.544317 2.67222 4.3213
2.20466 0.204839 0.206063
1.17455 3.4746 0.100467
1.77507 1.02852 3.07295
0.0914197 2.60877 4.75421
1.82146 2.3484 0.150475
1.42136 3.10378 0.100414
0.014135 0.0141193 6.01412
1.81667 1.67147 2.10043
0.289207 3.92528 0.787097
0.397685 0.153219 5.87876
0.671614 2.30082 4.61469
1.16552 3.2471 1.41395
1.25777 2.23338 3.53989
0.00495564 4.00493 0.00603798
1.93324 0.151229 2.87471
1.73832 2.23523 1.36788
0.573118 3.66163 1.70964
1.30032 0.880218 4.56829
1.70272 0.644888 3.59716
1.51477 0.101325 4.34557
1.97844 1.27896 1.90017
1.58873 2.76531 0.434808
0.0508187 3.60012 2.81766
1.67041 2.51964 0.904959
0.107661 1.85664 5.5037
0.036065 3.86861 1.75382
1.10946 3.09129 2.3168
0.957521 2.67068 3.42593
0.450361 3.80209 1.29766
