0.9576 1.33768 4.87182
0.788005 2.64464 3.90906
1.26439 2.0996 3.69495
1.22917 0.757186 4.77936
1.97613 1.30735 1.88221
1.6002 0.244415 4.06629
1.2301 2.70577 2.80773
0.787571 1.89874 4.80546
1.32481 2.84654 1.99728
0.0837755 2.6935 4.63086
1.23152 3.12549 1.52192
1.8778 0.150685 3.1756
1.52611 0.103755 4.32173
0.540795 2.76766 4.16549
0.115782 1.52397 5.73168
0.877534 0.991051 5.18334
1.02074 3.52431 0.660825
1.80839 1.79378 1.92159
0.850832 2.22966 4.33945
0.984313 0.196188 5.35138
0.814897 3.74929 0.0518786
0.926195 2.83212 3.2024
2.13944 0.200315 1.66929
0.474031 3.77602 1.38096
0.997589 1.63348 4.58848
0.559336 3.30848 3.03848
1.00154 2.3165 3.86136
0.0114009 0.0113899 6.01139
0.791266 3.25843 2.54736
1.61667 2.36097 2.07394
0.595152 3.62799 1.79106
2.2096 0.209637 0.209787
1.78726 0.150255 3.59715
1.43275 3.08327 0.100332
0.0767484 2.90893 4.31374
0.0250994 0.00278391 6.00237
1.9351 1.95658 0.150598
1.99754 0.151123 2.45682
0.844145 0.0504569 5.55775
1.11371 3.34681 1.22169
0.644718 3.00353 3.5697
1.43245 2.23419 2.89235
1.66719 0.498161 3.78112
0.968533 2.59837 3.51809
1.79235 2.435 0.15063
0.502693 1.35395 5.56315
0.027909 3.99985 0.000233713
1.31651 0.920358 4.50782
0.0360325 3.78442 2.13041
0.915534 3.65894 0.268714
1.15645 3.01247 2.33946
0.584554 0.357224 5.71352
0.0964353 2.20365 5.19634
0.628168 1.63082 5.25879
0.607568 2.41207 4.5631
1.51337 2.93114 0.100345
0.104126 1.90609 5.46081
2.07432 0.981911 1.22966
2.04388 1.41244 0.581104
1.65693 1.55677 3.16886
1.868 2.1991 0.150284
0.062384 3.25548 3.67613
0.0268129 3.89164 1.57342
1.82078 1.44168 2.41289
1.9989 1.68238 0.151379
1.67948 2.5109 0.811165
0.0476897 3.55827 2.92355
0.296162 3.91887 0.813858
2.04824 0.468008 1.99071
1.69179 1.91087 2.51406
1.43214 1.52781 3.77893
1.59105 2.76324 0.345893
0.0117175 4.01159 0.0115916
1.4072 0.100344 4.64224
0.0900889 2.4759 4.90598
1.28832 2.3751 3.21939
1.73691 0.782961 3.39348
1.32527 3.26215 0.10027
1.28711 1.70623 4.05813
0.0539521 3.41887 3.298
2.1794 0.200545 1.07047
1.94614 0.150557 2.79237
2.17039 0.892641 0.200622
1.0142 1.99317 4.22071
1.38894 1.20587 4.1577
0.702775 3.45028 2.18612
1.39021 2.55551 2.4421
1.20193 3.43904 0.10084
1.7853 1.1171 2.94981
0.649955 3.86613 0.0502142
0.385736 0.143231 5.88385
1.27869 0.10026 4.94808
1.11424 0.392687 5.10509
0.857871 3.07363 2.85126
0.0427504 3.67174 2.56629
1.448 1.868 3.36477
0.525375 2.07612 5.02402
0.0694545 3.09521 3.99383
0.754108 0.655208 5.47071
1.75491 2.13265 1.53751
