1.93603 1.69793
1.07912 3.45136
0.413844 4.05426
1.92395 1.74587
2.19677 0.467341
0.933178 3.63902
1.62638 2.51987
0.257313 4.11354
0.196279 4.12618
0.141605 4.14127
1.69328 2.33798
2.18652 0.678484
0.577186 3.97188
1.20017 3.25286
2.08484 1.16528
1.67775 2.37995
1.95258 1.61566
1.91118 1.80113
1.05689 3.48326
1.50962 2.78347
1.55855 2.67812
2.01669 1.51961
1.03606 3.51214
2.11636 0.898735
0.38155 4.06942
1.52524 2.75244
2.20429 0.205454
1.60801 2.56032
1.16274 3.31907
2.09416 1.09148
0.844693 3.74372
1.88625 1.90265
1.8748 1.94779
2.13956 0.866067
1.42081 2.83502
1.57407 2.64223
2.20052 0.277224
1.28075 3.09337
2.17542 0.764105
1.24304 3.17051
1.09697 3.42482
0.911868 3.6652
0.819976 3.77033
0.477362 4.02701
1.80759 2.16723
0.979175 3.58576
0.95731 3.61132
1.11864 3.39114
2.11031 0.958681
1.26312 3.13056
0.607855 3.95193
0.889914 3.69178
1.54271 2.71403
0.796921 3.79406
1.29909 3.05401
1.13993 3.35696
2.07598 1.231
1.01754 3.53721
0.774308 3.81645
1.66309 2.42045
0.451626 4.03877
1.78751 2.20539
0.697171 3.88517
1.18259 3.28406
2.16048 0.823244
1.96996 1.58586
1.35335 2.94903
0.86676 3.71879
1.59286 2.59699
2.05693 1.35959
0.547488 3.98977
1.86366 1.98983
2.04692 1.41823
1.99724 1.55508
2.03248 1.47705
1.82422 2.12378
1.89774 1.85639
0.998809 3.56103
1.49337 2.81012
0.638688 3.93024
1.39854 2.86675
1.85024 2.0389
0.669606 3.90707
1.31737 3.01338
1.70876 2.28972
1.72156 2.25512
0.302529 4.10028
1.37748 2.90181
0.345256 4.08419
0.749847 3.83919
2.10183 1.034
2.06675 1.29478
1.22278 3.21013
0.512773 4.00908
0.724212 3.86219
1.64272 2.47418
1.33575 2.98368
2.19148 0.584025
1.7584 2.23379
1.83763 2.08341
