1.43476 3.07975 0.10034
1.81287 1.73366 2.00743
1.21397 2.7536 2.76611
0.0433736 3.61758 2.73711
0.522455 2.73457 4.23491
1.27929 0.100776 4.94832
0.848949 2.02295 4.58573
2.07425 0.90236 1.34884
1.24106 0.671619 4.78005
0.547401 3.67768 1.70368
1.24995 1.66659 4.19441
2.2083 0.208473 0.208535
1.93779 0.150852 2.84508
0.425255 3.81278 1.29617
1.42466 0.10062 4.59731
0.0907111 2.36695 5.02447
0.862379 3.02077 2.96707
0.0276475 3.86226 1.73506
0.979925 1.58178 4.66252
0.976535 0.187864 5.36455
1.36952 2.65822 2.29667
2.04259 0.422707 2.05123
1.76889 2.06086 1.61534
1.5891 2.7691 0.320575
0.574956 2.20109 4.83844
0.0691751 3.03915 4.08828
1.99656 1.68915 0.150539
1.61428 0.322554 4.01805
2.15457 0.200416 1.47706
0.671228 2.41985 4.44767
1.29311 2.00839 3.72265
1.10948 3.38387 1.00443
0.571685 0.357167 5.72655
1.44676 2.00215 3.19408
1.86522 0.151646 3.23917
1.40335 1.30406 4.04946
0.00222377 4.00194 0.00200499
1.81983 1.3778 2.49721
0.506926 1.91432 5.18186
0.387448 0.154926 5.88275
2.13832 1.18915 0.200439
1.68833 0.599333 3.66986
0.804017 2.56134 4.01603
0.0841249 2.61066 4.73571
1.44068 1.65363 3.63302
0.739818 0.648437 5.49056
1.69507 1.77866 2.70383
0.630864 3.87834 0.0506349
1.56622 2.53088 1.93613
1.33721 0.992194 4.42166
0.0622093 3.20066 3.78212
0.959216 2.58191 3.56868
1.86795 2.19979 0.150483
1.97556 1.31705 1.8731
0.00226987 0.00213827 6.00214
0.587387 1.4469 5.42832
1.93507 1.95615 0.15047
1.18277 3.46395 0.100399
0.0367202 3.74322 2.29259
0.93495 1.28011 4.94631
2.04651 1.38626 0.619887
0.91697 2.80828 3.27293
0.840683 3.72615 0.0511022
1.4221 2.34013 2.74621
1.12265 0.413039 5.08668
0.0768739 2.83701 4.41952
1.29337 2.95423 1.81667
1.77644 1.01983 3.07019
1.64317 2.19023 2.28209
0.666435 2.94849 3.64915
1.78665 0.150515 3.60105
1.26652 2.41766 3.22493
1.52323 0.102095 4.32374
0.588788 3.24328 3.13097
1.13019 3.07497 2.27046
1.64534 1.41891 3.35657
0.0484819 3.49122 3.1033
0.732269 3.36716 2.38497
1.32005 3.27028 0.10031
0.63756 3.54432 2.03151
0.991456 2.292 3.91768
1.51995 2.92364 0.102359
0.852328 0.941463 5.24519
1.99765 0.150536 2.45106
0.0546746 3.35194 3.45144
0.756098 1.66697 5.05295
2.18213 0.73953 0.200508
0.808402 3.18342 2.70833
1.00314 1.94747 4.29465
1.71629 2.34873 1.16164
0.940243 3.62757 0.362349
0.115208 1.46835 5.75964
1.65527 2.58893 0.67135
1.77891 2.47242 0.150407
0.825643 0.0522584 5.58442
0.104765 1.78924 5.54679
1.19797 3.20406 1.38461
0.0968933 2.09912 5.29108
0.0159608 3.95152 1.08852
1.02738 3.51516 0.694304
