0.539428 1.94685 5.12764
0.710698 0.5916 5.54365
0.904644 2.89177 3.1372
2.21016 0.210174 0.210772
1.28788 0.990863 4.55512
0.75362 3.33749 2.41935
0.0626227 3.28049 3.62657
1.85159 2.25558 0.151282
1.24723 2.55317 3.07154
0.540589 3.69861 1.62644
0.0940537 2.36517 5.03312
1.37627 2.60143 2.4211
1.29639 2.15985 3.53171
1.75319 2.54495 0.151227
1.69392 2.43763 1.04878
1.99811 1.68637 0.151309
1.44707 0.100538 4.53678
1.52006 0.101176 4.32959
1.35334 0.100608 4.77746
1.15586 2.97941 2.43995
0.658049 3.52466 2.04597
1.80023 1.78417 2.00953
0.108153 1.82126 5.52994
1.42522 1.51758 3.8123
0.836803 0.0511385 5.56852
1.58289 2.78162 0.378387
0.0386536 3.76516 2.2191
1.78827 0.150894 3.59629
2.00741 0.153614 2.40547
0.0886079 2.57571 4.78776
2.19248 0.202252 0.792672
0.957137 2.63803 3.49676
0.318699 3.90398 0.909991
1.42469 2.25308 2.89366
1.03159 0.279516 5.26885
1.21283 3.1666 1.46431
0.374007 0.147951 5.89452
1.44404 1.88308 3.36512
0.830048 3.73592 0.0514872
1.09141 3.41055 0.969392
0.433347 3.81265 1.27803
1.59697 0.272103 4.0748
0.987231 2.3479 3.86139
0.005763 4.00571 0.00572433
1.75691 2.13301 1.52522
1.59526 2.50712 1.79066
1.81316 1.43873 2.4717
0.0697814 3.12666 3.93947
0.955916 3.60757 0.480805
1.79109 1.12028 2.924
1.37569 1.18483 4.21673
1.21452 0.101855 5.08753
0.560876 2.62378 4.35581
0.988807 1.64081 4.60669
0.0824308 2.78236 4.5094
2.04092 1.44205 0.533909
0.0997281 2.10309 5.29294
1.01028 2.01541 4.20924
0.590951 3.26349 3.09456
1.62838 1.32191 3.51277
1.50921 2.94121 0.100987
1.30184 3.29815 0.100363
2.07281 1.06163 1.11413
1.6926 1.67842 2.85384
1.93187 1.97001 0.150844
0.113294 1.47975 5.75222
0.661661 3.86039 0.0538508
1.26514 1.77523 4.05623
0.861064 2.06803 4.50461
0.0494412 3.54367 2.96968
1.88275 0.150645 3.15007
0.685832 2.80764 3.86117
1.94316 0.151971 2.8208
1.04247 3.27533 1.98793
0.609336 3.04199 3.58203
0.89808 1.10242 5.10849
1.16323 3.48871 0.100345
1.7432 0.820677 3.35172
0.540142 0.305463 5.76027
0.813585 0.834521 5.34145
0.768574 1.73468 4.97781
1.19149 0.723187 4.88392
0.0119551 0.00486341 6.00483
1.31291 2.86801 2.02674
0.637687 2.26077 4.70051
2.15017 0.20064 1.53948
1.41842 3.10884 0.100369
0.0555954 3.41829 3.30479
1.97746 1.29256 1.89076
0.0474675 3.65683 2.63344
2.05642 0.474823 1.94037
0.809943 2.4774 4.11784
0.958554 1.36778 4.85269
0.029016 3.88399 1.62984
0.0762838 2.9587 4.23634
1.66779 0.47482 3.78648
0.833248 3.12258 2.80912
1.64525 2.09521 2.46159
2.1787 0.798769 0.201194
0.535155 1.5258 5.43635
