2.20044 0.271604
2.19618 0.462049
1.12205 3.4072
0.675158 3.91967
1.92863 1.72115
1.37737 2.90849
1.42586 2.80749
1.67013 2.3968
1.21831 3.24615
0.944035 3.65284
1.82165 2.12996
2.19056 0.595213
1.16345 3.34139
1.97287 1.58196
2.13272 0.876545
2.16922 0.792955
1.14297 3.37456
1.03319 3.53283
0.780581 3.83109
2.20497 0.205238
2.06741 1.28881
2.1813 0.722346
1.01082 3.56384
0.278459 4.12461
1.60171 2.57495
1.55901 2.67648
0.920695 3.68154
2.15292 0.842335
0.828915 3.78396
1.89335 1.87156
0.445911 4.06287
1.94064 1.67567
1.61678 2.53726
0.611825 3.96388
0.481833 4.04439
1.25346 3.17969
1.18267 3.30915
0.703176 3.89802
2.01495 1.52163
1.10042 3.43976
1.91683 1.77303
1.39209 2.87243
0.3282 4.11048
1.54333 2.70862
1.88034 1.92329
1.05664 3.50174
0.548539 4.00491
1.7517 2.23942
0.225112 4.13609
1.95514 1.59966
1.34836 2.97761
1.2707 3.1455
0.989224 3.59365
0.965965 3.62466
1.85292 2.02643
1.57294 2.64406
0.851928 3.75981
1.47747 2.79161
2.05783 1.35139
2.08646 1.15234
1.07951 3.46995
0.644419 3.94193
0.875084 3.73445
1.99653 1.55463
0.755035 3.8544
0.804154 3.80893
1.58746 2.60948
0.729407 3.87656
1.65518 2.4403
1.3623 2.94497
1.28742 3.11142
1.6891 2.34441
0.580859 3.98332
1.8674 1.97282
1.20109 3.27704
2.10599 0.989042
2.03304 1.46958
0.899125 3.70706
1.52259 2.74451
1.83849 2.07779
1.63264 2.49766
0.516205 4.02482
1.30409 3.07638
0.146189 4.14617
1.33359 3.01134
1.40905 2.84528
1.31836 3.04527
2.04787 1.41315
0.372422 4.09487
0.410553 4.07932
2.07688 1.22541
1.90536 1.82207
1.80284 2.1773
2.097 1.06992
1.23551 3.21419
1.50797 2.76492
1.70799 2.28966
1.72028 2.25536
1.77913 2.21528
2.11502 0.904972
