1.43396 1.99598 3.25539
1.76162 0.931634 3.20148
1.55481 2.61102 1.79002
0.627916 3.8826 0.054191
2.15491 0.201093 1.48227
1.6815 1.80815 2.7431
0.0299898 4.00136 0.00178312
1.01432 1.91301 4.30985
1.51607 0.100479 4.33895
1.41961 1.57383 3.78276
0.919339 1.2124 5.0097
0.383841 0.142343 5.88758
1.06195 3.45574 0.909346
0.679983 1.69714 5.14955
2.04422 1.41942 0.575169
1.22959 2.58417 3.0567
1.17104 3.25272 1.33541
0.000444213 3.99707 0.245388
0.0743922 2.91109 4.30456
0.580417 2.44281 4.55709
0.560587 0.343935 5.73688
0.0867692 2.52592 4.84214
0.0209262 3.92129 1.35167
0.0327582 3.80343 2.03516
1.74627 2.20646 1.38439
1.8491 0.151025 3.3209
1.21885 0.101645 5.07793
0.695652 2.89759 3.6608
1.93099 0.150863 2.88573
1.37577 1.21578 4.19396
1.51561 2.92714 0.100517
1.29534 3.31104 0.101775
1.38051 2.56444 2.483
0.992503 2.24889 3.97058
1.42095 0.101337 4.60994
0.0983491 2.03134 5.35124
0.952262 0.18784 5.40433
0.640155 2.70226 4.10468
0.672903 3.50941 2.07359
0.81234 3.75088 0.0516812
0.0600749 3.25246 3.67524
1.41669 3.1128 0.101002
1.33158 2.78464 2.15367
0.529154 2.14609 4.95898
0.825453 2.30596 4.29422
0.568709 3.66822 1.69147
1.1489 3.50914 0.101888
0.713424 0.598658 5.53403
1.30381 0.917224 4.54566
1.81934 1.492 2.35456
1.99965 1.68502 0.152321
1.25661 3.03534 1.74938
0.852182 3.04774 2.92871
1.75071 0.151004 3.75193
0.0461874 3.55738 2.9203
1.94645 1.91391 0.151223
2.04395 0.418937 2.05869
1.07364 0.360706 5.1875
2.0757 0.916575 1.33094
1.7901 2.4409 0.150446
0.535581 1.50193 5.45229
2.20813 0.208461 0.208537
1.26617 1.76283 4.06238
0.586613 3.17687 3.29913
1.16695 2.90301 2.5931
0.0928914 2.28557 5.11108
1.97856 1.30363 1.87447
2.14602 1.13366 0.201416
1.69651 0.599455 3.638
1.59447 2.75848 0.429156
1.66726 2.53335 0.868051
0.115548 1.43519 5.77962
1.79717 1.21369 2.80375
1.79434 1.8504 1.91299
1.06745 3.19127 2.16987
0.832798 0.893075 5.28911
0.0676206 3.08379 4.00854
0.826795 0.0516425 5.58252
0.0404302 3.69764 2.47048
0.785756 1.95631 4.7496
1.60664 0.310677 4.03559
2.00013 0.152684 2.4504
1.88382 2.14541 0.150349
0.106038 1.75061 5.5754
0.759116 3.30464 2.50228
0.404495 3.84463 1.15296
0.965571 2.52323 3.64638
1.62806 1.42017 3.43307
0.0521515 3.40794 3.31728
0.532175 3.42891 2.73384
0.000491457 0.000458773 6.00046
0.919439 2.78796 3.30366
1.33692 0.101314 4.81885
0.953597 3.60823 0.49991
1.40999 2.30921 2.86231
1.19991 0.62793 4.88636
1.28178 2.17913 3.53713
0.976903 1.57184 4.67607
0.080687 2.72887 4.57745
1.62902 2.24883 2.24908
