1.04804 3.49116
1.64154 2.47281
1.8919 1.87812
2.19427 0.519537
0.864453 3.71555
0.133662 4.13352
2.03676 1.4667
0.978074 3.5828
1.11009 3.39915
0.819551 3.76524
2.08137 1.19236
1.50371 2.7735
0.695644 3.882
1.57641 2.63492
1.93428 1.69695
0.79597 3.78956
1.24833 3.15281
1.42265 2.81233
0.430794 4.04498
0.602867 3.95168
0.722166 3.85937
1.15034 3.33371
1.90596 1.8324
0.749429 3.83476
1.68949 2.34143
0.633987 3.9299
1.85718 2.01084
1.52423 2.74414
2.09778 1.06081
1.76123 2.25484
1.30179 3.04001
0.501359 4.01205
0.356042 4.07625
2.00305 1.55269
1.34145 2.97395
1.97908 1.58313
1.88106 1.92044
1.67412 2.38475
2.18855 0.635559
1.12856 3.36966
0.311234 4.09297
1.80235 2.19357
0.841378 3.74148
1.19002 3.26419
1.26657 3.11562
2.12978 0.882797
1.00202 3.55268
0.773665 3.81173
1.65813 2.4286
0.271112 4.10698
2.08971 1.12676
0.465918 4.02951
1.92213 1.75167
1.16903 3.30152
2.05485 1.371
0.953747 3.6119
1.7844 2.22888
1.81824 2.1476
0.908129 3.66337
1.08925 3.43118
2.1648 0.812964
1.37719 2.91274
1.31836 3.0156
2.10697 0.982798
1.28355 3.07961
0.386217 4.06271
0.930686 3.63848
1.47706 2.79678
1.70378 2.30003
2.20018 0.297795
2.20532 0.206535
0.886348 3.68986
0.2117 4.12045
2.0638 1.31357
1.35977 2.93839
0.53469 3.99399
1.39975 2.88472
1.86899 1.96673
1.06826 3.46222
1.83197 2.1009
1.21025 3.22695
1.55927 2.67419
2.0465 1.42042
2.14313 0.861482
1.54242 2.71038
1.60972 2.55434
1.23047 3.18856
2.02159 1.51352
1.59351 2.59412
1.94541 1.64508
0.664044 3.90737
0.568872 3.97367
2.07286 1.25214
1.84504 2.05489
1.71721 2.27352
1.02593 3.52123
1.62592 2.51322
2.17813 0.749086
2.1156 0.901436
1.95393 1.60509
