2.04196 1.4484
1.05346 3.50255
1.91915 1.76447
1.61873 2.53217
2.09512 1.08557
1.07216 3.47666
0.837452 3.77072
1.12926 3.39215
1.56839 2.65412
1.66621 2.40683
1.4842 2.79508
1.35361 2.95849
0.462553 4.05058
1.79398 2.18364
2.10623 0.993601
1.9794 1.57962
0.763188 3.84331
1.20722 3.261
1.8783 1.93166
2.20514 0.205946
0.884695 3.71879
2.17018 0.796677
2.18887 0.625464
1.81694 2.13773
1.60231 2.57286
1.75555 2.22615
1.09202 3.44849
2.07996 1.20141
0.908582 3.69089
1.10945 3.42245
2.05184 1.38917
1.32208 3.0306
1.8665 1.97634
1.70911 2.29872
0.557854 3.99417
1.85258 2.02851
1.14619 3.36505
0.426786 4.06833
0.390296 4.08435
1.18785 3.29573
1.25928 3.16278
2.14635 0.856661
0.144298 4.14421
0.814838 3.79384
2.19456 0.526972
2.20061 0.311257
0.680848 3.91216
0.621945 3.95447
0.787732 3.82051
1.30715 3.06422
1.68269 2.36126
1.94441 1.64966
1.53201 2.73162
1.24112 3.1979
0.21173 4.13595
2.12526 0.885773
1.72356 2.24485
1.36937 2.9207
0.350779 4.09959
1.33622 2.99866
1.29239 3.09467
1.03418 3.52824
0.264947 4.12521
0.861201 3.74517
0.736489 3.86686
0.930565 3.6642
1.88967 1.89494
0.708746 3.89004
1.51104 2.76641
2.11532 0.917302
0.994652 3.5805
1.95586 1.6034
1.58577 2.61312
1.38555 2.88804
1.69536 2.32464
1.63404 2.49265
1.90473 1.82559
0.953089 3.63573
1.40027 2.866
1.2245 3.2294
2.00374 1.54776
0.495545 4.03264
2.06139 1.32946
1.83707 2.08313
1.01299 3.55552
2.02535 1.5032
1.27624 3.1282
1.16785 3.32952
0.527603 4.01352
0.652113 3.93338
0.589258 3.97543
0.308346 4.11359
0.974526 3.60774
2.1831 0.722587
1.93356 1.70827
1.55087 2.69316
1.64977 2.4512
2.07077 1.26655
1.42194 2.81474
2.08746 1.14499
