2.20593 0.206233
2.19444 0.514886
0.212394 4.13274
2.10636 0.995772
1.37738 2.90409
1.18149 3.30335
1.76013 2.22941
0.931649 3.65575
1.92104 1.75543
2.06655 1.29488
0.279953 4.11784
1.31926 3.03129
1.54069 2.71633
2.18115 0.730949
1.94354 1.65801
1.80758 2.1637
1.59173 2.59945
2.09129 1.12234
1.33413 3.00588
1.03829 3.52405
1.95639 1.59827
1.67044 2.39614
1.84056 2.06944
1.65475 2.43888
1.201 3.26738
0.505626 4.02108
2.04618 1.42343
1.27327 3.13664
0.638227 3.93941
1.39081 2.87968
1.70276 2.32219
0.605819 3.96147
1.10463 3.43105
2.05685 1.35796
1.62483 2.51747
1.78698 2.20054
1.60932 2.55637
2.11431 0.916622
0.323579 4.10468
0.866907 3.73263
0.724004 3.87302
1.89443 1.86739
2.19974 0.31231
0.696784 3.89529
0.748784 3.85109
1.25883 3.16501
1.16527 3.33551
1.63983 2.47863
0.471911 4.04017
1.4232 2.81858
0.146197 4.14579
1.90792 1.81128
1.36413 2.93587
1.12373 3.4021
0.99461 3.57646
1.22264 3.22808
0.953325 3.6283
1.24061 3.20127
1.85488 2.01951
1.34889 2.97188
0.822056 3.78103
1.01841 3.54584
1.4093 2.84746
0.359131 4.09214
2.08599 1.17475
2.16928 0.79986
2.15249 0.849912
2.03105 1.47929
0.401304 4.07489
1.30536 3.06141
1.52141 2.75353
1.88146 1.9191
0.536315 4.00301
1.9865 1.56967
0.435831 4.05893
0.668078 3.91851
0.890124 3.70699
1.55793 2.67901
1.86893 1.96708
1.08264 3.46301
1.06135 3.4929
2.01393 1.52745
1.28915 3.09867
0.974877 3.59989
1.93264 1.70285
1.68568 2.35674
2.12881 0.887216
1.49668 2.78926
2.07645 1.2265
1.5749 2.63962
1.82414 2.12121
1.14723 3.36113
0.772864 3.82942
0.845557 3.75607
0.56976 3.98388
2.18868 0.641911
2.09925 1.05808
0.910582 3.68225
0.796509 3.80659
1.72028 2.25117
