1.90613 2.06839 0.150973
0.573239 3.65698 1.72257
1.81073 1.25857 2.69246
0.815158 3.74642 0.0504339
0.0418386 3.63257 2.68565
0.430133 3.81847 1.2436
1.35884 0.101343 4.76683
1.88475 0.150826 3.14045
1.44786 2.03154 3.15169
2.05122 1.3479 0.68199
0.721488 2.73413 3.8902
1.17704 2.93424 2.47114
0.806248 2.01611 4.64771
2.07409 0.878343 1.38393
1.33611 2.81329 2.05193
0.675322 3.49952 2.08732
0.58684 3.25525 3.09505
1.15546 3.49838 0.100632
1.99905 0.151346 2.44693
1.61256 2.71089 0.477908
1.44659 0.10109 4.54029
0.0268716 4.00017 0.000747877
0.515107 0.270264 5.78416
1.80156 0.150645 3.53713
0.992629 0.205191 5.33957
1.16017 3.26118 1.36147
2.18645 0.676673 0.200673
0.913165 2.87294 3.15228
1.60573 0.292753 4.04318
0.62537 3.88137 0.0503229
0.953326 3.60606 0.513991
0.855052 2.32518 4.19659
0.000982392 3.99321 0.374563
1.63247 2.24908 2.23179
2.14353 1.15834 0.20259
1.2979 3.30408 0.100588
0.606007 2.54048 4.38903
0.882645 1.01309 5.16766
1.95271 1.88744 0.151017
0.0466234 3.51444 3.03692
1.01258 2.10954 4.09598
0.0659529 3.07791 4.01411
0.965324 1.38893 4.82552
0.996469 2.37701 3.79037
0.553391 2.27108 4.78758
1.41641 3.11546 0.102316
0.0871219 2.45583 4.92196
1.84039 2.29099 0.151238
2.15278 0.200842 1.50652
0.0119111 0.0104191 6.01042
1.2407 0.100853 5.03002
0.568854 1.53244 5.38561
0.0728281 2.90676 4.30714
1.07558 3.4286 0.97977
1.41062 2.31329 2.84813
1.44308 1.69096 3.59394
0.642264 3.00334 3.55676
0.09448 2.15243 5.23946
1.00542 1.75346 4.47214
0.0514236 3.38025 3.37814
1.69513 2.4557 0.934002
1.27099 1.66928 4.13648
1.75862 2.12653 1.52996
0.841689 3.12016 2.78039
0.64591 0.452032 5.63971
1.80465 1.71839 2.09573
0.765343 3.31956 2.44016
0.0798884 2.69918 4.61456
0.0597098 3.23523 3.70815
1.94693 0.150869 2.78983
2.00283 1.67218 0.152938
0.84295 0.0515977 5.5619
1.5239 2.91091 0.10119
1.33561 1.03903 4.40184
1.25315 0.790444 4.71345
1.96615 1.37269 1.88105
0.49051 1.98145 5.13834
0.111489 1.51369 5.73073
0.0237957 3.88355 1.5986
2.04129 0.409535 2.07068
1.62684 1.41345 3.46155
0.0232765 0.00264648 6.00233
0.769442 0.691308 5.44132
1.25732 2.54007 3.04097
1.67394 1.78029 2.82641
1.12799 0.462199 5.06717
0.765807 1.64402 5.03156
1.41093 1.34241 4.02325
1.74839 2.55121 0.149227
1.68082 0.522456 3.7251
1.52506 0.100691 4.31253
0.0353621 3.75488 2.24256
0.341902 0.111677 5.91035
2.20713 0.207217 0.207433
0.100898 1.84492 5.50053
1.39272 2.56257 2.42768
1.29353 2.13036 3.56557
1.75457 0.848582 3.28558
0.960792 2.6388 3.47101
1.25707 3.06508 1.63481
