1.24659 2.56879 3.03048
0.0744019 3.05978 4.06772
2.06591 1.17578 0.940438
0.781338 2.56255 4.06446
0.46757 0.221311 5.82683
2.07263 0.791024 1.50592
1.4167 1.3992 3.93735
1.40723 2.4457 2.60335
0.586888 3.33266 2.92794
1.08495 3.4265 0.903149
1.30953 3.28648 0.100356
1.93788 0.151412 2.84725
0.840993 0.0505763 5.56207
0.0866242 2.71398 4.61075
1.27424 1.67577 4.12333
1.64303 1.46349 3.3257
0.472388 3.77245 1.41858
1.00867 2.15468 4.05579
1.76704 0.150433 3.68286
1.86141 0.15053 3.25758
1.17137 3.47831 0.100369
0.985169 2.41676 3.76707
0.911172 2.86991 3.16754
1.81729 1.65674 2.10829
1.77146 0.984408 3.11971
0.0923841 2.50753 4.87525
0.642344 2.84813 3.88236
0.605888 0.384228 5.70277
1.63835 2.62778 0.686347
0.053007 3.50442 3.08571
1.99757 0.150734 2.45308
0.953342 2.66556 3.44415
0.869711 0.992755 5.19832
1.80369 1.32916 2.65269
1.44141 2.10007 3.07158
1.63745 2.20838 2.27613
1.68443 1.79754 2.73282
1.0014 1.78191 4.45704
0.0975324 2.29536 5.11065
0.102257 2.06456 5.33062
1.71044 2.37024 1.13764
1.29656 2.1251 3.57176
0.0436803 3.73522 2.35399
0.0672803 3.22274 3.7546
0.579861 3.11681 3.47555
0.552119 1.56084 5.40091
0.578566 2.5329 4.46473
0.860622 3.04226 2.9243
0.00263499 4.00262 0.00352977
1.70869 0.655657 3.56833
1.86213 2.22069 0.150822
1.51436 2.92975 0.100574
1.3649 2.67818 2.26741
0.604674 2.10546 4.91084
1.77065 2.04937 1.63071
0.750485 1.71227 5.03616
0.950811 3.61432 0.409759
1.62309 0.360096 3.97081
0.804631 2.17609 4.51423
0.806562 3.20091 2.66781
0.0489053 3.62511 2.73668
1.13495 0.436242 5.05827
2.03869 0.391094 2.09706
0.0806132 2.89948 4.33751
0.0343504 3.86525 1.76029
1.42371 3.09974 0.100453
1.35077 1.03324 4.36455
1.99653 1.6901 0.150706
1.53901 0.100854 4.27031
1.03873 3.30558 1.88775
0.7414 0.645575 5.49134
2.03521 1.47177 0.485474
1.28425 0.100476 4.93648
1.20929 3.17624 1.43983
2.13744 0.200327 1.69302
0.00338113 0.00305595 6.00306
2.20947 0.20949 0.209478
0.110319 1.79343 5.55281
1.25519 0.711197 4.7364
0.729948 3.38238 2.34594
0.0595424 3.37693 3.41185
0.842072 3.72369 0.0505298
1.76829 2.50237 0.150584
0.1164 1.4835 5.755
1.16001 2.97833 2.42674
1.93458 1.96621 0.152293
1.57613 2.79399 0.376076
0.960899 1.38233 4.8392
0.641744 3.87219 0.0569399
0.622508 3.57642 1.93854
1.58382 2.5304 1.81033
2.16458 0.97104 0.201929
0.314844 0.0987697 5.92558
0.992116 0.210934 5.33822
1.4442 1.7312 3.53735
1.31017 2.8951 1.92363
1.42929 0.100439 4.58438
0.282495 3.9233 0.820596
1.96681 1.36553 1.87846
2.1855 0.200376 0.92956
