0.834996 3.73145 0.0513206
1.25715 3.02965 1.75695
2.04353 1.41649 0.581123
1.44 3.0725 0.101099
0.543732 2.75288 4.18079
2.04228 0.414283 2.06732
0.0835018 2.65824 4.67523
1.37362 2.57566 2.47607
0.103483 1.85466 5.49789
0.931641 2.79459 3.2599
2.00017 1.67949 0.152868
1.58749 0.24308 4.10847
0.933265 3.6294 0.444754
1.09128 3.16782 2.14263
1.77288 0.150383 3.65852
1.67002 1.94398 2.59153
0.546781 0.307532 5.75342
1.44715 1.70146 3.57027
1.72419 0.786745 3.45678
0.601041 3.61921 1.81206
0.687024 2.40049 4.44868
1.42979 2.04993 3.19165
1.08807 0.387303 5.15389
2.14954 1.10185 0.201211
0.842064 1.98237 4.61709
1.6128 2.37795 2.04173
0.538776 2.23135 4.8523
0.0281577 0.00018987 5.99959
0.380821 0.139354 5.8868
0.0965216 2.15165 5.24403
0.951677 0.163064 5.40772
0.300371 3.9163 0.826543
1.80126 1.78891 1.99251
1.00807 1.78303 4.44003
0.863954 3.05399 2.88231
0.0900683 2.42338 4.96344
1.75666 2.53435 0.15079
1.59313 2.75469 0.419018
0.973315 1.43473 4.78016
0.0263514 3.88112 1.62821
1.03974 3.48732 0.826705
1.32681 2.79382 2.14575
1.23456 0.703548 4.78471
1.93308 1.96351 0.150404
1.9391 0.150501 2.83491
1.69438 2.44783 0.967469
0.048 3.52258 3.02054
0.0254312 4.0009 0.00123224
0.0613656 3.23677 3.70995
1.25838 2.43261 3.2264
2.14571 0.200515 1.59505
1.86884 0.150388 3.21962
0.596265 3.15671 3.32894
0.0428968 3.64328 2.6569
0.682977 2.91471 3.65752
1.82178 1.41398 2.45009
0.810662 2.56399 3.97419
0.526939 1.5777 5.40708
1.01066 2.16778 4.03039
0.551208 3.37662 2.85219
1.41174 2.30543 2.8552
1.3532 3.22055 0.101256
1.97416 1.32862 1.86794
2.20663 0.206702 0.206652
1.41735 0.103644 4.61888
1.22168 3.41412 0.101058
1.85256 2.25286 0.150954
1.78147 1.09303 2.99545
0.830977 0.846636 5.30845
2.18602 0.202565 0.950477
0.980998 2.51202 3.62729
0.0687664 3.07228 4.03133
1.27639 0.100703 4.95446
1.30571 1.99765 3.69561
0.694484 3.46556 2.15501
0.0764078 2.87093 4.36924
1.65664 1.52416 3.20888
1.52229 0.10079 4.32092
0.114248 1.50217 5.74147
0.011415 4.01141 0.011444
0.0537202 3.38824 3.36757
0.0363051 3.76244 2.21822
0.0114943 0.0114858 6.01149
0.46262 3.78752 1.34345
0.705682 0.555502 5.55228
0.660175 3.85959 0.0502464
1.64839 0.407949 3.87567
0.924029 1.17061 5.02371
1.15225 3.28665 1.27423
2.00259 0.153162 2.43246
0.678063 1.77197 5.08514
0.787237 3.26835 2.52885
1.40159 1.40277 3.98034
1.25578 1.60684 4.23054
2.07473 0.949653 1.28242
1.17746 2.86883 2.63664
0.815207 0.0502119 5.59373
1.33109 1.02182 4.42149
1.75688 2.13341 1.52257
1.52413 2.9109 0.101396
