0.0865197 2.44267 4.93514
0.992986 0.212433 5.33716
1.51516 0.100556 4.34176
0.0457212 3.5185 3.02304
0.690503 3.45479 2.21808
1.44621 2.01838 3.17239
2.05903 0.5732 1.82949
2.07275 1.03367 1.15036
1.60885 0.321613 4.02537
0.0805682 2.64766 4.68193
0.302251 3.9167 0.868821
1.92611 1.9936 0.152083
0.854595 0.952484 5.23694
1.27494 1.85705 3.94567
1.51356 2.9305 0.100266
1.41448 3.11541 0.100262
0.78243 3.2666 2.56215
1.59813 2.73854 0.485253
1.74868 0.150218 3.75624
1.30513 2.19254 3.44484
1.35728 2.71487 2.20651
0.778936 1.80261 4.88632
1.26776 3.00035 1.82459
1.44591 0.100255 4.53895
1.2458 2.55227 3.06092
0.629101 2.3375 4.6069
1.17359 2.88712 2.611
1.80348 1.68312 2.16416
1.85335 2.24767 0.150329
0.110461 1.51136 5.73045
0.815202 3.75045 0.0532237
0.505784 2.05317 5.05596
1.10444 0.379837 5.12536
0.032621 3.77227 2.16188
0.925165 1.22663 4.99567
1.68333 1.75943 2.79471
1.00421 1.80525 4.43749
0.0396424 3.65581 2.60429
0.544132 0.314993 5.75829
1.36311 0.100283 4.7528
0.0929325 2.18495 5.20691
0.947941 3.61664 0.496452
1.69976 0.619691 3.61738
0.684761 2.89499 3.67688
0.0230714 3.88069 1.60963
0.733195 0.635183 5.50542
0.00323843 0.00305905 6.00306
1.80048 1.30819 2.68841
1.24299 0.100178 5.02415
1.07096 3.41902 1.09949
0.979686 1.55405 4.68968
1.1739 3.20495 1.55201
0.571938 2.69906 4.21042
1.00165 2.13521 4.09704
2.18355 0.72105 0.200581
1.43837 1.62235 3.66939
0.606962 3.14628 3.31488
0.366179 0.137885 5.89712
1.15873 3.49538 0.101365
0.0990598 1.8821 5.46996
0.864653 3.04558 2.90431
0.857503 2.13565 4.41245
1.21409 0.741784 4.81984
2.13979 1.18149 0.20186
2.03055 0.162664 2.30691
1.7706 2.04595 1.64096
0.929153 2.75638 3.34518
1.39371 1.24171 4.12096
1.9976 1.68438 0.150493
1.75336 2.54195 0.150264
0.0512773 3.36175 3.41901
0.066538 3.03716 4.08457
1.41877 2.36958 2.70472
0.662017 3.86146 0.0521036
1.64108 2.18148 2.31423
2.04126 1.4278 0.55415
1.98602 0.151005 2.53601
0.605233 1.58959 5.30437
1.63901 1.41497 3.38916
0.9833 2.43247 3.74968
0.0590021 3.2074 3.75996
0.841939 0.0503469 5.56036
0.475138 1.31948 5.59647
1.29812 3.30351 0.100328
0.611242 3.59457 1.90184
2.1516 0.200807 1.52309
1.96363 1.36986 1.89935
2.20803 0.208035 0.208136
0.50052 3.73661 1.54269
1.76692 0.984975 3.13992
1.01361 3.30683 2.01921
1.70561 2.39209 1.09452
0.0739172 2.84541 4.40027
0.00357384 4.00263 0.00289679
0.529727 3.39706 2.82263
1.92294 0.150914 2.93267
1.30913 1.03293 4.47473
0.801944 2.54771 4.00516
1.84604 0.150423 3.33189
1.57029 2.55687 1.82984
