0.0329384 3.7747 2.1538
1.94314 1.92952 0.151701
1.00051 2.33728 3.83629
1.99957 0.152507 2.45178
0.600754 0.379462 5.6953
0.998256 1.63632 4.58496
0.0506441 3.3876 3.35903
1.79594 1.18792 2.83791
2.0479 1.3848 0.627645
0.829477 1.97879 4.63546
0.334722 0.105409 5.91396
0.934003 3.63434 0.352827
1.86508 2.20897 0.150439
0.0893956 2.34453 5.04488
0.682303 1.73183 5.10152
1.01474 1.98454 4.22876
1.79791 0.150647 3.55137
2.18224 0.744709 0.2009
1.77343 2.48786 0.15049
1.9995 1.68478 0.1523
1.52594 0.104829 4.32291
0.631756 3.57479 1.91769
0.0135962 0.0135913 6.01359
0.536173 3.70682 1.58444
1.23903 0.720891 4.76952
1.4473 1.96632 3.24282
0.0959305 2.07538 5.30975
1.04971 3.47379 0.849959
1.24526 2.57087 3.02583
1.51443 2.92885 0.100302
0.0575 3.24729 3.67771
0.00119293 3.9922 0.403329
0.498981 1.57786 5.4301
1.80776 1.5268 2.37706
1.24255 3.38405 0.100562
1.62641 1.35107 3.49482
0.844033 3.72271 0.0508041
1.31666 2.87806 1.94662
1.26762 0.100492 4.97287
0.793229 2.5219 4.06588
1.76014 2.12649 1.50685
1.39819 1.26137 4.09509
1.16161 3.28648 1.20351
0.0215124 3.9008 1.48429
1.59525 0.282627 4.07655
0.8285 3.16195 2.7082
1.66832 0.496217 3.77736
0.90964 2.8927 3.12037
1.00579 0.257961 5.31233
1.27396 1.82964 3.97461
0.0406306 3.64542 2.64106
1.13923 2.96683 2.53842
0.0704128 2.9503 4.23433
0.402339 3.84399 1.14552
2.04699 0.442697 2.02065
2.20924 0.210237 0.210903
0.95717 1.33178 4.87631
0.101181 1.79211 5.5387
1.39172 3.15497 0.100466
1.37317 2.64635 2.30801
0.0459079 3.52484 3.00703
0.959815 2.65358 3.44623
1.88933 0.150369 3.11373
0.680662 3.03622 3.39989
2.14121 1.16943 0.200865
2.15702 0.2012 1.45168
0.586075 3.31566 2.93208
1.68762 1.67564 2.88306
2.07552 0.875809 1.38636
1.12982 0.461729 5.06341
0.637168 2.83056 3.89122
1.74867 0.837913 3.31375
0.644296 3.87348 0.0542256
1.41678 0.10076 4.61771
1.64988 2.07426 2.47237
1.64333 2.61201 0.714066
1.7948 1.82994 1.95168
1.95597 0.151171 2.73627
1.97262 1.32146 1.8894
1.43621 1.58226 3.71892
0.745704 0.635468 5.48597
0.111342 1.46447 5.75761
0.0286217 4.00427 0.00464598
0.0764893 2.77907 4.49982
1.28635 2.21257 3.4755
1.25131 3.07789 1.60149
0.0826473 2.58601 4.76234
1.58393 2.45642 2.02569
0.542895 2.18543 4.88923
1.32411 1.00573 4.45411
1.57858 2.78794 0.387633
0.0637305 3.10756 3.95653
0.651649 2.4191 4.47474
0.0370903 0.000989198 5.99969
0.818506 0.0506743 5.59059
1.42393 2.32085 2.77619
0.872055 0.970876 5.20055
1.70929 2.37875 1.11266
0.731817 3.39506 2.29449
0.470106 0.219489 5.82309
