2.05052 1.39296
1.89462 1.86871
1.22698 3.2386
0.754439 3.86089
1.24481 3.20547
1.90723 1.8173
0.878301 3.73835
1.42822 2.80893
2.11551 0.905495
1.11183 3.42907
1.03318 3.542
1.66476 2.41148
0.990034 3.60167
1.35726 2.96792
0.642616 3.94796
0.548971 4.01181
2.01933 1.51009
2.13504 0.873104
0.612462 3.9686
0.924866 3.68461
1.76383 2.23546
2.18251 0.710121
0.673349 3.926
0.40419 4.08761
1.93088 1.71742
0.317599 4.11846
1.17327 3.33246
1.61744 2.53621
2.17247 0.783347
2.19535 0.482896
1.13245 3.39783
1.09142 3.45883
1.07167 3.4867
0.150077 4.14955
2.0999 1.04399
0.515494 4.03061
2.15504 0.834884
1.41214 2.83305
1.60139 2.57571
1.20925 3.27057
1.94761 1.6358
1.54908 2.69835
0.442201 4.0707
1.71083 2.28222
2.09008 1.12604
1.91924 1.76558
2.19985 0.297013
2.07107 1.26554
1.31258 3.06841
1.80887 2.16813
1.69873 2.31867
2.06193 1.32705
1.99565 1.55494
1.26215 3.1719
0.581522 3.98969
0.362433 4.10381
1.78808 2.20749
0.946697 3.65778
1.86988 1.9655
1.84202 2.06675
1.01109 3.5729
0.778106 3.83958
0.728745 3.88263
0.479131 4.05225
1.38539 2.90056
2.08079 1.19693
1.27996 3.1363
1.72129 2.25706
1.85662 2.01414
1.37181 2.93388
1.56708 2.65773
2.2039 0.204335
1.68106 2.36808
2.10782 0.971675
2.03702 1.45463
1.88245 1.91722
0.827985 3.79155
1.05218 3.51394
0.703747 3.90281
1.1524 3.36639
0.96797 3.63072
1.39878 2.86709
0.804078 3.81519
1.95615 1.59475
1.50525 2.77004
1.64947 2.4527
1.48043 2.79196
0.853888 3.76486
2.18963 0.611309
1.32808 3.03452
1.19181 3.30137
1.58493 2.61547
1.82818 2.11477
1.52709 2.73921
0.216009 4.14146
0.901059 3.7127
0.264305 4.13227
1.34318 3.00079
1.63463 2.49254
1.29673 3.10184
