1.84493 2.0547
2.1166 0.89516
1.58634 2.6119
2.04641 1.41347
1.80149 2.17546
2.08976 1.12785
1.65071 2.44914
0.507124 4.01636
1.08744 3.44641
1.75332 2.23299
1.92832 1.72262
2.08204 1.18645
1.14986 3.34923
0.642359 3.93375
1.16823 3.31847
2.18032 0.730295
1.50936 2.76668
1.3009 3.06256
1.00413 3.55998
1.85803 2.00866
0.394726 4.07465
0.788491 3.81067
1.72082 2.24967
2.18922 0.620503
2.06625 1.2969
0.579222 3.9759
0.864509 3.73119
1.31793 3.02527
1.0681 3.47424
1.77956 2.20878
2.10972 0.951389
2.16349 0.81091
0.729387 3.86501
2.07406 1.2455
1.4849 2.79165
1.04738 3.50324
2.2001 0.282301
1.23698 3.19356
0.544579 3.99626
1.13039 3.38068
0.839979 3.75803
1.57005 2.65017
2.20429 0.205742
1.42344 2.81176
0.355575 4.09058
1.83252 2.09575
0.26531 4.119
2.03427 1.46658
1.90565 1.82117
1.81806 2.13745
1.97805 1.5784
1.55132 2.69209
1.89444 1.86781
2.05711 1.35659
2.09727 1.06573
1.40151 2.86852
0.66995 3.91348
1.61829 2.53307
0.436977 4.05491
1.60193 2.5743
1.94055 1.66672
0.140526 4.14034
1.88268 1.91456
1.33386 2.98908
2.19528 0.480793
1.26993 3.12831
1.10954 3.41337
1.91712 1.77205
0.700792 3.889
0.473568 4.03569
0.76148 3.8363
1.68394 2.35767
1.18596 3.2877
0.611762 3.95491
1.70265 2.30392
1.25384 3.16065
0.814285 3.78502
2.14338 0.858442
0.911609 3.67602
1.37043 2.92255
2.10355 1.01133
1.66599 2.40778
2.00064 1.54982
1.28569 3.09529
1.38267 2.89283
1.35011 2.95158
1.20306 3.25727
2.01941 1.51156
1.53044 2.7335
0.313167 4.10541
0.935147 3.64701
1.02562 3.53258
1.6347 2.49113
0.980809 3.58872
1.87011 1.96361
1.22071 3.22504
0.957099 3.61841
0.887526 3.70477
1.95463 1.60044
0.214134 4.13012
