1.65243 2.4458
1.35602 2.94182
1.62102 2.52742
2.2008 0.272092
1.89594 1.86239
2.06562 1.30131
1.66541 2.41049
1.5608 2.67294
1.92001 1.7606
0.813134 3.78714
2.01152 1.527
0.478798 4.03341
0.676461 3.90915
0.838456 3.76073
2.11677 0.89641
0.510993 4.01506
1.34021 2.97641
1.29162 3.08425
1.20161 3.26285
1.32338 3.0145
1.14534 3.35779
0.210899 4.1314
1.78894 2.18828
2.07629 1.22883
1.81527 2.13972
1.85776 2.01003
1.3935 2.87761
2.19074 0.58878
0.405884 4.07016
2.17288 0.775814
1.06351 3.4819
1.72433 2.24074
2.05445 1.36936
0.141005 4.14055
1.87186 1.95695
1.7119 2.28024
1.95553 1.59663
1.16319 3.32824
2.09474 1.08677
0.930088 3.65474
1.18277 3.29473
1.10613 3.42083
2.18287 0.707537
0.64503 3.93259
1.48059 2.79928
0.545479 3.99651
0.860509 3.73664
1.52624 2.74471
2.20501 0.205232
1.30757 3.04989
0.609657 3.95828
0.765244 3.83385
1.04059 3.51336
1.57715 2.63492
1.50749 2.77354
0.36447 4.08777
0.883951 3.71008
1.84554 2.05388
1.01698 3.54456
1.93277 1.7046
1.98671 1.56647
1.25596 3.1578
1.12609 3.39013
0.577644 3.97748
0.442441 4.05267
0.70758 3.88425
0.738466 3.85803
1.94143 1.66488
2.15946 0.825567
0.267886 4.11906
1.60574 2.56577
1.37605 2.90451
1.59123 2.60112
1.08542 3.45076
2.02935 1.48084
0.951376 3.62746
1.42174 2.81646
2.10981 0.950394
1.88413 1.90995
1.76172 2.21789
2.19577 0.470115
1.69532 2.32832
1.27429 3.12028
1.23817 3.1927
2.10259 1.01878
1.40651 2.85603
2.04359 1.42529
2.08565 1.15862
1.63672 2.48723
1.54417 2.71059
0.318536 4.10442
0.78933 3.81082
1.90793 1.81259
2.14035 0.865763
1.68115 2.3672
1.21984 3.22759
0.971862 3.60041
1.83096 2.10044
0.906795 3.68312
0.994798 3.57262
