0.077329 2.77911 4.32117
0.0901825 3.26962 3.46131
1.86524 1.48167 0.0192423
2.00869 0.12451 0.014624
0.0821005 2.9612 4.03923
1.59417 0.0879459 3.64393
0.0621106 2.19834 5.01885
1.33016 2.67891 2.02875
0.830706 2.00502 4.57133
1.48628 2.68954 0.161888
0.946884 0.0540172 5.2965
1.86168 0.101968 2.22742
0.107064 3.91384 1.23796
0.918969 3.38511 1.66703
1.09346 2.3671 3.57873
1.83524 1.16045 1.68865
1.61817 1.67898 2.50671
0.567454 3.34103 2.85147
1.47893 1.91261 2.87676
1.0882 1.73473 4.32897
0.112993 0.0104286 5.99596
0.70712 0.0414495 5.62205
1.80256 0.0988693 2.6289
2.00337 0.109435 0.16415
1.68955 1.85298 1.66729
1.17877 1.17885 4.53123
0.591655 1.63362 5.19398
0.841175 3.23433 2.50137
1.23643 2.95305 1.67385
1.30731 3.0381 0.161994
1.96419 0.107341 1.1951
1.73771 2.00144 0.139423
1.20619 2.53072 2.94581
1.0508 0.0594643 5.11764
0.526103 3.87522 0.013601
1.73532 0.0953448 3.00857
1.40681 2.87967 0.0159706
1.06037 3.13187 1.99622
0.70795 3.0896 3.18839
0.566442 0.0340755 5.76287
0.388828 0.0248753 5.89301
0.832374 0.0480149 5.46625
1.42749 0.0792089 4.21968
1.95566 0.878628 0.161913
0.0436979 1.49567 5.57096
0.76874 3.69977 0.162932
0.104325 3.80935 1.83212
0.0980952 3.57159 2.70539
0.674691 2.35303 4.42621
1.55349 1.35641 3.21398
1.14784 0.0645508 4.92697
0.575476 2.67707 4.12747
0.0722911 2.58685 4.58241
0.587081 3.65379 1.73276
0.0942856 3.42621 3.10082
1.38613 1.69576 3.52461
0.0278808 0.892052 5.85469
1.5636 2.13314 1.98826
0.122574 4.00875 0.0192296
0.844671 2.54105 3.90019
0.66188 1.91035 4.89771
1.6562 2.2635 0.0264203
0.0104306 0.214036 5.99673
0.864923 1.29361 5.06451
1.10693 3.34073 0.162267
0.0673938 2.39996 4.80618
1.25007 0.0699094 4.69826
0.638325 1.17674 5.41722
1.34549 0.0749108 4.45521
0.086241 3.11921 3.76144
0.0503119 1.74807 5.40297
0.68603 3.48467 2.14328
1.46718 2.46799 1.76456
1.68451 1.13998 2.7802
1.51356 0.0837205 3.94087
1.20106 1.93371 3.84466
1.39346 2.31567 2.5786
0.0564144 1.98096 5.2188
0.971482 2.18061 4.11984
0.969243 2.95638 2.83724
0.109315 3.99782 0.162488
0.982955 1.46816 4.75524
1.80707 1.74596 0.0345098
1.29912 2.14579 3.26121
0.672583 3.78542 0.0142162
1.00391 3.47949 0.0142765
0.877819 3.61258 0.014404
1.74942 1.39389 2.06883
1.91528 0.104778 1.77154
1.14246 2.82587 2.54221
0.101356 3.69601 2.29734
1.57905 2.49336 0.0150551
1.30051 1.37124 4.08924
0.647975 2.90619 3.65593
1.20192 3.22147 0.0128774
1.45666 1.15607 3.75208
1.66286 0.0915462 3.35656
1.91945 1.18968 0.0126396
0.0366495 1.22669 5.71694
0.937894 2.73223 3.38447
