1.55535 2.82882
1.29778 3.29144
2.04576 0.979546
1.76233 2.30509
1.91429 1.75789
1.05283 3.60697
2.08241 0.547785
1.27893 3.31947
1.24048 3.37454
1.40588 3.11666
0.935405 3.7252
2.08815 0.432059
1.72054 2.42629
0.777948 3.85499
2.00983 1.25174
1.73462 2.3865
1.81575 2.13473
2.0284 1.12078
1.18081 3.45475
1.35281 3.20557
1.63273 2.65349
2.07603 0.648472
0.749598 3.8751
0.593918 3.96892
1.53944 2.86241
1.7759 2.26358
2.03724 1.05164
1.00717 3.65524
1.09692 3.55741
2.09303 0.284196
0.910564 3.74779
0.690171 3.91418
0.983737 3.67887
0.659154 3.93296
1.66257 2.57999
1.0751 3.5823
1.87871 1.90552
0.959804 3.70221
1.4232 3.08627
0.885241 3.76998
2.05394 0.904044
1.80265 2.1783
1.74858 2.34603
0.627206 3.95116
1.92576 1.70673
2.06911 0.739794
1.16033 3.48087
1.99021 1.37449
0.832915 3.81323
1.31635 3.26315
1.9481 1.60118
1.93703 1.65454
1.67732 2.54232
1.6919 2.50415
1.58676 2.76013
0.445218 4.03353
1.37071 3.17629
1.95896 1.54655
1.70629 2.46551
2.06173 0.824494
2.00015 1.314
0.523221 4.00259
1.3884 3.14665
1.90263 1.80798
0.304206 4.07336
1.4906 2.96091
0.243475 4.08425
1.47401 2.99285
1.52332 2.89568
1.45725 3.02438
1.60226 2.72501
1.25984 3.34716
1.3347 3.23452
0.805744 3.83434
1.5711 2.79477
1.78936 2.22125
1.64771 2.61705
0.35593 4.06112
1.85403 1.99964
1.03022 3.63125
1.22086 3.4016
1.89076 1.85721
0.485283 4.01845
0.158069 4.09327
1.86647 1.95297
1.82868 2.09046
0.402385 4.0478
1.11841 3.53219
2.01926 1.18739
1.96961 1.49063
1.20099 3.42831
0.720371 3.89484
1.61759 2.68946
0.85935 3.79181
0.559329 3.98607
1.84144 2.04544
1.13952 3.5067
1.50701 2.92857
1.98003 1.43329
1.44032 3.0555
