1.01877 3.45064
1.9096 1.21757
1.56175 2.51233
0.315339 3.95509
1.45387 2.75893
0.776989 3.69296
1.12656 3.31424
1.99286 0.42342
1.68914 2.1579
0.437869 3.90858
1.04095 3.42413
1.98723 0.519028
1.80325 1.75008
1.33639 2.9868
1.22623 3.16988
0.153797 3.99264
1.87002 1.44271
0.853888 3.62466
1.6199 2.36058
1.51647 2.62083
1.08438 3.36992
1.92774 1.0971
1.53171 2.58517
1.67559 2.19973
1.40487 2.85853
1.74163 1.98405
0.973427 3.50246
1.95264 0.903618
0.803132 3.67061
1.30071 3.04905
0.878578 3.60106
0.750343 3.71485
1.72876 2.02855
1.50107 2.65603
1.93636 1.03451
0.902875 3.57702
0.666323 3.77811
1.91883 1.158
1.9746 0.68594
0.215547 3.98143
1.38815 2.89099
1.35389 2.95516
1.42141 2.82569
2.00224 0.193194
1.14713 3.28596
0.606462 3.81802
0.0667193 4.00191
1.54681 2.54899
1.8803 1.38818
1.90014 1.27546
1.96032 0.834253
0.399374 3.9249
1.66187 2.24094
0.358778 3.94041
1.82645 1.65105
1.37113 2.92324
1.5911 2.43763
1.57647 2.47532
1.64802 2.28145
1.20691 3.19935
1.96764 0.762004
1.06283 3.3972
1.94466 0.970123
1.16737 3.25739
1.48548 2.69081
0.723025 3.73636
0.509107 3.87416
1.71573 2.07232
1.63401 2.32139
1.84872 1.54868
0.950276 3.52772
1.28253 3.07964
0.99624 3.47678
1.18726 3.22857
1.31865 3.01812
1.60553 2.39951
1.2453 3.14006
1.1056 3.34228
1.75433 1.93879
0.636866 3.79827
0.575194 3.83722
1.81497 1.70091
0.268129 3.96882
1.99787 0.313897
1.79131 1.79847
1.8377 1.60029
0.695083 3.75742
0.828752 3.64784
1.98114 0.605426
1.26406 3.10999
1.46977 2.72506
1.76684 1.89282
1.89035 1.33245
1.77917 1.84604
1.43774 2.79248
0.474181 3.89173
0.926757 3.55259
1.85949 1.49622
1.70251 2.11546
0.542798 3.85594
