1.41245 2.84593
0.465306 3.89714
1.76582 1.90034
1.74076 1.99064
1.61819 2.36822
1.25172 3.13191
0.866496 3.61426
1.57362 2.48532
1.27038 3.10178
0.938665 3.54172
0.563899 3.84513
0.156285 3.99317
1.98555 0.556616
0.265801 3.97044
1.64684 2.28791
1.52725 2.59835
1.60354 2.4077
1.13487 3.30478
1.02942 3.43973
1.6883 2.16376
1.36054 2.94517
1.00733 3.4657
1.44617 2.77746
1.66088 2.247
1.99197 0.454788
0.532143 3.86306
1.67468 2.20565
1.09367 3.35973
1.23282 3.16167
1.30702 3.0404
0.594683 3.82666
0.961961 3.51672
1.72793 2.03484
1.34291 2.97731
1.9786 0.648475
0.91498 3.56633
2.00265 0.184691
1.97119 0.733595
0.79059 3.6829
0.984817 3.49141
0.0755501 4.00216
1.82514 1.66109
0.710273 3.74747
1.96343 0.812856
0.624633 3.80765
1.39531 2.8795
1.89999 1.28186
0.841609 3.63761
1.70172 2.12133
1.95522 0.888714
1.21375 3.19099
1.93798 1.02905
1.54291 2.5611
0.764334 3.7049
1.87964 1.39682
1.63264 2.32825
1.77806 1.85414
0.429847 3.91325
0.353309 3.94344
1.79011 1.80716
1.94677 0.960276
0.39263 3.9287
1.42942 2.81188
1.28877 3.07133
1.99774 0.33751
1.86916 1.45203
1.83643 1.61052
0.6824 3.76802
1.32502 3.00914
1.90987 1.2216
1.49535 2.67143
1.58868 2.44674
1.19441 3.21997
1.46272 2.74265
1.92889 1.09534
1.84753 1.55887
0.81632 3.66049
1.17484 3.24857
1.85845 1.50606
1.81364 1.71072
1.378 2.91258
1.07263 3.38667
0.737587 3.72642
1.80197 1.75935
1.0512 3.41337
0.311304 3.95739
1.9195 1.15959
1.88994 1.33999
1.11443 3.33241
0.890935 3.59051
1.5114 2.6351
1.47911 2.7073
0.499332 3.8804
1.15501 3.27682
0.653841 3.78811
2.0103 0.0590775
1.55837 2.52343
1.75339 1.94583
0.215385 3.98242
1.71493 2.07837
