0.969085 2.92766 3.42346
1.79163 1.76435 2.05307
1.7603 2.30902 0.25268
0.951362 3.32713 2.52489
0.146073 2.03492 5.34039
0.192522 3.8075 2.31065
1.4996 2.22221 2.93624
1.08591 3.07098 2.78681
0.815905 3.57631 2.1107
2.06099 0.198309 1.19214
2.09431 0.202605 0.253117
1.40511 2.59965 2.6344
0.132671 1.52345 5.69863
1.54297 0.171179 4.23384
0.197827 4.00993 1.2888
1.61285 2.69863 0.25373
0.994105 3.66707 0.252803
2.00256 1.29508 0.252494
0.139909 1.79969 5.52162
1.96447 0.193254 2.2253
1.82986 2.08398 0.253093
1.19511 3.19202 1.97583
0.865635 3.78532 0.252668
1.78031 0.183609 3.32509
0.810814 2.77673 3.99582
0.55395 0.119375 5.93538
0.186115 3.563 3.07328
1.52088 2.89894 0.252702
0.728299 2.02827 4.99289
1.72662 1.4389 2.92112
1.0217 0.14388 5.41249
0.688294 1.70912 5.28898
1.21364 2.77626 3.02274
1.83279 1.25559 2.50358
0.673443 3.46669 2.81874
1.23599 3.37925 0.25239
2.04798 0.954879 0.252494
1.12407 3.52401 0.252455
1.32568 1.77359 4.0999
1.11526 2.01291 4.38041
1.22196 2.2261 3.88462
1.42589 3.07986 0.25335
0.175009 3.13918 3.98051
1.40041 1.21775 4.31833
1.31526 2.9413 2.18808
1.24354 0.155452 5.00707
1.71127 2.16226 1.79324
1.04858 3.43702 1.73684
1.50701 1.42848 3.84541
1.65282 1.97417 2.58992
1.15006 1.22187 4.90475
0.566898 3.98122 0.253935
1.70357 0.17959 3.66006
1.12946 0.149523 5.23046
0.100724 0.304303 6.08702
0.826815 2.25404 4.64468
1.09869 2.61156 3.65783
0.157125 2.45667 4.93455
1.94706 1.60285 0.252367
0.604968 1.30062 5.60824
0.990962 2.41811 4.17434
0.72845 3.8881 0.25303
1.01082 1.79301 4.78254
0.882678 0.136599 5.61056
0.68069 3.74453 1.81322
0.170659 2.97318 4.25616
0.78686 3.22243 3.20852
1.24084 1.466 4.56311
0.713911 2.57808 4.41794
1.44895 0.166255 4.51113
1.4725 2.76336 1.80177
0.124557 1.21382 5.8552
0.199915 0.10077 6.08706
0.166375 2.80968 4.49708
1.31817 2.41903 3.3188
1.34905 0.161024 4.76919
2.0139 0.195842 1.78363
0.821732 1.14 5.46134
1.68359 2.52457 0.252658
0.161871 2.63779 4.72287
1.33361 3.2347 0.252776
1.62134 0.175284 3.97199
1.57605 2.42156 2.11733
1.88916 1.8611 0.253522
0.17912 3.29604 3.68484
0.19989 4.0884 0.252317
1.90817 0.190306 2.62583
1.84661 0.187081 2.99007
0.115227 0.857745 5.98492
1.57805 1.76132 3.25237
1.41886 1.99065 3.58098
0.726706 0.128374 5.78822
0.195253 3.91173 1.86656
1.6485 1.21153 3.4839
0.151817 2.25411 5.14348
0.680391 3.04661 3.74501
0.949497 1.41353 5.14724
0.189519 3.69292 2.7025
1.90989 1.34661 1.78108
0.182488 3.42455 3.41065
