1.11802 3.32914
1.53376 2.58519
1.39054 2.8906
0.214168 3.98347
1.91399 1.20037
0.0681536 4.00336
1.92344 1.13822
0.265964 3.97122
1.73173 2.02477
2.00432 0.197614
1.32274 3.01493
0.633167 3.80313
1.07721 3.38236
1.65056 2.27972
1.94163 1.00685
0.71958 3.74156
1.69189 2.15523
1.13801 3.30201
1.79458 1.79263
1.51845 2.62102
1.01343 3.46003
1.45571 2.75953
1.2335 3.16229
1.42342 2.826
1.03509 3.43439
0.773784 3.69829
1.50295 2.65647
1.88414 1.3766
1.99426 0.425575
1.98808 0.529529
1.74468 1.97985
0.470455 3.89566
1.37387 2.92225
1.54884 2.54902
1.17701 3.24704
0.746975 3.72015
0.153462 3.99435
1.85222 1.54027
0.799915 3.6761
1.80654 1.74389
1.6222 2.35968
1.90426 1.26085
0.825574 3.65346
1.86309 1.48686
1.82982 1.64391
1.89431 1.3195
1.21491 3.19087
1.15762 3.27473
1.95027 0.937472
1.28768 3.07491
1.57862 2.47497
1.25179 3.13349
1.43964 2.79299
1.59331 2.43706
1.70536 2.11238
1.30532 3.04509
1.56379 2.51228
1.48732 2.69138
0.602738 3.82272
1.26984 3.10437
0.312557 3.95786
1.84113 1.59256
0.875235 3.60715
0.571375 3.84179
0.434058 3.91235
1.09779 3.35588
1.77001 1.88781
1.05632 3.40852
0.923025 3.55939
1.7824 1.84059
0.538961 3.86032
0.991448 3.48532
1.95858 0.865178
1.6783 2.19731
0.662678 3.78311
0.899357 3.58344
0.969058 3.51032
1.81829 1.69435
1.99976 0.303673
1.98137 0.622707
0.395859 3.92833
0.691543 3.76252
1.63645 2.32002
1.97416 0.708738
1.87373 1.43233
1.93265 1.07387
1.33998 2.9844
1.47161 2.72564
1.71862 2.06896
0.355534 3.94353
1.60782 2.39867
1.75743 1.93423
0.946295 3.53497
1.40706 2.8585
1.35702 2.95351
1.96657 0.789056
0.850619 3.63052
0.50536 3.8783
1.66452 2.2388
1.19611 3.21908
