1.66363 2.18663 2.10058
0.671565 1.68739 5.32091
1.27875 0.157328 4.93141
1.28983 2.66048 2.98525
2.01477 1.22914 0.0993612
1.62947 2.66507 0.168668
1.90212 1.81674 0.103412
1.0409 1.69298 4.80786
1.17771 1.86771 4.38322
1.49384 2.95804 0.104961
2.05932 0.198208 1.21853
1.47524 0.167621 4.43717
1.95437 0.192716 2.30327
1.40181 3.12733 0.100969
1.57253 0.172716 4.13862
1.06923 2.31128 4.14682
0.167341 2.84632 4.44547
1.77969 1.20138 2.87222
1.06707 2.85425 3.31631
0.199988 0.100833 6.08713
0.145454 2.01102 5.36018
0.93937 3.17412 2.96924
1.71942 1.76345 2.54438
0.964769 2.67189 3.87134
2.04823 0.968369 0.102766
1.37555 1.49933 4.19553
1.07505 3.58491 0.120035
0.521293 4.00501 0.0975712
1.33158 2.90138 2.22304
1.30236 3.28756 0.107723
0.940909 2.13033 4.59489
1.66318 0.17746 3.81852
1.58294 2.4908 1.87574
0.198411 4.03201 1.11188
0.701431 2.81799 4.0971
0.925742 3.53835 1.8616
1.38038 0.162652 4.69189
1.11706 1.1779 4.9909
0.162626 2.66637 4.68711
0.747372 1.1942 5.52256
0.17605 3.1787 3.90957
1.78894 1.9224 1.7298
0.92728 1.37711 5.20151
1.39083 2.25612 3.31837
2.09602 0.202211 0.106172
1.51743 1.18513 3.98444
1.76286 2.30804 0.146743
1.74455 0.181726 3.48718
0.19047 3.72897 2.58717
1.26653 1.31864 4.59924
0.10073 0.304309 6.08703
1.28881 2.05848 3.90417
1.56704 2.01416 2.96252
1.15575 3.0226 2.66379
0.75929 3.45458 2.67226
1.82171 0.185768 3.12169
1.48607 2.40485 2.6622
0.115609 0.872168 5.98067
0.171812 3.01693 4.18681
0.714639 3.90066 0.110903
1.15969 0.151098 5.17449
1.89309 0.189505 2.72083
0.204514 4.09057 0.104483
0.657396 2.31814 4.78979
0.125136 1.23567 5.84553
1.45131 2.75155 1.98611
0.193345 3.83866 2.18903
2.00907 0.195581 1.83214
0.673012 3.26748 3.31347
0.184139 3.48738 3.26373
1.84428 1.45669 2.1686
0.139236 1.77377 5.53982
0.132476 1.5158 5.70303
1.20202 3.43042 0.102365
0.772089 1.94325 5.014
0.151235 2.23168 5.16497
0.968493 3.69612 0.105599
0.553872 0.119366 5.93543
1.92821 1.23932 1.77384
1.19404 2.48157 3.60563
0.726064 0.128382 5.78897
1.5613 2.81975 0.109984
0.859853 3.79368 0.101664
1.83126 2.08698 0.107272
0.791185 3.01541 3.62449
1.96273 1.53457 0.10865
0.187359 3.61027 2.94554
1.05247 3.32659 2.15944
0.195942 3.93775 1.73475
1.46327 1.8022 3.64509
1.60625 1.31433 3.57505
0.180211 3.33747 3.59997
1.65943 1.52096 3.16269
0.691554 3.69696 1.99606
1.6786 2.54349 0.098796
0.887128 0.136818 5.60478
0.780265 2.52245 4.39908
1.03034 0.144317 5.3988
0.157107 2.45576 4.93556
1.23588 3.17825 1.79985
