1.21855 1.89908 3.83016
0.87547 2.50694 3.88547
0.890124 1.90268 4.56673
1.80309 1.77206 0.0191756
1.66432 1.88957 1.78901
0.622277 3.28579 2.88906
1.4488 2.53511 1.67563
1.84965 0.100593 2.31018
1.4999 2.66232 0.00827442
1.11216 1.67992 4.31963
1.47064 1.93432 2.87679
0.00938202 0.213131 5.99566
1.39316 1.68405 3.50793
1.27102 0.0702893 4.6451
0.54513 3.85318 0.163444
0.0463234 1.6229 5.48899
1.47587 1.13117 3.6972
0.711597 2.35092 4.37406
0.0235526 0.753911 5.89719
1.21215 2.52782 2.92423
0.595384 3.08917 3.38532
1.16601 0.0647896 4.88633
0.990193 2.68158 3.33745
1.11397 2.32542 3.57929
0.109062 0.00941695 5.99559
0.10332 3.79802 1.88047
1.60456 1.69358 2.55677
0.0898211 3.28287 3.43061
0.597974 3.63675 1.77282
2.00242 0.176309 0.0073703
0.710801 3.41337 2.31636
1.09095 2.84822 2.68009
1.31732 1.34587 4.05634
0.735487 3.72521 0.160987
1.00292 1.35995 4.78722
1.38647 2.34957 2.53701
0.0572058 2.03819 5.16753
1.19984 1.14665 4.49716
1.54834 1.37405 3.21457
1.90805 0.103652 1.83333
1.45373 0.0798578 4.13548
0.0673063 2.42365 4.77774
1.12161 3.3329 0.0192151
0.930293 3.1464 2.46493
0.0971034 3.56078 2.7345
1.72852 1.31853 2.31529
1.36915 0.0754285 4.38731
1.58319 2.46071 0.017402
1.30226 2.71495 2.07547
1.66565 1.09876 2.91082
1.03235 3.24406 1.69466
0.0769182 2.79047 4.30284
1.23225 3.16289 0.0145758
1.7651 1.62225 1.48396
0.100364 3.68521 2.33287
0.224208 3.98507 0.0260309
2.00254 0.1086 0.16351
0.813483 0.0463269 5.49005
0.655146 0.0380344 5.67673
1.7189 2.06315 0.00555456
1.96086 0.106418 1.23276
1.54243 2.18046 2.01313
0.58001 2.66656 4.13438
1.6524 2.26966 0.00845408
0.0815945 2.96892 4.02448
0.717673 1.73313 4.97247
1.82846 1.12957 1.78933
1.3055 2.14294 3.23774
0.0719751 2.60183 4.56159
0.701414 2.83738 3.68587
0.0519355 1.83707 5.33476
0.0326947 1.1028 5.77239
0.0935747 3.42611 3.09851
1.31946 3.01492 0.161119
0.563702 1.04126 5.54992
1.78471 0.097192 2.73152
1.62803 0.0889864 3.50314
1.90764 1.22563 0.161023
1.01335 3.45543 0.161478
0.90353 3.58873 0.0194866
0.108628 3.99714 0.161073
0.628333 1.43411 5.28484
1.86404 1.48105 0.0293982
0.94509 0.0532197 5.29755
0.863779 1.15079 5.14062
0.834651 3.4904 1.56542
0.0623726 2.23537 4.98039
0.0398633 1.37637 5.63862
1.94931 0.933969 0.0267388
1.1776 2.98339 1.90857
0.6174 2.13432 4.73681
1.06593 0.0595478 5.08747
0.106078 3.90328 1.30556
1.70937 0.0932469 3.13525
1.40477 2.87097 0.0219866
0.0858215 3.13023 3.73862
1.54412 0.0845916 3.82957
0.997163 2.13543 4.11463
0.46988 0.0283478 5.83866
0.853228 2.98453 3.08909
