1.9423 0.987691
1.60473 2.40116
0.809375 3.66489
1.18623 3.22974
1.98006 0.617666
0.673136 3.77306
0.275977 3.96653
1.93381 1.05231
1.70198 2.1166
1.04242 3.42204
0.582218 3.83279
1.5754 2.47755
1.5303 2.58805
0.907587 3.57199
0.883821 3.59568
1.3345 2.98979
1.84632 1.55933
1.28082 3.08213
1.36913 2.92659
1.46797 2.72851
1.97322 0.70005
1.41944 2.82923
1.81308 1.70824
1.29897 3.05165
0.550057 3.85164
1.16651 3.25828
1.49943 2.65927
1.45196 2.76252
1.95841 0.850703
1.5455 2.55171
1.0849 3.36895
1.9505 0.920622
1.83546 1.60979
1.80156 1.75635
0.701709 3.75228
0.783407 3.68731
1.38613 2.89446
1.99234 0.430435
0.613406 3.81338
0.643679 3.79347
1.4029 2.862
1.26247 3.11221
1.90678 1.23419
1.71514 2.07369
0.366292 3.93749
0.859458 3.61915
1.14652 3.28648
1.66136 2.24193
1.12626 3.31434
1.63339 2.32262
1.91603 1.17542
1.4358 2.79607
1.0638 3.39568
1.24382 3.14205
0.729685 3.73096
1.61914 2.36215
1.74084 1.9862
1.85695 1.50798
1.48378 2.69412
0.930999 3.54788
0.97657 3.49868
2.00209 0.193463
1.87757 1.40206
0.516458 3.87009
1.51494 2.62392
1.64745 2.28257
1.56053 2.51489
1.68862 2.15897
1.76576 1.8962
1.86739 1.45546
1.78982 1.8037
1.72809 2.03025
0.834653 3.64222
1.2249 3.17159
0.162891 3.99107
1.89728 1.2915
1.67506 2.20078
0.445208 3.9051
0.756879 3.70932
1.77789 1.85031
1.99761 0.316903
1.10572 3.34182
0.080708 4.00079
1.59013 2.43967
1.98646 0.528674
1.96599 0.777357
1.20569 3.20084
1.02075 3.44801
1.7534 1.94152
1.35192 2.95837
1.82438 1.65945
1.88754 1.34741
0.223728 3.97949
1.31685 3.02089
0.953967 3.52347
0.481566 3.88792
0.998812 3.47354
1.92505 1.11485
0.406835 3.92167
0.323021 3.95246
