1.26965 3.33301
1.0123 3.64996
1.34624 3.21616
0.939693 3.72121
0.835807 3.81092
2.07073 0.719618
1.16802 3.47114
0.243081 4.0843
1.10342 3.54986
1.24988 3.36132
1.69536 2.49494
2.08851 0.423312
1.3648 3.18602
1.91484 1.75546
1.28916 3.30434
1.43696 3.06159
1.70988 2.45572
2.09308 0.283935
1.81879 2.12441
2.08315 0.534569
1.40129 3.12461
1.65061 2.60987
1.94742 1.60448
0.862613 3.7891
1.978 1.44469
1.63529 2.64731
1.48905 2.9639
1.66573 2.572
1.83151 2.08056
0.808401 3.83231
0.444757 4.03369
2.06384 0.801287
0.660139 3.93238
1.85633 1.9911
0.780269 3.8533
1.93677 1.65572
0.98856 3.67406
0.559444 3.98601
1.22984 3.38929
1.18891 3.44421
2.04895 0.950857
1.84403 2.03612
0.964379 3.6978
1.98773 1.38905
1.86845 1.94539
1.89206 1.85188
1.52284 2.89665
0.88881 3.7669
1.47189 2.99686
1.12528 3.52396
2.07719 0.631508
0.721874 3.89384
2.0065 1.27356
1.7383 2.37593
1.72419 2.41606
0.91449 3.74426
1.60409 2.72081
0.158066 4.09327
0.627761 3.95085
2.05657 0.878065
1.38315 3.15551
1.95785 1.55226
1.75221 2.3353
1.57214 2.79248
1.45452 3.02944
2.01552 1.21333
2.04102 1.02035
1.61978 2.68429
1.79275 2.21041
1.03568 3.62545
0.355305 4.06128
1.96803 1.49907
0.75145 3.87381
1.77943 2.25258
1.76594 2.29414
0.691464 3.91337
1.88036 1.89897
1.50604 2.93048
0.484998 4.01856
1.30842 3.27532
1.0812 3.57541
1.41923 3.09329
1.58821 2.75686
0.523123 4.00263
1.92592 1.706
1.53946 2.86236
1.1468 3.49773
1.68065 2.53369
1.20952 3.41692
0.303609 4.07348
0.594276 3.96873
0.401829 4.04797
1.90355 1.80409
1.80588 2.16765
2.03279 1.08705
1.32744 3.24593
1.05861 3.60062
1.99724 1.33206
2.02429 1.15127
1.5559 2.82764
