0.951229 3.23036 2.79534
0.776641 2.93667 3.79061
1.18159 3.269 1.74307
1.33874 2.19903 3.57743
0.72689 0.128384 5.78799
0.199889 4.0884 0.252417
0.65465 2.75514 4.25033
0.686872 3.73405 1.84398
1.86079 1.17703 2.4002
1.23738 3.05587 2.22559
1.55418 2.82949 0.25242
0.764811 1.7938 5.14243
0.163268 2.69109 4.65561
1.32707 2.75167 2.63814
0.184546 3.50312 3.22535
0.925512 1.19894 5.29675
1.43829 0.165834 4.54075
1.54407 0.171574 4.23083
1.46321 3.01161 0.252937
0.919903 2.5977 4.06886
0.757645 3.52036 2.47337
0.626092 1.09973 5.6804
0.194502 3.88298 2.00072
1.78581 2.23034 0.252423
0.188272 3.64526 2.84594
0.846882 3.80065 0.25258
0.168186 2.8788 4.39858
1.02681 2.22521 4.33578
1.42566 2.3899 2.9628
1.75074 2.07487 1.68176
1.14078 0.150116 5.20977
1.13783 1.77595 4.55192
1.01919 0.14375 5.41643
1.70468 1.85571 2.48572
0.191529 3.7696 2.44887
0.134308 1.58594 5.66179
1.63785 2.33124 1.92126
1.01735 2.79966 3.54367
1.24538 1.98141 4.10653
0.996361 3.66639 0.119421
0.126266 1.27905 5.82571
0.176793 3.20727 3.85683
2.05383 0.197907 1.30119
1.2463 0.155651 5.00148
1.86209 1.96676 0.252392
1.80513 0.184851 3.20496
0.158593 2.51269 4.87173
1.40438 2.89766 1.79984
0.649701 2.17572 4.94238
1.62724 2.6647 0.252624
1.57664 2.13475 2.72016
1.49046 1.14587 4.09485
0.546393 0.118987 5.9407
1.23622 2.60444 3.27612
0.920192 1.9904 4.76366
2.00049 0.195142 1.9144
1.65183 1.55374 3.16239
1.02362 3.37827 2.09331
0.684856 1.48818 5.43436
1.50734 1.92042 3.34466
0.180569 3.35135 3.5708
1.34405 0.160842 4.7814
1.50549 2.58192 2.1417
0.199893 0.100742 6.08703
1.8778 0.188806 2.81306
0.116349 0.900612 5.97203
1.70621 2.46365 0.252406
1.14333 2.41795 3.83359
0.197244 3.98762 1.44344
1.0354 1.45392 4.98322
1.9416 1.21639 1.67354
1.63784 0.17616 3.91274
1.33932 1.41201 4.35779
1.72787 0.180821 3.55893
1.58567 1.31037 3.65697
0.914119 3.59259 1.65875
2.09401 0.201272 0.253349
0.660389 3.39307 3.03733
1.10384 2.95996 2.99009
1.42112 1.71843 3.87021
0.885115 0.136726 5.60742
0.747181 3.1599 3.41835
1.76243 1.29248 2.88085
1.94383 0.192126 2.38113
1.12972 3.51708 0.255193
1.36262 3.18793 0.254455
0.152965 2.29796 5.10056
1.92303 1.71598 0.252475
0.172813 3.05534 4.12402
1.21687 1.27333 4.73798
1.98617 1.39434 0.252467
1.82596 1.65813 1.97831
0.146983 2.06966 5.31106
0.34176 4.06463 0.157927
0.755341 2.42302 4.5547
0.140908 1.83779 5.49425
2.04133 1.01301 0.252531
0.658428 3.93199 0.255701
1.2548 3.35278 0.252455
0.100723 0.304303 6.08702
