0.984762 3.67782
1.14595 3.49875
0.64328 3.94212
2.0702 0.726046
1.07936 3.57747
1.26969 3.33292
1.03302 3.62825
1.8668 1.95162
0.855165 3.79523
0.739582 3.88195
1.12415 3.52529
1.48656 2.9687
1.87846 1.9064
1.34613 3.21628
1.81838 2.12576
1.50311 2.93627
2.08839 0.425831
1.88999 1.86029
1.72738 2.40701
1.68581 2.52014
0.309834 4.07214
0.908787 3.74934
0.799014 3.83939
0.497081 4.01366
1.58256 2.76945
1.84292 2.04007
2.00465 1.2854
0.9346 3.72591
1.95543 1.56445
0.158053 4.09326
1.5194 2.9036
2.02276 1.16226
0.536141 3.99682
0.36338 4.05912
1.97572 1.45723
1.99522 1.34427
1.55138 2.83722
1.79319 2.20894
1.45279 3.0326
1.05638 3.60305
0.455616 4.02976
0.708463 3.90256
1.4356 3.06402
1.41817 3.09513
0.608979 3.96101
1.30848 3.27519
1.32747 3.24584
1.59786 2.73501
0.573386 3.97923
2.06317 0.808592
1.90132 1.8134
2.0768 0.637086
2.09307 0.283861
0.247018 4.08369
1.46978 3.00083
1.18853 3.44468
1.3645 3.18648
1.80587 2.16763
1.67161 2.55695
1.64267 2.62936
0.882319 3.77245
1.28922 3.30422
1.38262 3.15637
0.676424 3.92261
1.74089 2.3684
0.411402 4.04493
1.93433 1.66711
1.92351 1.71684
1.7137 2.44516
2.04796 0.959762
1.10199 3.55149
1.96568 1.51144
1.20931 3.41718
2.03986 1.02996
0.959858 3.70213
1.53549 2.87059
2.01384 1.22475
1.69985 2.48287
0.827407 3.81755
1.76738 2.28971
1.65723 2.59337
1.16743 3.47185
1.94497 1.61637
0.769681 3.86093
1.98558 1.40148
1.00911 3.65322
2.03145 1.09736
1.40052 3.12588
1.56706 2.80353
2.05574 0.886213
1.78037 2.24958
2.0829 0.538697
1.24986 3.36133
1.85494 1.9962
1.62792 2.66496
1.9125 1.76558
1.75422 2.32931
1.22975 3.38938
1.83073 2.08325
1.61298 2.70018
