0.931243 3.55052 0.00670052
1.45759 2.35531 2.13337
1.67613 0.00578212 3.29921
0.00505574 3.94956 0.99834
1.25927 1.29255 4.25535
0.00487026 3.77003 2.02987
0.996074 3.04166 2.52822
0.845553 2.44128 4.03539
0.00479374 1.27708 5.69293
0.864648 2.92102 3.19458
0.00488452 2.88676 4.16555
0.552343 1.6205 5.23924
0.00667115 4.0057 0.0305431
1.08891 0.00555914 5.04626
1.44722 2.77668 0.00630155
0.00487957 2.69495 4.44513
0.735079 0.00467252 5.59004
1.69647 1.10848 2.73628
1.37759 0.00635626 4.36729
1.63341 1.64173 2.46578
0.449838 3.90457 0.0060355
1.88241 1.38469 0.00957329
0.00494882 3.65177 2.46886
1.10707 2.73837 2.87058
0.564642 2.58705 4.26446
1.94465 0.98179 0.00634771
1.29608 2.53732 2.55846
0.945468 1.34547 4.89949
1.579 2.14743 1.82804
0.00481241 3.04428 3.90508
0.00478033 1.81289 5.35672
1.08817 2.21773 3.79688
1.21687 2.8829 2.02959
1.74521 0.00511371 2.95967
1.80905 0.00483509 2.59208
0.842069 1.81361 4.72659
2.01446 0.0477761 0.0162737
0.869771 0.00526302 5.4141
1.61125 0.00472943 3.5783
0.0046901 2.03872 5.17097
0.581224 3.09215 3.4005
1.13408 1.10075 4.67212
1.62199 2.358 0.00927834
1.26004 3.11962 0.00788206
0.00491731 2.48845 4.70797
0.0048828 2.27825 4.94144
1.68914 1.82609 1.72518
0.00490282 3.37386 3.23913
2.00401 0.00476109 0.166207
0.577972 0.00462251 5.75277
1.04161 3.42599 0.00738937
0.00505983 3.52021 2.86697
0.681686 2.79792 3.78492
1.69433 2.14636 0.00610303
1.46135 0.00472611 4.11608
0.0047779 1.53157 5.55047
0.544317 3.69281 1.66197
1.75626 1.93772 0.00673408
0.00485394 0.557671 5.94717
1.86537 0.00609247 2.20409
1.81703 1.69897 0.00641607
1.19845 2.36851 3.25526
1.76183 1.3535 2.02456
1.96548 0.00474429 1.1851
0.898341 3.3141 2.03874
0.586727 3.42877 2.56251
0.0123936 0.00515893 6.00483
1.09172 3.16174 1.70908
0.806946 1.24435 5.17397
0.975265 2.60337 3.51091
1.39478 1.23691 3.89787
1.91836 0.00485746 1.74756
0.0051053 3.86493 1.57682
0.605799 1.96778 4.90873
1.15345 3.27988 0.0074356
1.3445 2.97584 0.00624124
1.51399 1.89523 2.7283
0.743805 3.51599 1.82459
1.38604 2.67511 1.66127
0.610914 1.10357 5.47739
0.954263 2.06309 4.28476
1.29698 1.90499 3.58358
1.29322 0.00506189 4.5932
1.19201 0.00467621 4.83268
1.54243 0.00670843 3.84069
0.0046343 0.965928 5.82877
1.54349 2.56119 0.00626577
0.983078 0.00467175 5.2374
0.668417 2.26249 4.5364
0.805803 3.67029 0.0106327
1.37624 2.13204 2.9795
0.00489527 3.21257 3.58914
1.18636 1.77771 4.0451
1.84623 1.1559 1.57248
0.400755 0.00464839 5.88574
0.729441 3.20893 2.85786
1.45622 1.55416 3.41035
1.57546 1.28707 3.17586
0.653659 3.7886 0.00919479
1.06059 1.62332 4.48105
