1.43491 2.81713 0.02106
1.2187 2.13473 3.54519
0.569356 1.67468 5.18746
0.0963009 3.49325 2.92814
0.70572 1.18693 5.33742
1.86654 0.102557 2.19428
1.40325 1.11715 3.95693
0.992716 2.34936 3.85857
1.67711 0.0926467 3.2946
0.391063 0.0252458 5.89211
0.0592781 2.08038 5.13141
0.0924613 3.34672 3.29174
0.70284 2.54754 4.13641
0.102807 3.74155 2.12572
1.40444 2.52793 2.01699
0.847503 1.39886 5.02863
1.27409 1.25406 4.24669
1.06832 0.0607291 5.08615
1.22579 2.67792 2.55601
0.735666 3.35732 2.43528
1.53088 0.084974 3.88225
1.70706 1.30814 2.47515
0.0842082 3.03177 3.92011
2.01299 0.132947 0.0213317
2.00356 0.109753 0.173993
1.92019 0.10535 1.7277
1.14435 1.44219 4.4396
1.89698 1.30494 0.0165271
1.12509 2.51296 3.25343
0.874764 3.44381 1.61148
1.25861 0.0706762 4.6791
1.63863 1.8849 2.0113
0.517406 1.08046 5.57563
1.56656 1.66737 2.8036
0.905367 3.11757 2.6322
1.94996 0.977607 0.0133918
1.13611 3.0085 2.05046
0.833559 3.65345 0.0284807
1.33327 3.00561 0.0494895
0.0752639 2.69043 4.44653
0.676808 1.95985 4.83579
1.9653 0.107702 1.18513
1.5069 2.64608 0.0155651
1.32336 2.31974 2.88555
1.03816 1.2105 4.81332
1.62667 1.12865 3.08506
1.80511 0.0993452 2.61629
1.72664 2.03787 0.163174
0.108289 3.95075 0.938554
1.82875 1.10494 1.83219
1.59763 2.42187 0.16197
1.09902 3.36759 0.0287711
0.582378 2.33929 4.55872
0.859562 2.16298 4.35769
0.624036 2.83451 3.81736
0.846205 0.0490831 5.44813
0.010375 0.214044 5.99666
1.29043 2.85827 1.68051
1.48506 2.11616 2.50545
0.0285361 0.907198 5.84981
0.0700162 2.49017 4.70217
0.0379775 1.2675 5.69728
1.40975 1.89087 3.20402
0.0529216 1.8378 5.33596
1.83919 1.60561 0.0197411
0.475716 3.89677 0.0301962
0.89454 2.69109 3.5604
1.44409 0.0804186 4.17031
1.01777 2.84841 2.93305
0.105608 3.84842 1.63894
0.572322 0.0347447 5.75844
0.0645073 2.27993 4.93667
0.570006 3.70848 1.50949
1.35191 0.0755657 4.43919
1.10117 1.937 4.10176
0.593105 3.25046 3.03561
1.68196 2.21213 0.0376797
0.11675 4.00555 0.0249638
0.716154 0.0422734 5.61266
1.31546 1.68838 3.76854
0.678805 3.78177 0.0218202
0.0798647 2.86601 4.19188
0.963206 0.055224 5.2711
1.60156 0.0886836 3.61686
1.49394 1.34698 3.46798
0.0997011 3.62301 2.5475
1.74571 0.0961964 2.95661
1.02361 3.23907 1.7727
0.967622 3.50942 0.162144
0.0460828 1.57682 5.52079
0.621775 3.55044 2.07624
1.16521 0.0657965 4.89151
1.75535 1.56798 1.71533
0.944054 1.75733 4.60402
1.54954 2.28718 1.6802
0.727908 3.01069 3.31652
1.78641 1.82577 0.0443738
0.10969 0.0105058 5.99679
1.20458 3.20636 0.0829226
0.08831 3.1883 3.6292
