0.586702 3.83244
1.91042 1.22222
1.07064 3.39043
1.92831 1.10389
0.890176 3.59236
1.58866 2.44879
1.74918 1.96342
1.73691 2.00652
1.6456 2.29362
0.369205 3.93843
1.34328 2.97819
1.93684 1.04228
1.57392 2.48652
1.54374 2.56099
1.25073 3.13491
0.983345 3.49424
1.28836 3.07351
1.49672 2.67015
1.87174 1.44207
1.60318 2.41068
1.90109 1.27917
0.960665 3.51928
1.98786 0.531305
0.278107 3.96782
0.485279 3.8883
1.32517 3.0104
1.4806 2.7058
1.79627 1.78532
1.36121 2.94552
0.0810651 4.00235
0.618103 3.8128
1.09166 3.3636
1.52837 2.59757
1.8511 1.54504
0.706967 3.75093
0.73503 3.72942
1.9195 1.1638
1.97509 0.697033
1.84052 1.59486
0.76229 3.70759
0.937566 3.54402
1.63166 2.33309
1.02767 3.44303
1.82972 1.6438
1.67273 2.21379
1.76123 1.91987
0.520472 3.87021
0.788969 3.68531
1.30687 3.04216
1.13284 3.30887
1.19282 3.2237
1.37892 2.91244
1.68598 2.17326
1.04933 3.41689
0.448958 3.90554
1.26964 3.10444
1.11241 3.33639
1.89153 1.3347
1.88174 1.38899
1.72452 2.04879
0.648656 3.79258
1.94512 0.978565
0.815036 3.66267
1.55892 2.52399
1.00568 3.46881
1.96077 0.843921
1.96811 0.772329
0.225449 3.98091
1.69907 2.13211
2.00306 0.193721
0.164283 3.99256
1.99867 0.328851
1.39642 2.87897
1.2316 3.16499
1.95312 0.912403
1.21232 3.19455
1.81875 1.69182
1.44759 2.77623
1.17299 3.2526
0.410254 3.92235
1.71189 2.09073
1.61753 2.37207
1.77309 1.87571
1.98169 0.617122
1.80761 1.73895
1.4642 2.74122
1.51268 2.63399
1.86152 1.49409
1.15304 3.28091
1.78477 1.83088
0.840576 3.63962
0.865617 3.61618
0.325594 3.95358
1.6593 2.25385
0.914072 3.56838
1.41369 2.84512
0.554246 3.85157
1.43074 2.81088
0.678281 3.77193
1.99355 0.436931
