2.05582 0.885523
0.939213 3.72165
1.8451 2.03225
0.963143 3.69899
1.30174 3.28544
0.839023 3.80835
1.09914 3.55483
1.85798 1.98495
0.890053 3.76581
0.758522 3.86886
0.239183 4.08487
1.90714 1.7888
0.433641 4.03757
1.70575 2.46696
1.05521 3.60435
2.08844 0.424838
0.701676 3.90693
1.41224 3.10556
2.09309 0.283909
2.03981 1.03043
0.730461 3.88813
1.74945 2.34343
0.914827 3.74396
1.35789 3.19731
1.56559 2.80676
1.96342 1.52341
1.61375 2.69841
1.76369 2.30093
0.812798 3.82893
0.577958 3.97699
1.03275 3.62856
1.22379 3.39759
1.48213 2.97729
1.6757 2.54649
1.16274 3.47781
0.392198 4.0509
1.94165 1.63248
1.33938 3.22709
2.04799 0.95959
1.32066 3.25647
1.98419 1.40958
0.641707 3.94303
1.20371 3.42469
0.347386 4.06333
2.0133 1.22848
0.672098 3.92525
1.2826 3.31404
1.58178 2.7712
0.509236 4.00861
1.3762 3.16713
1.95265 1.57855
2.00388 1.29041
1.18336 3.45143
1.89519 1.839
1.3943 3.13659
0.610377 3.96028
1.26322 3.34228
0.544286 3.99312
1.97393 1.46713
2.07031 0.724795
1.24362 3.37013
1.69083 2.50697
0.297518 4.07473
1.46493 3.01
0.158086 4.09329
0.98675 3.67586
1.07734 3.57977
1.83202 2.07878
1.73506 2.38522
1.99417 1.35074
1.81874 2.12457
1.43004 3.07404
2.03128 1.09873
1.77771 2.25793
1.72047 2.42645
1.53262 2.87656
1.12065 3.52951
1.7916 2.21408
2.08298 0.537566
2.0769 0.635694
1.54916 2.84196
1.59789 2.73497
1.91886 1.73771
1.44753 3.04233
2.06327 0.807643
1.80528 2.16963
1.49908 2.94427
1.9304 1.68546
0.472436 4.02346
1.5159 2.91071
2.02244 1.16467
1.88304 1.8883
1.66045 2.58532
1.62947 2.66128
0.864775 3.7873
1.14185 3.50383
1.87061 1.93705
1.00996 3.65237
0.785971 3.84912
1.64505 2.62355
