1.23829 1.88118 3.79185
0.583461 0.0345048 5.74679
0.885967 1.14422 5.10927
1.54164 0.0846861 3.83964
0.0918445 3.36845 3.23728
1.76582 1.92655 0.0301388
0.587211 3.39982 2.64647
1.34691 2.37529 2.66944
1.70338 1.12788 2.67864
1.8797 1.38615 0.160739
1.62036 0.0888084 3.53616
0.0611165 2.19579 5.01947
0.0557488 1.99093 5.20847
1.47955 1.13422 3.6807
1.11768 3.07573 1.90013
0.0843303 3.08169 3.82789
0.864258 2.82676 3.38044
1.2395 3.14692 0.160849
1.21884 2.74475 2.41303
1.57129 1.33207 3.15215
1.44866 2.7672 0.161012
1.37567 2.92638 0.0252442
0.0990938 3.6451 2.47008
1.45853 0.0803323 4.12124
1.40488 1.65869 3.49176
1.62575 1.66278 2.47884
0.695615 3.76445 0.0124418
0.108836 3.99734 0.161598
0.728946 0.0421235 5.59603
1.59047 2.47004 0.0257773
1.67818 2.18841 0.161215
1.52413 2.11343 2.27947
1.31299 2.13379 3.2227
0.582338 3.68387 1.58881
1.29652 2.8657 1.59323
1.19718 0.0666455 4.81889
1.93269 1.05472 0.16085
0.401418 0.0249701 5.88453
1.68831 0.0923675 3.23763
1.09845 0.0614738 5.02567
1.12363 1.68118 4.29083
0.632768 1.46276 5.26182
0.0800396 2.91795 4.10712
1.76229 1.37161 1.99239
0.983345 0.0554464 5.23531
1.10554 2.64135 3.07271
0.572891 2.4471 4.43659
1.84896 1.09826 1.63418
1.47424 1.89088 2.92318
0.534754 3.85865 0.160821
0.858624 0.0489145 5.42861
0.682698 2.67379 3.97973
1.29143 0.0715823 4.59505
1.32168 1.33378 4.05152
1.82768 0.0996669 2.46439
0.10542 3.88649 1.41264
0.102423 3.77215 1.9934
0.587862 2.96531 3.63592
0.860989 3.23104 2.4428
0.0760122 2.76422 4.34032
2.0139 0.167635 0.0328126
1.82032 1.67349 0.160798
1.37905 0.0761699 4.36025
1.11936 3.3459 0.0251746
0.632738 2.10248 4.74999
1.51911 2.6119 0.160774
0.738324 1.72193 4.95339
0.0883881 3.23653 3.52786
1.94851 0.105993 1.40145
0.0661478 2.38778 4.81782
0.095601 3.5118 2.87305
1.56892 2.27351 1.53914
0.330024 3.95777 0.0149408
0.995354 3.47575 0.161025
0.729325 3.50402 1.92538
1.97828 0.715537 0.018674
0.953676 2.50813 3.71378
0.109677 0.00972226 5.99584
0.0712356 2.58193 4.58649
0.994024 2.96093 2.74151
1.18735 1.19191 4.49962
0.828763 2.29876 4.24883
0.875922 3.61622 0.0191136
0.567179 1.13941 5.50276
1.16276 2.32968 3.4294
0.0356366 1.22342 5.71711
1.04736 2.12357 4.01429
1.01185 1.35302 4.77396
0.692543 3.13934 3.10308
2.00279 0.108843 0.161972
0.0498069 1.76419 5.38951
0.00975075 0.215252 5.99584
1.6953 1.83446 1.64815
0.9637 3.32294 1.71123
1.76122 0.0961863 2.86699
1.4135 2.52897 1.94356
0.0431075 1.50853 5.56161
0.914168 1.8893 4.53567
1.89185 0.103027 1.981
0.0269391 0.891493 5.8536
