1.53825 2.57273
0.265927 3.97057
0.0820356 4.00182
1.23131 3.16436
1.65158 2.27472
1.3601 2.94636
1.90079 1.27799
1.28807 3.07285
0.428239 3.91413
0.310865 3.95769
1.7042 2.11389
0.651696 3.78979
1.06878 3.39182
1.37746 2.91398
1.46085 2.74702
0.735184 3.72854
1.97996 0.633337
0.352361 3.94395
1.17229 3.25256
1.39459 2.88127
1.34246 2.97847
1.92987 1.08949
1.50794 2.64343
1.74217 1.98628
1.79077 1.8052
0.98093 3.49604
1.44468 2.78096
1.19222 3.22353
1.80258 1.75754
1.11097 3.33732
1.96468 0.801989
1.95647 0.878939
1.94792 0.952053
1.30646 3.04171
0.592643 3.82813
0.813589 3.66315
1.25049 3.1342
0.958169 3.52111
1.63806 2.31346
1.42823 2.81469
1.41154 2.84812
0.86347 3.61739
1.81421 1.70899
0.49751 3.88153
0.70799 3.74942
1.15208 3.28125
1.32465 3.01015
1.52321 2.60824
1.49249 2.67823
1.02546 3.44472
1.58217 2.464
1.72968 2.02948
1.47681 2.71273
1.08998 3.3648
1.66492 2.23551
1.86975 1.44976
1.83701 1.60857
1.939 1.02243
1.00336 3.47057
1.67818 2.19552
1.88027 1.39426
0.680177 3.76984
0.463574 3.89815
1.84812 1.55684
0.391312 3.9294
1.5531 2.53683
1.82571 1.65927
0.622501 3.80925
1.69126 2.15503
1.56774 2.50059
1.59645 2.42692
0.761826 3.7072
1.62436 2.35176
0.216289 3.98238
1.97252 0.720622
1.13164 3.30949
1.99898 0.309832
0.935069 3.54577
0.530209 3.86431
1.76674 1.89751
1.61049 2.38958
0.158778 3.99293
1.26942 3.10367
1.04726 3.41847
0.911595 3.57005
1.21189 3.19413
1.92041 1.15451
1.99329 0.433369
1.98692 0.538616
1.85904 1.50387
1.71698 2.07212
1.89059 1.33718
0.83875 3.64048
1.7788 1.85189
1.75458 1.94212
2.00371 0.195078
0.561856 3.84652
0.887756 3.5939
1.91071 1.21728
0.787951 3.6854
