0.0971784 3.55756 2.74459
0.683696 3.08365 3.24509
1.6386 1.32278 2.83986
1.70658 0.0933051 3.15016
0.102887 3.77543 1.98141
0.0600314 2.13995 5.0743
0.970419 2.9468 2.85207
1.4335 1.23851 3.76993
0.107793 3.96263 0.807225
0.579996 2.88253 3.79512
0.843314 2.25402 4.27849
1.26018 2.92371 1.62268
0.028205 0.925379 5.84229
0.0896869 3.27167 3.45518
1.37264 2.6129 1.96093
1.28962 2.44919 2.77427
0.0170551 0.00917823 6.00865
0.688048 1.27671 5.30928
1.54226 0.0846992 3.83733
0.969903 2.45185 3.76214
1.65111 2.29156 0.00948559
1.56019 1.82638 2.59911
0.562946 2.42583 4.47538
1.15232 0.064276 4.91607
0.0379364 1.29675 5.68119
0.483517 3.89495 0.0148973
1.62701 0.0891385 3.50852
1.41075 2.84552 0.161505
0.557148 1.75293 5.13876
1.46288 2.2318 2.38739
1.18324 2.78608 2.46815
2.00277 0.108821 0.161969
0.70707 3.4671 2.14151
1.7482 1.0814 2.45568
1.90826 0.103866 1.83356
1.45866 0.0803182 4.12074
0.595342 3.64181 1.75873
0.0534353 1.88822 5.29466
1.52609 2.36893 1.60646
1.78459 1.82291 0.161386
1.49362 2.68689 0.0103646
0.932658 1.09326 5.06075
0.943342 1.85553 4.51483
1.7823 0.0972677 2.7471
1.28344 1.86212 3.67842
0.0935682 3.41979 3.11482
1.82221 1.21737 1.71782
1.84816 1.57738 0.00949479
0.0462767 1.61503 5.49448
0.118679 4.0035 0.0105091
1.94928 0.976474 0.0115793
1.08686 3.09338 1.99759
1.70907 1.62196 1.9908
1.19125 2.26997 3.43378
0.662262 2.06582 4.75133
1.04965 1.32118 4.72185
1.08785 2.62654 3.15913
0.819606 1.61418 4.92147
0.577686 3.33109 2.85592
0.856937 2.77818 3.48804
1.31659 3.03502 0.0093528
0.772697 3.70456 0.00995594
1.8987 1.28098 0.161509
2.00858 0.120246 0.00996513
0.51776 1.06573 5.57981
1.38214 2.06391 3.0637
1.85146 0.100891 2.29886
1.36965 0.0756573 4.38673
0.0859674 3.12972 3.74006
0.0654854 2.34808 4.86241
0.0813957 2.95526 4.04754
0.0711755 2.56523 4.60845
0.88503 3.59355 0.162837
1.72339 2.06568 0.0124734
1.31649 1.34901 4.05719
0.904006 0.0512713 5.36206
0.105282 3.86683 1.53233
1.20132 3.20646 0.16118
1.56574 1.10583 3.36846
0.00954674 0.213337 5.99582
0.635044 3.7983 0.163162
0.417572 0.0257934 5.87446
1.96101 0.106632 1.23405
1.26487 0.0701706 4.66088
0.995168 3.48837 0.00956668
0.617194 0.0362511 5.71512
0.100158 3.67126 2.38275
1.0326 0.0580052 5.14942
0.691147 2.61311 4.05809
1.47498 1.64543 3.23918
1.62842 2.01104 1.79018
1.21416 1.0938 4.49283
1.10139 3.35906 0.00943096
0.778171 0.0446796 5.53625
0.0765135 2.76894 4.33448
0.946908 3.33169 1.76043
1.07771 2.07386 4.00235
0.84866 3.20957 2.54581
1.15036 1.65656 4.25021
1.57518 2.49483 0.0107881
