1.49237 2.95743
0.925708 3.7341
1.52518 2.89187
1.67859 2.53902
1.06781 3.59045
1.94813 1.601
1.78988 2.2196
1.93702 1.65457
1.5413 2.85853
1.84162 2.04476
1.15514 3.48736
0.158065 4.09327
2.01015 1.24958
0.874954 3.77875
1.85411 1.99932
1.3524 3.20623
1.19685 3.43378
0.822209 3.82165
1.77654 2.26158
1.89069 1.85749
0.794994 3.84243
1.70737 2.46256
2.07622 0.645616
2.02877 1.11791
2.09303 0.283874
2.08254 0.545445
1.55722 2.8248
1.21725 3.4065
2.0882 0.430687
1.61918 2.6857
0.767191 3.86273
2.01961 1.18484
1.50887 2.92484
1.31508 3.2651
0.679562 3.92072
0.584031 3.97395
1.022 3.63988
0.477081 4.02167
0.350273 4.06259
0.998531 3.66404
1.04508 3.61536
1.66394 2.57652
0.648728 3.93902
1.99042 1.37321
1.74934 2.34376
0.709544 3.90189
0.299768 4.07427
1.37069 3.1763
1.76303 2.30295
1.57297 2.79067
0.90057 3.75664
1.86649 1.95285
0.738705 3.88257
1.45871 3.02164
0.848844 3.80042
1.60395 2.72111
1.95903 1.54617
1.13382 3.51363
2.00042 1.3123
1.98021 1.43228
2.06204 0.821065
1.82894 2.08954
1.17615 3.46074
1.47566 2.98969
0.437713 4.03616
1.29605 3.29404
1.11216 3.53959
1.44156 3.05323
1.40658 3.11545
1.25721 3.3509
0.950402 3.71115
1.69306 2.50104
2.03762 1.04851
1.92569 1.70704
1.90254 1.80833
1.96972 1.49002
0.514353 4.00643
1.80306 2.17694
1.38876 3.14602
1.23736 3.37887
0.974666 3.6878
1.33385 3.23585
1.87869 1.90558
1.72152 2.42351
1.42417 3.08452
1.09016 3.56519
1.63428 2.64974
0.240683 4.08465
0.549918 3.99051
1.58855 2.7561
2.05428 0.90067
2.06937 0.736606
1.91421 1.75822
0.395752 4.04983
2.04613 0.976268
1.73552 2.3839
0.616923 3.95677
1.64919 2.61338
1.27676 3.32264
1.81608 2.13358
