1.89729 0.0039868 1.93719
0.710021 3.3208 2.60251
0.00405517 1.83416 5.33906
1.1997 0.00398735 4.81351
0.743043 0.0040032 5.57924
1.82118 1.68456 0.00608323
1.32112 2.71282 1.97025
0.59277 0.00408444 5.73804
0.00431958 2.83377 4.24449
0.00414647 2.05495 5.1552
0.621894 3.17418 3.15721
1.25513 2.51578 2.77997
0.00396153 3.6946 2.31759
0.966702 1.21737 4.9373
1.42455 2.81722 0.166402
0.00407658 3.92276 1.20671
1.05703 2.7037 3.10421
0.914852 3.04381 2.78472
1.60131 2.40813 0.161237
0.980383 1.92515 4.37507
0.577672 2.96977 3.64257
0.661461 1.58908 5.14683
0.00396252 3.81206 1.84004
0.11246 0.00400399 5.99514
1.93522 1.10661 0.0124186
0.00473906 4.00244 0.169038
0.627531 3.53722 2.1026
1.12844 3.3097 0.165771
0.0039708 2.64691 4.50764
1.24983 3.14637 0.0182156
0.671381 2.7045 3.95041
0.565251 1.19672 5.47753
0.00397964 3.30955 3.38245
0.00424072 1.56479 5.52831
0.799811 1.07684 5.26732
0.555904 3.72775 1.43647
1.48859 1.81779 2.96216
1.28504 0.00415653 4.61146
1.29115 1.87246 3.64043
0.914231 3.56372 0.161669
0.848355 2.34337 4.15863
1.88578 1.36776 0.010647
0.00396593 3.1593 3.69156
1.02823 3.45127 0.0140573
0.808297 3.67512 0.0256599
0.829763 2.86013 3.39509
1.55346 2.12575 2.06609
1.0038 0.00433565 5.20037
0.00444273 1.27097 5.695
1.19491 3.02964 1.62497
0.693774 2.18831 4.58376
1.62908 0.00417913 3.50117
1.3505 2.97945 0.0156139
1.29903 1.15038 4.23946
1.666 1.8514 1.86127
0.87058 1.72248 4.75667
1.39931 1.37249 3.7794
1.73412 1.26329 2.34597
1.70579 0.00401523 3.15575
1.85119 1.04644 1.68771
1.10545 0.00404134 5.01198
0.0040494 3.57544 2.70581
0.00395362 2.26342 4.95504
0.593656 1.97353 4.91674
0.0039719 3.45006 3.05022
1.60725 1.6243 2.6399
2.00322 0.00444199 0.168923
0.00400056 2.44792 4.75377
1.41506 2.30589 2.48335
1.00821 3.19397 2.00868
1.08406 2.13298 3.91462
1.5521 0.00472978 3.80262
0.641579 3.82698 0.0490534
1.77954 1.52486 1.5569
1.95084 0.00420365 1.37758
1.65294 1.09573 2.97659
1.75165 1.94488 0.160821
1.19634 1.67504 4.11643
0.0040636 0.942438 5.83648
1.77646 0.00432977 2.78308
0.00399473 0.220871 5.99514
0.454998 3.89924 0.160889
1.35664 2.06555 3.15996
0.409933 0.00397626 5.87904
0.0052646 3.00199 3.97589
1.83683 0.0042361 2.40501
1.52742 1.2485 3.41239
0.954435 2.53138 3.67663
1.37986 0.00444138 4.35854
1.6798 2.18362 0.162898
0.880349 0.00422753 5.39723
1.50704 2.66609 0.0216785
1.13227 2.87842 2.44172
1.96384 0.884786 0.035067
1.47077 0.00431369 4.08279
1.1738 2.32514 3.40274
0.86444 3.41122 1.79477
1.11542 1.34164 4.56988
1.47148 2.5015 1.60809
0.555799 2.52355 4.35925
