1.43816 2.79156
1.22607 3.17008
1.06301 3.39693
0.155755 3.99232
0.75233 3.71321
0.304717 3.95836
1.60604 2.39806
1.62032 2.35937
0.260702 3.97075
0.48903 3.88439
1.81518 1.69994
1.9112 1.20733
0.383941 3.93098
1.75453 1.93798
0.804256 3.66959
1.72899 2.0277
0.58348 3.83221
0.725659 3.7343
1.33658 2.98641
1.63449 2.31995
0.829605 3.64703
1.50167 2.65461
1.16715 3.25766
1.82673 1.6497
1.68942 2.15692
1.84921 1.54621
0.455314 3.90064
0.212091 3.98213
1.5323 2.58371
1.74184 1.98322
1.54738 2.54754
1.45435 2.75786
1.64845 2.28015
0.854549 3.624
1.98518 0.54949
1.66227 2.23967
1.77933 1.84533
0.778419 3.69173
1.97125 0.723342
0.420373 3.91617
1.4218 2.82484
0.950694 3.52723
1.10567 3.34215
1.97844 0.639723
1.8915 1.32575
1.76703 1.89202
0.670523 3.77511
1.99139 0.450009
0.552939 3.85018
1.92985 1.08198
1.35409 2.95474
1.04118 3.4238
1.47031 2.72383
1.3188 3.0178
1.0845 3.36972
0.69836 3.75497
1.83808 1.59846
1.59159 2.43626
1.40525 2.85773
0.879163 3.60046
1.88128 1.38273
1.56228 2.51095
1.48609 2.6894
0.90339 3.57647
1.38843 2.89038
1.87082 1.43842
1.57701 2.47387
1.12642 3.31438
0.521537 3.86756
1.94739 0.947767
1.28249 3.07967
1.37133 2.92281
1.71598 2.07141
0.973808 3.50199
1.79148 1.79769
0.34563 3.94504
1.90148 1.26731
1.14698 3.28612
0.642152 3.7947
1.18712 3.22873
1.67592 2.19864
0.613157 3.81373
1.96366 0.801963
0.0813903 4.00086
1.51708 2.61936
1.26391 3.11018
0.99659 3.47633
1.20675 3.19954
1.95569 0.876538
1.24514 3.14026
0.927244 3.55204
1.86013 1.49288
1.92066 1.14562
1.80343 1.74925
1.70276 2.11457
2.00173 0.192877
1.30084 3.04878
1.01906 3.45025
1.99697 0.335775
1.93877 1.01615
