1.80438 1.73854
1.44708 2.76902
1.25329 3.12386
1.97248 0.693498
0.857657 3.61851
1.81607 1.68914
1.41347 2.83755
1.63378 2.31692
0.498224 3.87775
1.03609 3.42705
1.17725 3.23988
0.904478 3.57272
1.9648 0.775995
0.732562 3.72657
0.53066 3.86058
1.13802 3.29539
0.464536 3.89437
1.61923 2.3574
0.833632 3.64084
1.89202 1.3139
1.7925 1.78699
2.00249 0.0349627
1.72994 2.01859
1.46358 2.73414
0.429408 3.91038
0.161152 3.98995
1.15778 3.26779
1.43036 2.80352
1.67622 2.19235
1.91183 1.19361
1.84983 1.53559
0.65065 3.78671
1.0149 3.45227
0.758632 3.7057
1.90205 1.25457
1.05696 3.4015
1.60449 2.39736
1.34409 2.96921
1.57444 2.47572
0.0862655 3.99904
1.0776 3.37554
1.58956 2.43681
0.993495 3.47704
1.47995 2.69868
1.68997 2.14974
0.562005 3.84287
1.11815 3.32245
1.95672 0.853951
1.37914 2.90427
0.70593 3.74701
1.29015 3.06333
0.678658 3.76705
1.99812 0.268639
1.86067 1.48224
0.809125 3.66284
0.927265 3.54932
1.75557 1.92808
1.74285 1.97367
1.30832 3.03237
0.267777 3.96722
1.528 2.58943
1.71681 2.06294
0.312476 3.95423
1.55914 2.51415
1.64813 2.27593
1.98649 0.508393
1.23455 3.15352
1.51216 2.62634
1.99269 0.399189
0.592423 3.82461
0.881279 3.59578
1.19654 3.21152
0.621936 3.80589
1.36171 2.93696
1.66228 2.23439
0.392621 3.92573
0.971752 3.50149
1.32628 3.00104
1.27184 3.09376
1.54368 2.55198
0.353808 3.94037
1.94831 0.927777
1.82753 1.63894
1.76809 1.88176
1.87131 1.42765
0.218293 3.97921
1.9396 0.998194
0.784146 3.68445
1.92132 1.13091
1.88175 1.37161
1.97974 0.604972
1.49615 2.66273
1.3964 2.87111
0.949685 3.52558
1.93056 1.06606
1.098 3.34918
1.70349 2.10663
1.21564 3.18275
1.78041 1.83471
1.83878 1.58777
