1.24955 3.13395
0.71254 3.74481
0.224263 3.97983
1.95541 0.881631
1.99769 0.324924
1.78064 1.84155
0.50457 3.87689
0.91358 3.56666
1.40884 2.85145
0.359711 3.94041
0.936923 3.54244
1.97872 0.639779
1.37485 2.91695
0.685169 3.76508
1.63939 2.30711
0.657149 3.78491
1.85937 1.49826
1.7319 2.01889
1.21164 3.19282
1.00494 3.4673
0.318308 3.95447
1.59674 2.42372
1.82663 1.65155
1.02699 3.44143
0.43561 3.90994
1.58212 2.46175
2.0025 0.193992
0.273646 3.96765
0.982583 3.49276
1.92908 1.08965
0.0939872 4.00009
1.98562 0.547174
1.81539 1.70044
1.61113 2.38536
0.598881 3.82318
1.93815 1.02314
1.34009 2.98085
1.65323 2.26728
0.628402 3.80428
1.47452 2.71557
1.15273 3.27872
1.99198 0.444368
0.959924 3.5178
0.865918 3.61375
1.39194 2.8844
0.739345 3.72406
0.816588 3.65922
1.97134 0.725491
0.765588 3.70288
1.80396 1.74842
0.537117 3.85948
1.23074 3.16353
1.35756 2.94912
1.74436 1.97555
1.2681 3.10405
0.568482 3.84158
0.470782 3.89373
0.791309 3.68128
1.53716 2.57305
1.28643 3.0738
1.91023 1.21541
0.889918 3.59043
1.88033 1.38958
1.09125 3.36162
1.90048 1.27515
1.50621 2.64516
1.86996 1.44451
1.6934 2.14551
1.84865 1.55041
1.17263 3.25043
1.49045 2.68059
1.56733 2.49926
1.44206 2.78432
1.19225 3.22183
1.62536 2.34645
1.13252 3.3067
0.167453 3.99077
1.94692 0.954055
1.30452 3.0432
1.89052 1.33311
1.04872 3.41519
0.841473 3.63669
1.76872 1.88693
1.45838 2.75015
1.83777 1.60134
1.11207 3.33428
1.66682 2.22716
1.55234 2.53636
1.52179 2.6093
1.07014 3.38859
1.68023 2.18652
1.70645 2.10376
1.91979 1.1535
1.96356 0.805713
1.71927 2.0616
1.79239 1.79536
1.32241 3.01222
1.75663 1.93158
0.398707 3.92552
1.42555 2.81808
