1.7902 2.21857
1.66721 2.56823
0.241348 4.08456
1.98845 1.38484
1.92407 1.71439
0.909322 3.74889
1.9352 1.66311
0.30092 4.07404
1.12226 3.52758
1.43234 3.06993
1.36147 3.19147
1.59363 2.74464
2.06847 0.747596
0.684931 3.91742
1.57842 2.77866
2.06092 0.833161
0.934781 3.72577
1.22738 3.39267
1.54739 2.84571
1.87754 1.9101
1.97823 1.44339
1.30572 3.27941
1.14398 3.50121
1.37955 3.16155
2.08801 0.435081
1.24745 3.36475
1.53158 2.87872
1.415 3.10073
0.588008 3.97193
0.517431 4.00511
2.05294 0.913562
0.621356 3.95436
1.20702 3.42027
1.8655 1.95664
2.04461 0.989624
1.84098 2.04707
1.88944 1.86258
1.07773 3.57933
1.6528 2.60444
1.95712 1.55592
0.829775 3.81571
1.737 2.37966
1.48299 2.97562
0.351765 4.0622
0.653599 3.9362
0.440076 4.03534
1.91269 1.76483
1.39743 3.13123
2.02698 1.13135
1.05496 3.60463
1.44946 3.03878
1.81584 2.13439
0.397709 4.04924
0.715357 3.89811
1.77712 2.25978
1.62355 2.67538
1.60868 2.71021
1.34319 3.22102
1.28657 3.30818
0.856831 3.79388
1.85332 2.00224
1.72331 2.41852
2.03595 1.062
1.46641 3.00723
1.70952 2.45669
1.68145 2.5316
1.96778 1.50036
1.10016 3.55365
1.26715 3.33663
1.56299 2.81238
1.0082 3.65418
1.94628 1.61007
0.802161 3.83704
1.16528 3.4746
1.51559 2.91135
1.69555 2.49443
1.49939 2.94366
1.75051 2.34032
0.984166 3.67843
1.32459 3.25036
0.553434 3.98886
0.744981 3.87828
1.82851 2.09104
2.09303 0.283855
0.773913 3.85791
2.07556 0.655068
2.00823 1.26223
0.158064 4.09327
1.03179 3.62958
0.479762 4.02062
1.63826 2.64011
1.76388 2.30038
1.90116 1.81414
1.18635 3.44754
1.99847 1.32446
0.883344 3.7716
2.01775 1.19792
1.8031 2.17681
2.08211 0.552847
0.959732 3.70227
