1.70878 2.09622
0.153568 3.99296
1.98591 0.543075
0.635783 3.79942
1.4598 2.74718
0.751585 3.71431
1.83726 1.60374
1.72146 2.05434
0.312553 3.9563
1.10773 3.34007
1.33904 2.98276
1.6828 2.17864
1.66948 2.21924
0.882019 3.59821
0.831507 3.64583
0.396153 3.92655
1.65593 2.25944
1.64217 2.29925
1.22748 3.16859
1.52409 2.60396
0.0690127 4.00204
1.69588 2.1377
1.89715 1.29489
1.80465 1.74562
0.66588 3.77885
0.954063 3.52417
1.06553 3.39439
1.86805 1.45443
1.79337 1.79149
1.84771 1.55494
0.604906 3.81942
1.55493 2.53005
1.74625 1.96889
1.93318 1.06019
1.81572 1.69907
0.999786 3.47326
0.471071 3.8936
1.57002 2.49254
0.265893 3.96974
1.58488 2.45466
0.695152 3.75781
0.977115 3.49889
1.73399 2.01175
1.50834 2.64034
1.75831 1.9255
1.91558 1.18127
0.805561 3.66896
1.88764 1.3494
0.355661 3.94187
1.02206 3.44731
0.214136 3.98203
1.87795 1.40249
1.61398 2.37767
1.62817 2.3387
1.35692 2.95032
2.00191 0.192867
1.04401 3.42097
1.12833 3.31244
1.77019 1.88147
1.14867 3.28441
1.08678 3.36741
0.778912 3.69181
1.4762 2.71194
1.32099 3.01473
1.20814 3.19813
1.8266 1.65175
1.28425 3.07746
1.16875 3.25603
0.506236 3.87604
1.42637 2.81645
1.9973 0.334805
1.24661 3.13865
0.930444 3.54926
1.44318 2.78203
1.97942 0.631123
1.53963 2.56717
1.40933 2.8505
0.573079 3.83888
1.78191 1.83666
1.49239 2.6763
1.59952 2.41641
0.723695 3.7363
1.94159 0.9967
0.856996 3.62223
0.434465 3.91046
1.92449 1.12174
0.540234 3.85777
1.18857 3.22727
1.30271 3.04632
1.39207 2.88419
1.96527 0.78893
1.37459 2.91746
1.97254 0.712374
1.95769 0.861226
1.26553 3.10827
1.9919 0.446123
1.90646 1.23897
0.906445 3.57393
1.9498 0.930254
1.85798 1.5052
