0.892868 3.37275 1.83481
1.94451 0.965707 0.162536
1.7658 0.096187 2.83984
0.105658 3.88702 1.41106
0.0642277 2.30594 4.90735
0.768603 0.0439618 5.54771
0.697931 2.61854 4.03916
1.58625 2.46279 0.00879436
1.15885 3.07339 1.67605
2.00255 0.108599 0.161046
1.19631 3.22537 0.0238016
1.76884 1.88246 0.161163
1.11064 3.33398 0.163869
0.563001 3.13886 3.33165
0.832997 3.02967 3.0394
0.0961554 3.52437 2.83898
0.250384 4.00055 0.0380478
0.637612 2.1222 4.7251
0.612491 3.81281 0.161469
1.2421 1.12774 4.40392
0.0700349 2.52755 4.6548
0.43152 3.91984 0.0229998
0.0361549 1.23462 5.71203
0.557458 2.43145 4.47414
0.605503 3.47211 2.38693
0.0994316 3.6494 2.4567
0.102749 3.77598 1.97818
1.04283 3.42901 0.0152954
0.108804 0.00940686 5.99565
0.451032 0.0273301 5.85195
0.621844 0.0362756 5.71015
1.58468 1.26318 3.15707
0.888691 0.050251 5.3844
0.985322 2.45018 3.72776
1.36832 1.27379 3.95573
0.0258049 0.839636 5.87112
1.51621 1.85209 2.78436
1.69557 1.80762 1.71399
1.46044 1.4787 3.46989
1.83356 0.0997357 2.42277
1.47051 0.0807223 4.08173
0.00938362 0.212963 5.99568
1.05317 2.90578 2.67686
0.0518268 1.83269 5.33816
1.38041 2.05384 3.08481
1.69264 0.0923551 3.21582
1.85847 1.06729 1.58537
1.23922 2.80282 2.15788
1.62256 0.0886853 3.52579
1.10099 0.0613694 5.01993
0.0926342 3.38999 3.18692
0.639199 2.87925 3.71409
1.64073 1.62184 2.45286
0.704898 3.27703 2.73748
1.64892 2.27649 0.162645
0.0447106 1.56112 5.52921
1.12715 2.61085 3.06227
1.17146 1.64189 4.21042
0.0583644 2.08218 5.12787
1.37931 2.66735 1.73974
0.580795 1.64693 5.1934
0.525191 3.69622 1.70089
0.768189 3.70158 0.0402768
0.0842212 3.06893 3.85157
0.999483 0.0560534 5.20713
0.71358 1.19135 5.32318
1.29571 0.0715673 4.58333
0.0799728 2.90681 4.1255
1.086 2.07598 3.97898
1.45837 2.33182 2.18741
1.77216 1.33967 1.96478
0.516944 1.04851 5.58745
0.848223 2.26865 4.2517
1.57494 2.11969 1.93119
1.06193 1.3501 4.67807
0.949744 1.87796 4.48122
1.82879 1.63752 0.162123
1.30545 2.45842 2.68692
0.751945 3.55358 1.62056
1.204 2.25976 3.408
1.7105 1.10579 2.66024
1.52231 2.60983 0.00699907
1.95657 0.106178 1.29258
1.32498 3.00542 0.168496
1.88694 1.34769 0.161268
1.43599 2.80311 0.0171909
0.108541 3.99704 0.162041
0.0754929 2.73584 4.38124
1.38907 0.0764568 4.33061
1.19665 0.0663795 4.81926
1.89877 0.103151 1.91796
0.769481 1.76112 4.88012
0.978376 3.17082 2.21469
1.714 2.10935 0.021017
0.906669 2.75449 3.41599
0.910606 1.26273 5.00746
1.28942 1.82592 3.69952
1.54849 0.0848061 3.81362
0.896955 3.58838 0.0264376
0.0885563 3.23437 3.53303
