1.95761 0.870658
0.813193 3.66387
1.91374 1.19956
1.83086 1.63749
1.85283 1.53541
0.962018 3.51734
1.99823 0.33381
1.44214 2.78684
1.89433 1.31714
0.610817 3.81708
1.41001 2.85173
0.864977 3.61634
2.00292 0.193992
1.92308 1.13812
1.69817 2.13401
1.60445 2.40647
0.257097 3.9731
1.47333 2.7209
1.96544 0.796645
1.94094 1.00931
0.702252 3.75405
0.985121 3.49176
1.51858 2.61964
0.435522 3.91123
1.42618 2.81944
1.19636 3.2179
1.79652 1.78319
1.64547 2.29312
1.68522 2.17467
1.6721 2.21478
1.5333 2.58517
0.307039 3.95913
1.25338 3.1301
1.13647 3.30335
1.90415 1.25915
0.578394 3.83709
1.17669 3.2467
1.81957 1.68708
0.889953 3.59213
1.00786 3.4658
1.32566 3.00891
1.74859 1.96449
0.200491 3.98585
1.39356 2.88383
1.87399 1.42893
1.59052 2.44316
1.5764 2.47944
0.731023 3.73214
1.88427 1.37373
1.97292 0.718612
1.97999 0.635598
1.84194 1.58698
1.45783 2.75404
1.61825 2.36926
0.131714 3.99697
1.07374 3.38601
1.50367 2.65377
1.23465 3.15966
1.03018 3.43954
0.938503 3.54256
1.94943 0.941398
0.672662 3.77554
1.48857 2.68755
1.80813 1.73557
1.71104 2.09252
1.76079 1.92042
1.36005 2.94701
1.8635 1.4828
1.27189 3.10016
0.352779 3.94407
0.914513 3.56747
1.72371 2.05052
0.839375 3.64029
0.510035 3.87537
1.09505 3.35869
1.30798 3.03964
1.11591 3.33119
1.73621 2.00794
0.0714879 4.00571
1.65884 2.25428
1.15678 3.27512
1.99274 0.447364
0.544751 3.85659
1.34301 2.97805
0.473603 3.89366
1.29006 3.07005
1.56219 2.51511
1.37694 2.91553
1.93215 1.07479
1.98662 0.546088
1.77283 1.87561
0.642251 3.79653
1.21562 3.18897
1.54782 2.55036
1.63192 2.3315
0.759044 3.70982
0.395329 3.92809
0.786404 3.68708
1.78474 1.82988
1.05211 3.41297
