1.07651 2.61992 3.69989
0.988104 2.05835 4.58473
1.19622 3.20195 1.93255
0.727669 3.74255 1.66668
1.94456 1.21855 1.63851
2.09479 0.0954826 0.253078
0.654206 1.14505 5.63679
1.91137 1.76769 0.252414
1.96391 0.0954826 2.23576
1.70609 0.0954826 3.65266
0.663473 3.61561 2.37776
0.742934 2.24442 4.76783
1.84511 0.0954826 3.00224
1.24517 1.33228 4.64025
1.01379 3.64697 0.253155
0.125446 1.24769 5.84012
0.157684 2.47799 4.91091
2.01258 0.0954826 1.80507
1.61217 1.27509 3.58219
0.716181 3.42523 2.84846
0.199946 4.08912 0.207116
1.04774 0.0954826 5.37173
0.191161 3.7555 2.49794
0.196883 3.9739 1.52985
1.54875 1.80238 3.32464
1.08876 3.07893 2.75727
1.29478 2.44178 3.36047
1.80143 1.90942 1.64287
1.17003 0.0954826 5.15593
1.46324 2.77789 1.81718
2.04135 1.01254 0.252421
0.69044 3.91264 0.252364
0.883861 1.77034 5.00343
1.68972 2.20057 1.86915
1.30816 2.95227 2.19149
0.82126 3.21599 3.152
0.187853 3.62929 2.89195
1.6319 0.0954826 3.93666
0.180522 3.34952 3.57468
2.05838 0.0954826 1.24584
0.171629 3.01016 4.19766
0.16257 2.66446 4.68951
1.34128 3.22246 0.252499
0.962295 2.93323 3.42884
0.860639 3.78935 0.253345
0.756812 0.0954826 5.75797
0.200154 0.0954826 6.08726
1.19747 2.78833 3.05292
1.24308 3.36926 0.254152
0.194177 3.87061 2.05531
1.83509 2.06539 0.252741
1.60362 2.71998 0.253886
1.08878 1.47477 4.87383
0.133118 1.54047 5.68878
1.69349 1.4404 3.08521
1.27128 0.0954826 4.94908
0.743066 1.46587 5.38639
1.4739 2.25949 2.98591
1.39409 2.01986 3.62844
0.184294 3.49351 3.24885
0.571473 0.0954826 5.92308
0.146564 2.05365 5.32466
1.00372 3.34026 2.30429
0.504215 4.00934 0.253869
1.98002 1.42963 0.252666
1.39806 1.20136 4.33457
1.80477 1.1816 2.74917
1.32125 1.74481 4.13883
0.638243 1.92933 5.17243
1.55263 0.0954826 4.2053
0.167224 2.84204 4.45155
1.74557 1.7385 2.42202
1.90943 0.0954826 2.62263
1.14157 3.50268 0.252359
1.8632 1.43461 2.05312
0.670655 3.08123 3.69511
0.176201 3.18463 3.89872
0.969589 1.19877 5.23143
0.100724 0.304303 6.08702
1.3663 0.0954826 4.72854
0.152657 2.28609 5.1123
0.91764 3.54171 1.88078
1.62157 2.01884 2.68529
0.703579 2.58455 4.42279
1.77533 0.0954826 3.35173
0.1158 0.879597 5.97844
1.15516 1.89896 4.4045
1.4268 3.07825 0.252396
1.20067 2.23227 3.9329
0.913861 0.0954826 5.57018
1.52016 2.90072 0.252499
0.957014 2.43383 4.21978
1.46242 0.0954826 4.47535
0.782328 2.80442 3.99887
1.55892 2.45543 2.14119
1.75592 2.32237 0.252731
1.6749 2.54646 0.252547
1.38768 2.62305 2.66228
0.139999 1.80307 5.51922
1.48555 1.44539 3.9035
