1.19316 3.21645 0.160269
0.597319 2.85537 3.81366
1.80744 1.72588 0.161929
1.21777 1.4257 4.26588
0.0994657 3.67707 2.35853
0.63395 3.22106 3.02335
0.0548993 1.97631 5.22012
1.03837 3.20089 1.8332
0.622898 3.61248 1.8013
0.0660769 2.40288 4.79985
0.00867963 0.212335 5.99497
0.834883 3.63944 0.1603
1.39808 2.86789 0.160276
1.51557 2.23362 2.05775
1.35299 2.38405 2.62016
0.104953 3.88648 1.40925
0.0851352 3.13018 3.73669
1.48691 1.12425 3.65828
0.791855 3.33932 2.31843
0.914648 2.71638 3.46156
1.0368 1.73234 4.43689
0.0332727 1.15099 5.75016
1.29293 0.0707838 4.58801
1.19242 0.0655155 4.82649
2.00193 0.108804 0.160405
1.24878 2.21961 3.31734
0.0482264 1.72166 5.41958
1.15933 2.56492 3.03711
0.536275 1.54056 5.30646
0.0960817 3.54793 2.76921
1.59183 1.78425 2.48287
1.89093 0.102102 1.98003
0.874876 3.44001 1.61106
1.92091 1.13389 0.160467
1.2778 2.72115 2.18427
0.0711951 2.5982 4.56465
1.12809 1.99719 3.96115
0.925577 3.0986 2.6079
1.76039 0.095265 2.86554
1.62462 0.0881544 3.5138
1.18646 2.97225 1.89124
1.37833 0.0752536 4.35873
1.82878 0.0988475 2.44988
0.102301 3.78526 1.93391
0.568154 3.83886 0.160259
0.745879 2.58041 4.01458
1.71964 1.60772 1.92459
1.63503 2.0358 1.65798
0.980686 0.0544272 5.2373
0.0236488 0.783717 5.88754
0.0807007 2.96095 4.03584
1.74734 1.95813 0.160315
0.911843 2.20928 4.20068
1.43422 2.55436 1.71364
1.28897 1.82287 3.70061
1.08195 3.36984 0.160262
0.0760156 2.78216 4.31323
1.08656 0.0599759 5.04609
1.49734 2.66048 0.160396
0.107881 3.99639 0.160312
0.0409481 1.4439 5.59936
0.82826 1.95065 4.62273
1.66605 1.23312 2.78
1.54476 0.0839751 3.8241
0.581675 2.13336 4.77589
1.46072 0.0795694 4.11036
0.0924083 3.40774 3.14148
0.943909 1.40803 4.86067
1.96622 0.761628 0.160264
1.35272 1.25922 4.01062
0.0606584 2.19609 5.01822
0.744391 2.99735 3.30236
0.545301 3.46205 2.54028
0.621921 2.41194 4.41908
1.41512 1.67788 3.43074
0.961092 3.51301 0.160874
1.29976 3.04699 0.16094
0.384284 3.92852 0.160265
1.67092 2.20905 0.160568
0.670267 1.75787 5.00996
0.818733 1.21543 5.17115
0.442442 0.0262398 5.85667
1.77415 1.07261 2.28363
0.710041 3.74357 0.161019
1.55323 1.40834 3.15505
1.94562 0.104969 1.42489
0.110866 0.00889516 5.99454
1.8334 1.21581 1.59842
1.86832 1.4434 0.160459
1.58635 2.44528 0.16028
0.590052 1.10651 5.49514
1.05283 2.85456 2.79448
1.0337 2.39401 3.68851
0.741649 0.0419106 5.57902
1.44997 1.9944 2.87382
1.69428 0.0918044 3.20416
0.867876 0.0485178 5.41313
0.60214 0.0346041 5.72771
1.12432 1.14134 4.66937
0.0888699 3.27271 3.45023
