0.962548 2.63825 3.48997
0.0882435 3.18391 3.63805
1.16572 2.97982 1.99518
1.32577 2.77946 1.73077
1.57828 0.0874386 3.70761
1.90909 0.10476 1.83506
0.571578 3.50649 2.35524
1.72013 0.0948655 3.08856
1.6844 2.17957 0.0330521
0.0921662 3.3336 3.3218
1.17617 2.47364 3.15798
1.32314 0.0740738 4.51646
0.826082 1.38737 5.06771
0.54796 1.01347 5.57788
0.646714 0.0386462 5.68762
0.0344241 1.13004 5.76203
1.04008 0.0592527 5.13844
0.104946 3.82133 1.77673
1.9414 1.0113 0.00679103
1.27712 2.09326 3.41406
0.0422361 1.42816 5.61119
1.16813 3.26032 0.0363625
1.18734 1.81957 4.00604
1.01386 1.21515 4.8571
0.0841143 3.02633 3.92972
0.497127 3.8832 0.0349344
1.43057 1.1277 3.8614
1.51879 1.35698 3.36073
0.0954419 3.45861 3.01968
1.45014 2.77196 0.0328553
0.457751 0.0287569 5.84921
0.692292 2.79617 3.7757
1.08508 2.25974 3.75467
1.36085 2.94709 0.0337405
1.635 1.23267 2.95362
0.940823 3.12259 2.50455
1.26032 2.64345 2.48532
0.0756753 2.70427 4.42768
0.605512 3.66459 1.62346
1.69417 1.63582 2.08688
0.583721 3.0841 3.41855
0.839798 3.64095 0.0356314
1.44461 1.90268 3.04522
1.57801 1.75134 2.62547
0.803328 0.046852 5.50602
1.81107 1.72843 0.00730024
2.00422 0.158299 0.0067419
0.0663592 2.34875 4.86352
1.11566 1.45396 4.49635
0.58386 1.62756 5.20692
0.696381 3.75942 0.0332774
0.0553262 1.92771 5.26411
1.63689 2.0248 1.69386
1.07196 2.81935 2.82125
0.0708622 2.52059 4.6656
0.86061 2.42762 4.03042
1.28048 1.26614 4.2214
1.36346 2.30939 2.73284
1.35858 1.65339 3.66497
0.615288 1.96822 4.90135
0.980265 2.02029 4.2828
0.698939 2.23983 4.52459
0.82847 3.41342 1.94308
0.846563 2.95993 3.16377
0.692687 1.16451 5.36392
2.00489 0.110607 0.0323065
0.680547 3.27029 2.81627
1.40782 0.0785145 4.28028
1.44719 2.49187 1.83893
0.0491706 1.69279 5.443
1.74337 1.0979 2.47737
1.78655 1.40773 1.73859
1.06586 3.397 0.0340855
1.51868 2.17895 2.18316
0.0802392 2.87844 4.17276
1.78782 0.0984182 2.72089
1.84986 0.101666 2.31782
1.75438 1.94639 0.0327088
1.23354 0.0693847 4.73872
0.102156 3.71482 2.22929
0.0084343 0.00671256 6.00654
1.86287 1.09456 1.50883
1.13916 0.0644439 4.94631
0.0989336 3.59187 2.64539
1.88143 1.39006 0.0312679
0.0610581 2.14645 5.06983
1.65156 0.0912766 3.40857
0.0244145 0.748047 5.90021
0.932792 0.053633 5.31995
1.0342 3.22954 1.75711
0.952112 3.52917 0.0354785
0.884197 1.77891 4.69129
1.49598 0.0831312 4.00257
0.110899 4.00028 0.0395602
1.26445 3.11326 0.0381365
1.52771 2.59878 0.0215393
1.96225 0.107548 1.22997
0.592558 2.57874 4.24614
0.107612 3.92306 1.1728
1.60735 2.40027 0.0334815
