1.25703 0.0697628 4.67993
0.84795 2.55212 3.87508
0.802642 0.0459638 5.50484
1.27351 2.15727 3.33079
1.21087 3.19224 0.161868
1.72189 1.58802 1.9533
1.52061 0.0835659 3.91424
0.453249 3.90802 0.0155039
0.569933 3.17687 3.23983
0.856133 3.42424 1.77844
0.0712042 2.56402 4.61011
1.00897 3.47104 0.0129128
0.0529744 1.86839 5.31059
0.78409 1.64989 4.94686
1.35299 0.0747876 4.43296
1.16477 2.55504 3.04302
0.00963097 0.2142 5.99582
1.36947 1.69323 3.58226
1.64419 1.97024 1.76311
1.74172 0.0951497 2.97212
1.29884 1.3547 4.10406
0.54238 1.77315 5.13749
1.01047 1.3378 4.78778
1.24695 2.71096 2.37323
1.05789 0.0593333 5.10313
0.643444 3.80101 0.0140813
0.971686 3.20745 2.12228
1.54486 2.32636 1.58579
1.60201 0.0878297 3.61051
1.3489 2.35367 2.70657
1.89722 1.30593 0.0150537
1.49212 2.68653 0.0173035
0.0856157 3.11399 3.76975
0.618694 3.54104 2.11453
1.15541 0.0644398 4.90956
1.65452 1.21731 2.86325
1.71214 2.08596 0.00910144
1.06261 2.9051 2.64637
1.92607 0.104802 1.65733
0.107032 3.93145 1.1
0.464414 0.0282508 5.84299
1.32311 2.81164 1.61902
1.82733 1.20598 1.68743
0.788663 3.68199 0.163738
1.11482 3.33988 0.0207078
2.00819 0.114157 0.0138079
1.50101 2.14336 2.35731
1.80981 0.098716 2.58025
0.0975462 3.56929 2.71024
1.65163 2.28202 0.020599
1.19174 1.92315 3.8797
0.641356 1.32135 5.33719
0.936038 0.0529498 5.31252
1.0777 2.36474 3.62197
1.09813 1.69249 4.3417
1.57864 2.48291 0.0139927
0.0940744 3.43693 3.07214
1.7631 1.06769 2.37248
1.44521 1.9129 3.0227
1.18997 1.1383 4.52624
1.30995 3.04533 0.014632
0.699522 2.36409 4.37639
0.907179 3.58247 0.0148715
1.43352 0.0790046 4.19929
0.867563 1.10558 5.15781
0.952213 2.74368 3.32433
0.688317 3.32728 2.63841
1.42064 2.53008 1.89772
0.0814562 2.95541 4.04745
0.0263833 0.85368 5.86685
1.45504 1.14052 3.76551
0.973895 2.16695 4.12856
1.87246 0.101993 2.14027
1.40717 2.86409 0.0122017
0.0764871 2.76562 4.33941
0.113897 4.00343 0.0241884
0.522829 1.03435 5.58897
0.109409 0.00965791 5.99582
1.15403 3.05273 1.78961
0.0457004 1.59071 5.51054
0.0899886 3.281 3.43533
0.879504 1.92018 4.56956
1.84181 1.59725 0.0117431
0.0656497 2.3522 4.85805
0.532532 3.7274 1.51932
0.64782 0.0378565 5.68469
0.104055 3.81781 1.78893
1.59092 1.72121 2.59356
0.0369443 1.25658 5.70157
0.845135 3.05505 2.95219
1.78089 1.8549 0.0120591
1.97667 0.107451 0.983073
0.574637 2.6784 4.1247
0.677011 2.90109 3.61553
0.0596334 2.1226 5.09081
1.6743 0.0916155 3.30231
0.594093 2.14869 4.74959
0.100753 3.69165 2.31083
1.53551 1.36506 3.27927
1.94564 0.982104 0.0120387
