2.02538 1.14325
0.392088 4.05094
1.42323 3.0862
1.99843 1.32472
0.543771 3.99336
2.05727 0.870986
2.07116 0.714082
1.94834 1.59994
1.18685 3.4469
1.10081 3.5529
0.962936 3.69919
1.59746 2.73595
0.986786 3.67583
2.03382 1.07899
1.53027 2.88143
1.28916 3.30433
1.45969 3.01983
2.08856 0.422081
1.3859 3.15087
1.83097 2.08245
1.85626 1.99137
2.00766 1.26601
0.671231 3.92577
0.75751 3.86958
1.62974 2.66066
0.811771 3.82973
0.640893 3.9435
2.09304 0.283917
1.97912 1.43839
0.158066 4.09327
0.577323 3.97731
1.34782 3.21362
0.91427 3.74446
1.2691 3.3338
1.12271 3.52705
1.73576 2.38321
1.93763 1.65166
1.88066 1.89778
0.347295 4.06335
0.433416 4.03765
1.32846 3.24432
1.70658 2.46472
1.76407 2.29979
1.4954 2.95152
1.67649 2.54445
0.609644 3.96068
1.44157 3.05323
1.818 2.12711
0.938806 3.72204
1.84371 2.03726
1.40467 3.11876
2.08331 0.531522
0.838106 3.80909
1.96908 1.49347
1.47764 2.9859
2.07748 0.627128
1.22843 3.39123
1.5643 2.80955
1.20778 3.41926
0.508797 4.0088
1.7779 2.25733
1.1443 3.50082
1.01024 3.65209
0.472135 4.02358
1.92671 1.7024
2.06441 0.794894
1.5474 2.84569
1.03336 3.62791
1.80484 2.1711
1.66111 2.58367
1.6137 2.69855
1.64553 2.6224
1.98891 1.38212
1.581 2.77296
1.36697 3.18246
0.784875 3.84993
1.90415 1.80152
1.05618 3.60329
2.04195 1.01251
0.239288 4.08486
1.2489 3.36271
1.86857 1.94489
1.75002 2.34176
0.700705 3.90755
2.04978 0.943322
0.889335 3.76644
1.89252 1.85002
0.729458 3.8888
1.91553 1.75242
1.69166 2.50478
1.16571 3.47406
1.72129 2.42417
1.95882 1.54724
0.297536 4.07473
1.51295 2.91668
1.79147 2.2145
1.07866 3.57829
1.30888 3.27461
2.01666 1.20551
0.863953 3.78799
