0.939303 3.72158
2.02629 1.13658
1.87386 1.92453
1.61596 2.69328
1.0571 3.6023
1.4592 3.02075
1.14388 3.50135
0.560691 3.98542
1.67445 2.54973
1.84907 2.01785
1.88594 1.87675
1.81091 2.151
0.692583 3.91268
1.22509 3.39583
1.12276 3.527
0.24354 4.08424
1.49188 2.95842
2.06832 0.749394
1.33827 3.22888
1.16469 3.47537
2.09303 0.284581
1.52381 2.89468
1.93274 1.67466
2.03538 1.06661
1.8365 2.06306
0.445866 4.0333
1.75805 2.31795
0.158072 4.09328
1.90968 1.77794
1.24462 3.36874
1.50793 2.92674
1.74447 2.35806
0.963759 3.69841
0.5955 3.9681
1.73076 2.39753
1.70291 2.47468
1.30161 3.28566
0.486179 4.01809
1.86159 1.97147
1.78482 2.23566
0.914322 3.74443
2.01685 1.2042
1.3914 3.14155
1.26391 3.34131
1.66007 2.58631
1.40869 3.11179
2.07548 0.656286
0.836198 3.81062
0.722922 3.89316
0.356187 4.06106
1.10122 3.55243
1.94398 1.62128
1.8979 1.82783
1.20524 3.42266
1.97656 1.45269
1.47564 2.98975
1.58587 2.76213
0.661306 3.9317
1.53956 2.86218
0.62897 3.95019
1.7169 2.43641
1.55513 2.8293
0.987782 3.67485
1.98697 1.39355
1.42573 3.08177
1.96592 1.51032
1.03444 3.62678
0.780995 3.85278
2.08207 0.553672
0.8628 3.78896
2.05263 0.916646
0.809005 3.83186
1.99723 1.33212
2.08799 0.435734
1.95507 1.56639
1.32005 3.25744
1.2829 3.31362
1.44256 3.05143
0.402834 4.04766
1.0113 3.65101
1.79793 2.1937
0.304313 4.07334
1.18514 3.44914
1.37391 3.17098
0.888813 3.7669
2.06068 0.8357
1.35619 3.20011
1.64551 2.62245
2.00715 1.26934
1.07935 3.57751
1.9213 1.72686
1.82378 2.10739
1.63082 2.65809
1.68879 2.51239
2.04417 0.993469
1.77149 2.27718
1.601 2.72791
1.57057 2.79594
0.524336 4.00211
0.752377 3.87318
