1.51282 2.63369
1.41524 2.84205
1.06294 3.40009
1.84062 1.59439
1.66272 2.24374
1.70404 2.11622
1.63418 2.32605
1.89441 1.3183
1.9416 1.00619
1.95013 0.937687
0.839285 3.64082
1.20176 3.21044
1.92361 1.13629
1.12395 3.32094
0.535549 3.86206
1.93275 1.07235
1.71741 2.07257
1.57483 2.48425
0.0840869 4.00213
1.86286 1.48745
1.36425 2.93991
0.93302 3.5488
1.2576 3.12393
1.82917 1.64628
0.977593 3.50067
0.910185 3.57234
1.75632 1.93779
0.814755 3.66293
1.55956 2.52243
1.08354 3.37407
1.91416 1.19859
0.886991 3.5955
1.67668 2.20183
1.74355 1.98338
1.6196 2.36643
0.764241 3.706
0.567099 3.84415
1.87362 1.43229
1.32942 3.00293
1.48093 2.70511
1.02086 3.45111
1.38139 2.90779
1.58993 2.44551
1.52855 2.59716
0.219687 3.98217
0.396261 3.92804
0.26986 3.97007
2.00329 0.194171
1.79361 1.79601
0.863348 3.61835
0.789725 3.68468
1.99328 0.442032
0.738128 3.72699
1.16335 3.26638
1.44838 2.77459
0.711457 3.74756
0.315164 3.95692
1.88414 1.37595
1.18268 3.23858
0.597689 3.82571
0.35699 3.94288
0.161478 3.99301
1.49695 2.66965
1.73058 2.0283
1.3984 2.87515
1.99869 0.328536
1.46473 2.7401
1.76892 1.89141
1.2206 3.18196
0.468879 3.89627
1.34696 2.97156
1.10387 3.34769
0.6561 3.7875
1.04203 3.4258
1.64856 2.28513
1.31172 3.03383
1.60483 2.40631
1.98723 0.540791
1.90444 1.25908
1.27584 3.09429
1.69048 2.15927
1.96615 0.792206
0.502896 3.87942
0.999374 3.47608
1.85187 1.54141
0.955489 3.5249
1.81751 1.69719
1.95829 0.866767
1.97359 0.714019
1.54415 2.56003
1.29387 3.06427
0.684124 3.76774
1.80565 1.74707
1.14379 3.29382
0.433403 3.9125
1.43188 2.80857
0.62737 3.80679
1.98065 0.630496
1.23921 3.15313
1.78138 1.84406
