1.74354 1.97804 0.161756
0.624564 3.8221 0.0400411
1.29245 2.8095 1.84138
0.885228 2.57602 3.76561
1.68661 1.36497 2.52974
1.03344 2.76097 3.06746
0.168032 3.99464 0.0108443
0.736307 3.5163 1.85835
1.39868 2.52283 2.06446
1.4379 0.0797357 4.188
0.0871951 3.15427 3.69502
1.41744 1.9001 3.15951
1.02075 3.44839 0.165003
1.15872 1.95214 3.9391
0.106119 3.87645 1.48054
1.3954 1.12944 3.97282
2.0033 0.109347 0.161805
0.0779413 2.80112 4.28909
1.05867 1.70761 4.4179
1.3232 3.01046 0.161743
1.60216 0.0883383 3.61255
0.573769 3.41177 2.64402
0.0731248 2.61731 4.54333
0.600735 2.17229 4.71958
1.31877 2.34322 2.86006
1.139 0.064082 4.94551
0.855193 1.93124 4.60228
1.14244 2.95985 2.17253
1.49594 1.33731 3.46719
0.0101462 0.213905 5.99643
1.6825 0.0925462 3.2676
1.58595 2.45153 0.162174
0.693226 2.41261 4.3275
1.9425 0.988609 0.161725
1.83206 0.100379 2.43887
1.81707 1.70996 0.0158525
0.0825006 2.97511 4.0162
0.680027 3.19318 3.008
1.78887 1.04603 2.22039
1.15575 1.15127 4.59997
0.972001 1.30405 4.88107
1.25592 3.1314 0.0188844
0.0279625 0.893814 5.85413
1.62563 1.94584 1.97284
0.941562 3.0636 2.6592
0.382146 0.0244405 5.89676
0.957565 2.19943 4.12651
1.95719 0.106932 1.29523
1.2443 0.0695967 4.71217
1.73253 1.6408 1.7674
2.00874 0.240233 0.0212895
0.0569203 1.99891 5.20342
0.04422 1.51424 5.55971
1.03925 0.058858 5.1389
1.89921 0.103895 1.92158
0.0680419 2.42333 4.77975
1.0677 3.20325 1.68094
0.0508592 1.76761 5.3887
1.33292 1.68781 3.71242
1.66478 2.23614 0.0285036
0.563538 3.02721 3.55902
1.48046 2.13484 2.49233
1.34353 0.0747936 4.4607
0.644051 1.7979 5.01319
0.0626556 2.21778 4.99961
1.14819 3.29869 0.0231341
1.2512 1.38593 4.21448
1.50208 2.6586 0.019563
0.81868 2.89313 3.36087
0.556234 0.033558 5.77183
1.39378 2.9061 0.0221482
0.0368758 1.23397 5.71347
1.44601 2.77577 0.162216
0.0996177 3.62834 2.52934
0.0957631 3.48124 2.95941
1.25221 2.16611 3.39302
1.56069 1.68486 2.8077
0.109299 3.99781 0.161998
0.427781 3.91271 0.162193
0.819389 0.0473433 5.48392
0.553885 3.6814 1.69842
1.5384 2.3184 1.67315
1.84671 1.18336 1.53296
0.761821 3.70545 0.162083
1.88318 1.37351 0.161749
1.75794 0.0964977 2.88833
0.0916121 3.32283 3.34516
0.605444 1.19894 5.43995
1.62653 1.11447 3.09574
0.103062 3.75977 2.05065
0.109394 0.0101596 5.99644
1.09027 2.41002 3.5225
1.21229 2.64562 2.68456
1.52773 0.0844411 3.89164
0.694425 0.0407987 5.63631
0.86687 3.31643 2.15682
0.626423 2.73128 3.97874
0.76406 1.37054 5.16337
0.903196 3.58095 0.0144419
0.933364 0.0533124 5.3181
