0.690222 3.91416
0.720645 3.89467
1.08104 3.57562
1.69051 2.50786
1.99609 1.33916
1.76056 2.31043
0.354631 4.06148
0.963638 3.69854
1.81362 2.14194
1.40156 3.12416
1.85166 2.0084
0.521954 4.00316
1.82646 2.0982
1.934 1.66879
0.887871 3.76773
2.00557 1.27966
1.25038 3.36064
1.16827 3.47084
1.70485 2.46947
1.12534 3.52392
0.834697 3.81183
1.95563 1.56362
1.3468 3.21528
1.48822 2.96556
0.779082 3.85418
1.41934 3.09313
2.03235 1.09056
2.04069 1.02322
0.938877 3.72199
1.32805 3.24499
1.98634 1.39723
0.861551 3.79
1.38355 3.15487
1.53766 2.86615
2.09303 0.284079
1.60088 2.7282
1.10336 3.54995
1.4542 3.03007
2.0637 0.802954
2.04872 0.953099
1.88812 1.86797
1.01187 3.65043
0.658877 3.93314
0.626514 3.95156
0.400992 4.04824
0.987977 3.67467
1.5049 2.93279
0.593007 3.9694
1.23031 3.38867
0.242781 4.08436
0.303083 4.0736
2.0771 0.632946
1.52138 2.89966
1.18925 3.4438
1.27022 3.3322
1.73303 2.39106
0.807213 3.83323
1.864 1.96239
1.03531 3.62587
0.483921 4.019
1.97635 1.45389
2.02371 1.15558
1.20993 3.4164
1.94492 1.61676
1.74688 2.35104
1.36529 3.18524
1.05837 3.60091
1.4713 2.99801
1.8006 2.18505
1.8999 1.81951
1.64645 2.62017
1.43688 3.06177
0.55822 3.98661
1.63144 2.65662
1.30904 3.2744
2.07063 0.721035
0.913623 3.74506
1.55375 2.83226
1.92286 1.71992
2.08307 0.536096
1.676 2.54578
1.66132 2.58319
1.28976 3.30348
2.05639 0.879975
1.9661 1.50938
1.78742 2.22746
1.71903 2.43051
0.158078 4.09328
1.61625 2.69263
1.56964 2.79798
1.58535 2.7633
1.14697 3.49755
2.01478 1.21853
0.4438 4.03405
1.91149 1.77014
1.77408 2.26923
1.83914 2.05368
1.87615 1.91559
0.750239 3.87467
2.08844 0.425196
