0.992964062689523
0.992964062689523
0.992964062689523
0.992964062689523
0.992964062689523
0.992964062689523
0.992964062689523
0.992964062689523
0.992964062689523
0.992964062689523
0.992964062689523
0.992964062689523
0.992964062689523
0.992964062689523
0.992964062689523
0.992964062689523
0.992964062689523
0.992964062689523
0.992964062689523
0.992964062689523
0.992964062689523
0.992964062689523
0.992964062689523
0.992964062689523
0.992964062689523
0.992964062689523
0.992964062689523
0.992964062689523
0.992964062689523
0.992964062689523
0.992964062689523
0.992964062689523
0.992964062689523
0.992964062689523
0.992964062689523
