0.74175573144656
0.74175573144656
0.74175573144656
0.74175573144656
0.74175573144656
0.74175573144656
0.74175573144656
0.74175573144656
0.74175573144656
0.74175573144656
0.74175573144656
0.74175573144656
0.74175573144656
0.74175573144656
0.74175573144656
0.74175573144656
0.74175573144656
0.74175573144656
0.74175573144656
0.74175573144656
0.74175573144656
0.74175573144656
0.74175573144656
0.74175573144656
0.74175573144656
0.74175573144656
0.74175573144656
0.74175573144656
0.74175573144656
0.74175573144656
0.74175573144656
0.74175573144656
0.74175573144656
0.74175573144656
0.74175573144656
