0.991696768660873
0.991696768660873
0.991696768660873
0.991696768660873
0.991696768660873
0.991696768660873
0.991696768660873
0.991696768660873
0.991696768660873
0.991696768660873
0.991696768660873
0.991696768660873
0.991696768660873
0.991696768660873
0.991696768660873
0.991696768660873
0.991696768660873
0.991696768660873
0.991696768660873
0.991696768660873
0.991696768660873
0.991696768660873
0.991696768660873
0.991696768660873
0.991696768660873
0.991696768660873
0.991696768660873
0.991696768660873
0.991696768660873
0.991696768660873
0.991696768660873
0.991696768660873
0.991696768660873
0.991696768660873
0.991696768660873
