0.99171797960224
0.99171797960224
0.99171797960224
0.99171797960224
0.99171797960224
0.99171797960224
0.99171797960224
0.99171797960224
0.99171797960224
0.99171797960224
0.99171797960224
0.99171797960224
0.99171797960224
0.99171797960224
0.99171797960224
0.99171797960224
0.99171797960224
0.99171797960224
0.99171797960224
0.99171797960224
0.99171797960224
0.99171797960224
0.99171797960224
0.99171797960224
0.99171797960224
0.99171797960224
0.99171797960224
0.99171797960224
0.99171797960224
0.99171797960224
0.99171797960224
0.99171797960224
0.99171797960224
0.99171797960224
0.99171797960224
