0.968320840563569
0.968320840563569
0.968320840563569
0.968320840563569
0.968320840563569
0.968320840563569
0.968320840563569
0.968320840563569
0.968320840563569
0.968320840563569
0.968320840563569
0.968320840563569
0.968320840563569
0.968320840563569
0.968320840563569
0.968320840563569
0.968320840563569
0.968320840563569
0.968320840563569
0.968320840563569
0.968320840563569
0.968320840563569
0.968320840563569
0.968320840563569
0.968320840563569
0.968320840563569
0.968320840563569
0.968320840563569
0.968320840563569
0.968320840563569
0.968320840563569
0.968320840563569
0.968320840563569
0.968320840563569
0.968320840563569
