0.997371751746276
0.997371751746276
0.997371751746276
0.997371751746276
0.997371751746276
0.997371751746276
0.997371751746276
0.997371751746276
0.997371751746276
0.997371751746276
0.997371751746276
0.997371751746276
0.997371751746276
0.997371751746276
0.997371751746276
0.997371751746276
0.997371751746276
0.997371751746276
0.997371751746276
0.997371751746276
0.997371751746276
0.997371751746276
0.997371751746276
0.997371751746276
0.997371751746276
0.997371751746276
0.997371751746276
0.997371751746276
0.997371751746276
0.997371751746276
0.997371751746276
0.997371751746276
0.997371751746276
0.997371751746276
0.997371751746276
