0.749127467686403
0.749127467686403
0.749127467686403
0.749127467686403
0.749127467686403
0.749127467686403
0.749127467686403
0.749127467686403
0.749127467686403
0.749127467686403
0.749127467686403
0.749127467686403
0.749127467686403
0.749127467686403
0.749127467686403
0.749127467686403
0.749127467686403
0.749127467686403
0.749127467686403
0.749127467686403
0.749127467686403
0.749127467686403
0.749127467686403
0.749127467686403
0.749127467686403
0.749127467686403
0.749127467686403
0.749127467686403
0.749127467686403
0.749127467686403
0.749127467686403
0.749127467686403
0.749127467686403
0.749127467686403
0.749127467686403
