0.832273747697181
0.832273747697181
0.832273747697181
0.832273747697181
0.832273747697181
0.832273747697181
0.832273747697181
0.832273747697181
0.832273747697181
0.832273747697181
0.832273747697181
0.832273747697181
0.832273747697181
0.832273747697181
0.832273747697181
0.832273747697181
0.832273747697181
0.832273747697181
0.832273747697181
0.832273747697181
0.832273747697181
0.832273747697181
0.832273747697181
0.832273747697181
0.832273747697181
0.832273747697181
0.832273747697181
0.832273747697181
0.832273747697181
0.832273747697181
0.832273747697181
0.832273747697181
0.832273747697181
0.832273747697181
0.832273747697181
