0.584152706703063
0.584152706703063
0.584152706703063
0.584152706703063
0.584152706703063
0.584152706703063
0.584152706703063
0.584152706703063
0.584152706703063
0.584152706703063
0.584152706703063
0.584152706703063
0.584152706703063
0.584152706703063
0.584152706703063
0.584152706703063
0.584152706703063
0.584152706703063
0.584152706703063
0.584152706703063
0.584152706703063
0.584152706703063
0.584152706703063
0.584152706703063
0.584152706703063
0.584152706703063
0.584152706703063
0.584152706703063
0.584152706703063
0.584152706703063
0.584152706703063
0.584152706703063
0.584152706703063
0.584152706703063
0.584152706703063
