0.896882423942199
0.896882423942199
0.896882423942199
0.896882423942199
0.896882423942199
0.896882423942199
0.896882423942199
0.896882423942199
0.896882423942199
0.896882423942199
0.896882423942199
0.896882423942199
0.896882423942199
0.896882423942199
0.896882423942199
0.896882423942199
0.896882423942199
0.896882423942199
0.896882423942199
0.896882423942199
0.896882423942199
0.896882423942199
0.896882423942199
0.896882423942199
0.896882423942199
0.896882423942199
0.896882423942199
0.896882423942199
0.896882423942199
0.896882423942199
0.896882423942199
0.896882423942199
0.896882423942199
0.896882423942199
0.896882423942199
