0.956910372683508
0.956910372683508
0.956910372683508
0.956910372683508
0.956910372683508
0.956910372683508
0.956910372683508
0.956910372683508
0.956910372683508
0.956910372683508
0.956910372683508
0.956910372683508
0.956910372683508
0.956910372683508
0.956910372683508
0.956910372683508
0.956910372683508
0.956910372683508
0.956910372683508
0.956910372683508
0.956910372683508
0.956910372683508
0.956910372683508
0.956910372683508
0.956910372683508
0.956910372683508
0.956910372683508
0.956910372683508
0.956910372683508
0.956910372683508
0.956910372683508
0.956910372683508
0.956910372683508
0.956910372683508
0.956910372683508
