0.939876026099952
0.939876026099952
0.939876026099952
0.939876026099952
0.939876026099952
0.939876026099952
0.939876026099952
0.939876026099952
0.939876026099952
0.939876026099952
0.939876026099952
0.939876026099952
0.939876026099952
0.939876026099952
0.939876026099952
0.939876026099952
0.939876026099952
0.939876026099952
0.939876026099952
0.939876026099952
0.939876026099952
0.939876026099952
0.939876026099952
0.939876026099952
0.939876026099952
0.939876026099952
0.939876026099952
0.939876026099952
0.939876026099952
0.939876026099952
0.939876026099952
0.939876026099952
0.939876026099952
0.939876026099952
0.939876026099952
