0.983146041122737
0.983146041122737
0.983146041122737
0.983146041122737
0.983146041122737
0.983146041122737
0.983146041122737
0.983146041122737
0.983146041122737
0.983146041122737
0.983146041122737
0.983146041122737
0.983146041122737
0.983146041122737
0.983146041122737
0.983146041122737
0.983146041122737
0.983146041122737
0.983146041122737
0.983146041122737
0.983146041122737
0.983146041122737
0.983146041122737
0.983146041122737
0.983146041122737
0.983146041122737
0.983146041122737
0.983146041122737
0.983146041122737
0.983146041122737
0.983146041122737
0.983146041122737
0.983146041122737
0.983146041122737
0.983146041122737
