0.530711056031825
0.530711056031825
0.530711056031825
0.530711056031825
0.530711056031825
0.530711056031825
0.530711056031825
0.530711056031825
0.530711056031825
0.530711056031825
0.530711056031825
0.530711056031825
0.530711056031825
0.530711056031825
0.530711056031825
0.530711056031825
0.530711056031825
0.530711056031825
0.530711056031825
0.530711056031825
0.530711056031825
0.530711056031825
0.530711056031825
0.530711056031825
0.530711056031825
0.530711056031825
0.530711056031825
0.530711056031825
0.530711056031825
0.530711056031825
0.530711056031825
0.530711056031825
0.530711056031825
0.530711056031825
0.530711056031825
