0.978086097883942
0.978086097883942
0.978086097883942
0.978086097883942
0.978086097883942
0.978086097883942
0.978086097883942
0.978086097883942
0.978086097883942
0.978086097883942
0.978086097883942
0.978086097883942
0.978086097883942
0.978086097883942
0.978086097883942
0.978086097883942
0.978086097883942
0.978086097883942
0.978086097883942
0.978086097883942
0.978086097883942
0.978086097883942
0.978086097883942
0.978086097883942
0.978086097883942
0.978086097883942
0.978086097883942
0.978086097883942
0.978086097883942
0.978086097883942
0.978086097883942
0.978086097883942
0.978086097883942
0.978086097883942
0.978086097883942
