0.816402813434605
0.816402813434605
0.816402813434605
0.816402813434605
0.816402813434605
0.816402813434605
0.816402813434605
0.816402813434605
0.816402813434605
0.816402813434605
0.816402813434605
0.816402813434605
0.816402813434605
0.816402813434605
0.816402813434605
0.816402813434605
0.816402813434605
0.816402813434605
0.816402813434605
0.816402813434605
0.816402813434605
0.816402813434605
0.816402813434605
0.816402813434605
0.816402813434605
0.816402813434605
0.816402813434605
0.816402813434605
0.816402813434605
0.816402813434605
0.816402813434605
0.816402813434605
0.816402813434605
0.816402813434605
0.816402813434605
