0.988528680775444
0.988528680775444
0.988528680775444
0.988528680775444
0.988528680775444
0.988528680775444
0.988528680775444
0.988528680775444
0.988528680775444
0.988528680775444
0.988528680775444
0.988528680775444
0.988528680775444
0.988528680775444
0.988528680775444
0.988528680775444
0.988528680775444
0.988528680775444
0.988528680775444
0.988528680775444
0.988528680775444
0.988528680775444
0.988528680775444
0.988528680775444
0.988528680775444
0.988528680775444
0.988528680775444
0.988528680775444
0.988528680775444
0.988528680775444
0.988528680775444
0.988528680775444
0.988528680775444
0.988528680775444
0.988528680775444
