0.994376191370321
0.994376191370321
0.994376191370321
0.994376191370321
0.994376191370321
0.994376191370321
0.994376191370321
0.994376191370321
0.994376191370321
0.994376191370321
0.994376191370321
0.994376191370321
0.994376191370321
0.994376191370321
0.994376191370321
0.994376191370321
0.994376191370321
0.994376191370321
0.994376191370321
0.994376191370321
0.994376191370321
0.994376191370321
0.994376191370321
0.994376191370321
0.994376191370321
0.994376191370321
0.994376191370321
0.994376191370321
0.994376191370321
0.994376191370321
0.994376191370321
0.994376191370321
0.994376191370321
0.994376191370321
0.994376191370321
