0.995046064853058
0.995046064853058
0.995046064853058
0.995046064853058
0.995046064853058
0.995046064853058
0.995046064853058
0.995046064853058
0.995046064853058
0.995046064853058
0.995046064853058
0.995046064853058
0.995046064853058
0.995046064853058
0.995046064853058
0.995046064853058
0.995046064853058
0.995046064853058
0.995046064853058
0.995046064853058
0.995046064853058
0.995046064853058
0.995046064853058
0.995046064853058
0.995046064853058
0.995046064853058
0.995046064853058
0.995046064853058
0.995046064853058
0.995046064853058
0.995046064853058
0.995046064853058
0.995046064853058
0.995046064853058
0.995046064853058
