0.991526510749177
0.991526510749177
0.991526510749177
0.991526510749177
0.991526510749177
0.991526510749177
0.991526510749177
0.991526510749177
0.991526510749177
0.991526510749177
0.991526510749177
0.991526510749177
0.991526510749177
0.991526510749177
0.991526510749177
0.991526510749177
0.991526510749177
0.991526510749177
0.991526510749177
0.991526510749177
0.991526510749177
0.991526510749177
0.991526510749177
0.991526510749177
0.991526510749177
0.991526510749177
0.991526510749177
0.991526510749177
0.991526510749177
0.991526510749177
0.991526510749177
0.991526510749177
0.991526510749177
0.991526510749177
0.991526510749177
