0.887905158754483
0.887905158754483
0.887905158754483
0.887905158754483
0.887905158754483
0.887905158754483
0.887905158754483
0.887905158754483
0.887905158754483
0.887905158754483
0.887905158754483
0.887905158754483
0.887905158754483
0.887905158754483
0.887905158754483
0.887905158754483
0.887905158754483
0.887905158754483
0.887905158754483
0.887905158754483
0.887905158754483
0.887905158754483
0.887905158754483
0.887905158754483
0.887905158754483
0.887905158754483
0.887905158754483
0.887905158754483
0.887905158754483
0.887905158754483
0.887905158754483
0.887905158754483
0.887905158754483
0.887905158754483
0.887905158754483
