0.869016695231275
0.869016695231275
0.869016695231275
0.869016695231275
0.869016695231275
0.869016695231275
0.869016695231275
0.869016695231275
0.869016695231275
0.869016695231275
0.869016695231275
0.869016695231275
0.869016695231275
0.869016695231275
0.869016695231275
0.869016695231275
0.869016695231275
0.869016695231275
0.869016695231275
0.869016695231275
0.869016695231275
0.869016695231275
0.869016695231275
0.869016695231275
0.869016695231275
0.869016695231275
0.869016695231275
0.869016695231275
0.869016695231275
0.869016695231275
0.869016695231275
0.869016695231275
0.869016695231275
0.869016695231275
0.869016695231275
