0.991668620340289
0.991668620340289
0.991668620340289
0.991668620340289
0.991668620340289
0.991668620340289
0.991668620340289
0.991668620340289
0.991668620340289
0.991668620340289
0.991668620340289
0.991668620340289
0.991668620340289
0.991668620340289
0.991668620340289
0.991668620340289
0.991668620340289
0.991668620340289
0.991668620340289
0.991668620340289
0.991668620340289
0.991668620340289
0.991668620340289
0.991668620340289
0.991668620340289
0.991668620340289
0.991668620340289
0.991668620340289
0.991668620340289
0.991668620340289
0.991668620340289
0.991668620340289
0.991668620340289
0.991668620340289
0.991668620340289
