0.94677125142546
0.94677125142546
0.94677125142546
0.94677125142546
0.94677125142546
0.94677125142546
0.94677125142546
0.94677125142546
0.94677125142546
0.94677125142546
0.94677125142546
0.94677125142546
0.94677125142546
0.94677125142546
0.94677125142546
0.94677125142546
0.94677125142546
0.94677125142546
0.94677125142546
0.94677125142546
0.94677125142546
0.94677125142546
0.94677125142546
0.94677125142546
0.94677125142546
0.94677125142546
0.94677125142546
0.94677125142546
0.94677125142546
0.94677125142546
0.94677125142546
0.94677125142546
0.94677125142546
0.94677125142546
0.94677125142546
