0.922966644719695
0.922966644719695
0.922966644719695
0.922966644719695
0.922966644719695
0.922966644719695
0.922966644719695
0.922966644719695
0.922966644719695
0.922966644719695
0.922966644719695
0.922966644719695
0.922966644719695
0.922966644719695
0.922966644719695
0.922966644719695
0.922966644719695
0.922966644719695
0.922966644719695
0.922966644719695
0.922966644719695
0.922966644719695
0.922966644719695
0.922966644719695
0.922966644719695
0.922966644719695
0.922966644719695
0.922966644719695
0.922966644719695
0.922966644719695
0.922966644719695
0.922966644719695
0.922966644719695
0.922966644719695
0.922966644719695
